thickness (mm);transmission
0.1; 0.6818479873694793
0.11; 0.6562303605905355
0.12; 0.6315752105130588
0.13; 0.6078463760434059
0.13999999999999999; 0.5850090546919307
0.14999999999999997; 0.5630297515290401
0.15999999999999998; 0.541876230059017
0.16999999999999998; 0.5215174649395553
0.17999999999999997; 0.5019235964776647
0.18999999999999995; 0.4830658868352039
0.19999999999999996; 0.4649166778798096
0.20999999999999996; 0.4474493506194044
0.21999999999999995; 0.4306382861607844
0.22999999999999995; 0.41445882813502805
0.23999999999999994; 0.3988872465346146
0.24999999999999992; 0.38390070290921413
0.2599999999999999; 0.3694772168691018
0.2699999999999999; 0.3555956338470688
0.2799999999999999; 0.34223559407154647
0.2899999999999999; 0.3293775027054364
0.29999999999999993; 0.3170025011068527
0.30999999999999994; 0.3050924391696213
0.3199999999999999; 0.29362984870297276
0.32999999999999985; 0.2825979178113819
0.33999999999999986; 0.27198046623698036
0.34999999999999987; 0.2617619216283761
0.3599999999999999; 0.2519272967010737
0.3699999999999999; 0.24246216725599815
0.3799999999999999; 0.233352651023882
0.3899999999999999; 0.22458538730448704
0.3999999999999998; 0.21614751737079876
0.4099999999999998; 0.2080266656094517
0.4199999999999998; 0.20021092136972676
0.4299999999999998; 0.1926888214944963
0.43999999999999984; 0.1854493335074977
0.44999999999999984; 0.17848183943227558
0.45999999999999985; 0.17177612021906075
0.46999999999999986; 0.1653223407567444
0.47999999999999976; 0.1591110354479665
0.48999999999999977; 0.1531330943261596
0.4999999999999998; 0.1473797496941887
0.5099999999999998; 0.14184256326498834
0.5199999999999998; 0.13651341378533727
0.5299999999999998; 0.13138448512461914
0.5399999999999998; 0.12644825481109864
0.5499999999999998; 0.1216974829988997
0.5599999999999997; 0.11712520184950437
0.5699999999999997; 0.11272470531219747
0.5799999999999997; 0.10848953928846981
0.5899999999999997; 0.10441349216595255
0.5999999999999998; 0.1004905857080002
0.6099999999999998; 0.09671506628556034
0.6199999999999998; 0.09308139643846913
0.6299999999999997; 0.08958424675379692
0.6399999999999997; 0.08621848804933072
0.6499999999999997; 0.0829791838507312
0.6599999999999997; 0.07986158315132856
0.6699999999999997; 0.07686111344393949
0.6799999999999997; 0.07397337401448521
0.6899999999999997; 0.07119412948757363
0.6999999999999996; 0.06851930361458014
0.7099999999999996; 0.06594497329511512
0.7199999999999996; 0.06346736282311084
0.7299999999999996; 0.061082838349087225
0.7399999999999997; 0.05878790255047565
0.7499999999999997; 0.05657918950218309
0.7599999999999997; 0.054453459739873686
0.7699999999999997; 0.05240759550872739
0.7799999999999997; 0.05043859619070648
0.7899999999999996; 0.04854357390362422
0.7999999999999996; 0.04671974926555975
0.8099999999999996; 0.0449644473184083
0.8199999999999996; 0.04327509360458664
0.8299999999999996; 0.04164921039114037
0.8399999999999996; 0.04008441303571491
0.8499999999999996; 0.0385784064890599
0.8599999999999995; 0.03712898192893787
0.8699999999999996; 0.03573401352049954
0.8799999999999996; 0.034391455298375125
0.8899999999999996; 0.033099338165907745
0.8999999999999996; 0.03185576700712862
0.9099999999999996; 0.03065891790723769
0.9199999999999996; 0.02950703547751322
0.9299999999999996; 0.028398430280727072
0.9399999999999996; 0.027331476353289128
0.9499999999999995; 0.026304608820487175
0.9599999999999995; 0.025316321601324052
0.9699999999999995; 0.02436516519958637
0.9799999999999995; 0.02344974457790449
0.9899999999999995; 0.022568717111685985
0.9999999999999996; 0.02172079061992172
1.0099999999999996; 0.0209047214699761
1.0199999999999996; 0.020119312753582218
1.0299999999999996; 0.01936341253136623
1.0399999999999996; 0.018635912143326713
1.0499999999999996; 0.01793574458279062
1.0599999999999996; 0.01726188293146127
1.0699999999999996; 0.016613338853262834
1.0799999999999996; 0.015989161144772533
1.0899999999999996; 0.015388434340114214
1.0999999999999996; 0.01481027736826748
1.1099999999999997; 0.01425384226082274
1.1199999999999997; 0.01371831290828713
1.1299999999999997; 0.013202903863117016
1.1399999999999997; 0.01270685918772175
1.1499999999999995; 0.012229451345748831
1.1599999999999995; 0.011769980135024435
1.1699999999999995; 0.01132777166058445
1.1799999999999995; 0.010902177346289435
1.1899999999999995; 0.01049257298357426
1.1999999999999995; 0.010098357815936931
1.2099999999999995; 0.009718953657824025
1.2199999999999995; 0.009353804046620331
1.2299999999999995; 0.009002373426499063
1.2399999999999995; 0.008664146362935455
1.2499999999999996; 0.008338626786731805
1.2599999999999996; 0.008025337266445167
1.2699999999999996; 0.007723818308150527
1.2799999999999996; 0.007433627681512577
1.2899999999999996; 0.007154339771177479
1.2999999999999994; 0.00688554495253345
1.3099999999999994; 0.006626848990924553
1.3199999999999994; 0.006377872463436566
1.3299999999999994; 0.006138250202406871
1.3399999999999994; 0.005907630759842136
1.3499999999999994; 0.0056856758919583165
1.3599999999999994; 0.005472060063086917
1.3699999999999994; 0.005266469968219975
1.3799999999999994; 0.0050686040734934015
1.3899999999999995; 0.004878172173934786
1.3999999999999995; 0.004694894967827011
1.4099999999999995; 0.004518503647063368
1.4199999999999995; 0.004348739502893442
1.4299999999999995; 0.004185353546481421
1.4399999999999995; 0.004028106143720389
1.4499999999999995; 0.003876766663766945
1.4599999999999995; 0.003731113140780718
1.4699999999999993; 0.0035909319483725965
1.4799999999999993; 0.003456017486284221
1.4899999999999993; 0.0033261718788392355
1.4999999999999993; 0.0032012046847239447
1.5099999999999993; 0.0030809326176718106
1.5199999999999994; 0.0029651792776420444
1.5299999999999994; 0.002853774892098073
1.5399999999999994; 0.002746556067006383
1.5499999999999994; 0.002643365547190583
1.5599999999999994; 0.00254405198568915
1.5699999999999994; 0.0024484697217786165
1.5799999999999994; 0.002356478567336624
1.5899999999999994; 0.002267943601231491
1.5999999999999994; 0.0021827349714367687
1.6099999999999994; 0.0021007277045805043
1.6199999999999992; 0.0020218015226499153
1.6299999999999992; 0.0019458406665826245
1.6399999999999992; 0.0018727337264857354
1.6499999999999992; 0.0018023734782337218
1.6599999999999993; 0.0017346567262054749
1.6699999999999993; 0.0016694841519298606
1.6799999999999993; 0.0016067601684177915
1.6899999999999993; 0.0015463927799671815
1.6999999999999993; 0.0014882934472351392
1.7099999999999993; 0.0014323769573795233
1.7199999999999993; 0.0013785612990793938
1.7299999999999993; 0.0013267675422510478
1.7399999999999993; 0.0012769197222832428
1.7499999999999993; 0.0012289447286217905
1.7599999999999993; 0.0011827721975401332
1.7699999999999994; 0.0011383344089386169
1.7799999999999994; 0.0010955661870211161
1.7899999999999991; 0.001054404804703317
1.7999999999999992; 0.0010147898916124643
1.8099999999999992; 0.0009766633455436475
1.8199999999999992; 0.0009399692472427398
1.8299999999999992; 0.0009046537783910278
1.8399999999999992; 0.0008706651426712239
1.8499999999999992; 0.0008379534897990998
1.8599999999999992; 0.0008064708424093162
1.8699999999999992; 0.0007761710256882219
1.8799999999999992; 0.0007470095996504028
1.8899999999999992; 0.0007189437939596651
1.8999999999999992; 0.000691932445198851
1.9099999999999993; 0.000665935936496478
1.9199999999999993; 0.0006409161394216662
1.9299999999999993; 0.0006168363580621169
1.939999999999999; 0.0005936612752031347
1.949999999999999; 0.0005713569005287479
1.959999999999999; 0.000549890520768961
1.969999999999999; 0.0005292306517200187
1.979999999999999; 0.0005093469920673078
1.989999999999999; 0.0004902103789431759
1.9999999999999991; 0.00047179274515447926
2.009999999999999; 0.00045406707801713345
2.019999999999999; 0.0004370073797372798
2.029999999999999; 0.0004205886292809744
2.039999999999999; 0.0004047867456764561
2.049999999999999; 0.00038957855269519063
2.059999999999999; 0.00037494174485987067
2.069999999999999; 0.0003608548547295327
2.079999999999999; 0.000347297221413792
2.089999999999999; 0.00033424896027003405
2.099999999999999; 0.00032169093373910315
2.109999999999999; 0.00030960472327672286
2.119999999999999; 0.00029797260233947384
2.129999999999999; 0.0002867775103857205
2.1399999999999992; 0.00027600302785333247
2.149999999999999; 0.0002656333520775302
2.1599999999999993; 0.0002556532741135037
2.169999999999999; 0.0002460481564298376
2.1799999999999993; 0.00023680391144000637
2.189999999999999; 0.00022790698084046364
2.199999999999999; 0.00021934431572501626
2.209999999999999; 0.00021110335744631793
2.219999999999999; 0.00020317201919641667
2.229999999999999; 0.00019553866827933336
2.239999999999999; 0.00018819210904967763
2.249999999999999; 0.00018112156649227216
2.259999999999999; 0.00017431667041871053
2.269999999999999; 0.00016776744025765545
2.279999999999999; 0.00016146427041658897
2.289999999999999; 0.0001553979161935248
2.299999999999999; 0.00014955948021803787
2.309999999999999; 0.00014394039940171158
2.319999999999999; 0.00013853243237886984
2.329999999999999; 0.0001333276474191716
2.339999999999999; 0.00012831841079434018
2.3499999999999988; 0.00012349737558196324
2.359999999999999; 0.00011885747088994655
2.3699999999999988; 0.00011439189148581186
2.379999999999999; 0.00011009408781563247
2.389999999999999; 0.00010595775639796602
2.399999999999999; 0.00010197683057869453
2.409999999999999; 9.814547163321617e-05
2.419999999999999; 9.4458060202931e-05
2.429999999999999; 9.090918805346983e-05
2.439999999999999; 8.749365014257087e-05
2.449999999999999; 8.420643698597426e-05
2.459999999999999; 8.104272731013647e-05
2.469999999999999; 7.799788098098878e-05
2.479999999999999; 7.506743219836768e-05
2.489999999999999; 7.224708294613866e-05
2.4999999999999987; 6.953269668840132e-05
2.509999999999999; 6.692029230253672e-05
2.5199999999999987; 6.440603824019369e-05
2.529999999999999; 6.198624690765188e-05
2.5399999999999987; 5.965736925732138e-05
2.549999999999999; 5.74159895824414e-05
2.5599999999999987; 5.525882050735016e-05
2.569999999999999; 5.318269816597136e-05
2.5799999999999987; 5.11845775614519e-05
2.589999999999999; 4.926152810014044e-05
2.5999999999999988; 4.7410729293358866e-05
2.609999999999999; 4.5629466620661896e-05
2.6199999999999988; 4.3915127548517764e-05
2.629999999999999; 4.226519769857002e-05
2.639999999999999; 4.0677257159862405e-05
2.649999999999999; 3.914897693961471e-05
2.659999999999999; 3.767811554734799e-05
2.6699999999999986; 3.626251570734611e-05
2.679999999999999; 3.490010119463297e-05
2.6899999999999986; 3.358887378982585e-05
2.699999999999999; 3.2326910348396e-05
2.7099999999999986; 3.111235998004119e-05
2.719999999999999; 2.9943441334030794e-05
2.7299999999999986; 2.8818439986543148e-05
2.739999999999999; 2.7735705926162904e-05
2.7499999999999987; 2.6693651133850475e-05
2.759999999999999; 2.56907472538339e-05
2.7699999999999987; 2.472552335200806e-05
2.779999999999999; 2.379656375855164e-05
2.7899999999999987; 2.2902505991600197e-05
2.799999999999999; 2.204203875892739e-05
2.8099999999999987; 2.1213900034705803e-05
2.819999999999999; 2.041687520852496e-05
2.8299999999999987; 1.9649795303952595e-05
2.8399999999999985; 1.891153526402594e-05
2.8499999999999988; 1.8201012301158956e-05
2.8599999999999985; 1.751718430904464e-05
2.8699999999999988; 1.6859048334223748e-05
2.8799999999999986; 1.6225639105077974e-05
2.889999999999999; 1.5616027616090026e-05
2.8999999999999986; 1.5029319765294714e-05
2.909999999999999; 1.4464655042921471e-05
2.9199999999999986; 1.3921205269306579e-05
2.929999999999999; 1.3398173380222313e-05
2.9399999999999986; 1.2894792257843013e-05
2.949999999999999; 1.241032360563236e-05
2.9599999999999986; 1.1944056865502305e-05
2.969999999999999; 1.1495308175655228e-05
2.9799999999999986; 1.1063419367580929e-05
2.9899999999999984; 1.0647757000737206e-05
2.9999999999999987; 1.024771143349853e-05
3.0099999999999985; 9.862695929009807e-06
3.0199999999999987; 9.492145794634074e-06
3.0299999999999985; 9.135517553731928e-06
3.0399999999999987; 8.792288148557798e-06
3.0499999999999985; 8.461954173104375e-06
3.0599999999999987; 8.144031134769368e-06
3.0699999999999985; 7.838052743762447e-06
3.0799999999999987; 7.54357022920957e-06
3.0899999999999985; 7.260151680951943e-06
3.0999999999999988; 6.98738141607417e-06
3.1099999999999985; 6.724859369232501e-06
3.1199999999999988; 6.472200505888907e-06
3.1299999999999986; 6.229034257590661e-06
3.1399999999999983; 5.995003978466666e-06
3.1499999999999986; 5.769766422143981e-06
3.1599999999999984; 5.5529912383168765e-06
3.1699999999999986; 5.344360488230247e-06
3.1799999999999984; 5.1435681783668726e-06
3.1899999999999986; 4.950319811654221e-06
3.1999999999999984; 4.7643319555330804e-06
3.2099999999999986; 4.585331826253964e-06
3.2199999999999984; 4.413056888792082e-06
3.2299999999999986; 4.247254471793729e-06
3.2399999999999984; 4.0876813969895154e-06
3.2499999999999987; 3.934103622530873e-06
3.2599999999999985; 3.786295899726713e-06
3.2699999999999987; 3.6440414426767594e-06
3.2799999999999985; 3.507131610317149e-06
3.2899999999999987; 3.3753656004116945e-06
3.2999999999999985; 3.248550155040325e-06
3.3099999999999983; 3.1264992771524882e-06
3.3199999999999985; 3.0090339577698955e-06
3.3299999999999983; 2.8959819134385782e-06
3.3399999999999985; 2.7871773335449658e-06
3.3499999999999983; 2.6824606371256565e-06
3.3599999999999985; 2.5816782388139693e-06
3.3699999999999983; 2.4846823235801253e-06
3.3799999999999986; 2.3913306299346275e-06
3.3899999999999983; 2.3014862412768907e-06
3.3999999999999986; 2.215017385083054e-06
3.4099999999999984; 2.1317972396385547e-06
3.4199999999999986; 2.0517037480318207e-06
3.4299999999999984; 1.974619439136507e-06
3.4399999999999986; 1.9004312553194657e-06
3.4499999999999984; 1.829030386621979e-06
3.4599999999999986; 1.7603121111708858e-06
3.4699999999999984; 1.6941756415856317e-06
3.479999999999998; 1.6305239771559169e-06
3.4899999999999984; 1.5692637615731947e-06
3.4999999999999982; 1.5103051460072891e-06
