0.000000000000000000e+00;8.999999999999999527e-09
4.987499999999999711e-01;8.999999999999999527e-09
9.975100000000001188e-01;2.970000000000000257e-07
1.496300000000000185e+00;3.700000000000000044e-07
1.994999999999999885e+00;4.699999999999999999e-07
2.493799999999999795e+00;5.060000000000000046e-07
2.992499999999999716e+00;5.230000000000000113e-07
3.491300000000000292e+00;5.449999999999999700e-07
3.989999999999999769e+00;5.239999999999999805e-07
4.488800000000000345e+00;5.500000000000000281e-07
4.987499999999999822e+00;5.959999999999999900e-07
5.486299999999999955e+00;5.929999999999999763e-07
5.984999999999999432e+00;5.810000000000000277e-07
6.483799999999999564e+00;5.509999999999999973e-07
6.982499999999999929e+00;5.640000000000000211e-07
7.481300000000000061e+00;5.029999999999999910e-07
7.979999999999999538e+00;5.109999999999999568e-07
8.478799999999999670e+00;5.479999999999999837e-07
8.977600000000000691e+00;5.150000000000000455e-07
9.476300000000000168e+00;5.859999999999999798e-07
9.975100000000001188e+00;5.390000000000000487e-07
1.047400000000000020e+01;5.039999999999999603e-07
1.097300000000000075e+01;4.840000000000000459e-07
1.147100000000000009e+01;5.549999999999999802e-07
1.196999999999999886e+01;4.999999999999999774e-07
1.246899999999999942e+01;4.929999999999999809e-07
1.296799999999999997e+01;5.090000000000000183e-07
1.346600000000000108e+01;4.939999999999999501e-07
1.396499999999999986e+01;4.699999999999999999e-07
1.446399999999999864e+01;4.780000000000000186e-07
1.496300000000000097e+01;4.669999999999999863e-07
1.546100000000000030e+01;4.490000000000000104e-07
1.595999999999999908e+01;4.619999999999999812e-07
1.645900000000000318e+01;4.110000000000000142e-07
1.695800000000000196e+01;5.010000000000000525e-07
1.745599999999999952e+01;5.199999999999999976e-07
1.795499999999999829e+01;5.530000000000000417e-07
1.845400000000000063e+01;6.239999999999999760e-07
1.895299999999999940e+01;7.619999999999999676e-07
1.945100000000000051e+01;8.800000000000000449e-07
1.994999999999999929e+01;1.001000000000000030e-06
2.044899999999999807e+01;1.190999999999999905e-06
2.094800000000000040e+01;1.362000000000000046e-06
2.144600000000000151e+01;1.636999999999999955e-06
2.194500000000000028e+01;2.038999999999999875e-06
2.244399999999999906e+01;2.335000000000000090e-06
2.294300000000000139e+01;2.618000000000000176e-06
2.344099999999999895e+01;3.035000000000000164e-06
2.393999999999999773e+01;3.504999999999999900e-06
2.443900000000000006e+01;3.884000000000000421e-06
2.493799999999999883e+01;4.337000000000000150e-06
2.543599999999999994e+01;4.762000000000000316e-06
2.593499999999999872e+01;5.278000000000000119e-06
2.643399999999999750e+01;5.852000000000000044e-06
2.693299999999999983e+01;6.260000000000000204e-06
2.743100000000000094e+01;6.759999999999999652e-06
2.792999999999999972e+01;7.359000000000000185e-06
2.842899999999999849e+01;7.763000000000000044e-06
2.892799999999999727e+01;8.396000000000000590e-06
2.942600000000000193e+01;8.603000000000000471e-06
2.992500000000000071e+01;9.202999999999999809e-06
3.042399999999999949e+01;9.531999999999999539e-06
3.092299999999999827e+01;1.009899999999999936e-05
3.142099999999999582e+01;1.057400000000000074e-05
3.191999999999999815e+01;1.094499999999999939e-05
3.241900000000000404e+01;1.137800000000000016e-05
3.291800000000000637e+01;1.166400000000000047e-05
3.341600000000000392e+01;1.196700000000000079e-05
3.391499999999999915e+01;1.212699999999999926e-05
3.441400000000000148e+01;1.278200000000000061e-05
3.491299999999999670e+01;1.287600000000000005e-05
3.541100000000000136e+01;1.320000000000000067e-05
3.590999999999999659e+01;1.354399999999999941e-05
3.640899999999999892e+01;1.364800000000000045e-05
3.690800000000000125e+01;1.397299999999999988e-05
3.740599999999999881e+01;1.413800000000000084e-05
3.790500000000000114e+01;1.423200000000000028e-05
3.840400000000000347e+01;1.452800000000000049e-05
3.890299999999999869e+01;1.443300000000000056e-05
3.940099999999999625e+01;1.476900000000000039e-05
3.989999999999999858e+01;1.465899999999999975e-05
4.039900000000000091e+01;1.490500000000000044e-05
4.089799999999999613e+01;1.487199999999999923e-05
4.139700000000000557e+01;1.513300000000000063e-05
4.189500000000000313e+01;1.488299999999999964e-05
4.239399999999999835e+01;1.516300000000000034e-05
4.289300000000000068e+01;1.514200000000000004e-05
4.339200000000000301e+01;1.493600000000000065e-05
4.389000000000000057e+01;1.513000000000000083e-05
4.438899999999999579e+01;1.506699999999999991e-05
4.488799999999999812e+01;1.499700000000000058e-05
4.538699999999999335e+01;1.510800000000000002e-05
4.588500000000000512e+01;1.503000000000000009e-05
4.638400000000000034e+01;1.530100000000000139e-05
4.688300000000000267e+01;1.513699999999999924e-05
4.738199999999999790e+01;1.503400000000000039e-05
4.787999999999999545e+01;1.499400000000000078e-05
4.837899999999999778e+01;1.473900000000000068e-05
4.887800000000000011e+01;1.480900000000000001e-05
4.937699999999999534e+01;1.457699999999999952e-05
4.987500000000000000e+01;1.501799999999999919e-05
5.037400000000000233e+01;1.465000000000000034e-05
5.087300000000000466e+01;1.455399999999999991e-05
5.137199999999999989e+01;1.441900000000000035e-05
5.186999999999999744e+01;1.420900000000000067e-05
5.236899999999999977e+01;1.415599999999999965e-05
5.286799999999999500e+01;1.404500000000000021e-05
5.336699999999999733e+01;1.394099999999999917e-05
5.386500000000000199e+01;1.396400000000000047e-05
5.436400000000000432e+01;1.366800000000000026e-05
5.486299999999999955e+01;1.350200000000000049e-05
5.536200000000000188e+01;1.349299999999999939e-05
5.585999999999999943e+01;1.323099999999999919e-05
5.635900000000000176e+01;1.324899999999999970e-05
5.685799999999999699e+01;1.314999999999999946e-05
5.735699999999999932e+01;1.309700000000000013e-05
5.785499999999999687e+01;1.296999999999999949e-05
5.835400000000000631e+01;2.948499999999999976e-05
5.885300000000000153e+01;1.249099999999999950e-05
5.935200000000000387e+01;1.259999999999999964e-05
5.985000000000000142e+01;4.124800000000000217e-05
6.034899999999999665e+01;1.163499999999999956e-05
6.084799999999999898e+01;1.152699999999999992e-05
6.134700000000000131e+01;1.150800000000000061e-05
6.184499999999999886e+01;1.135800000000000035e-05
6.234399999999999409e+01;1.127899999999999992e-05
6.284299999999999642e+01;1.127600000000000012e-05
6.334199999999999875e+01;1.112499999999999936e-05
6.383999999999999631e+01;1.064100000000000027e-05
6.433899999999999864e+01;1.068900000000000049e-05
6.483800000000000807e+01;1.028599999999999944e-05
6.533700000000000330e+01;1.015299999999999918e-05
6.583500000000000796e+01;1.023199999999999961e-05
6.633400000000000318e+01;9.830000000000000752e-06
6.683299999999999841e+01;9.670999999999999394e-06
6.733200000000000784e+01;1.944200000000000122e-05
6.782999999999999829e+01;9.154000000000000786e-06
6.832900000000000773e+01;9.107999999999999872e-06
6.882800000000000296e+01;9.110999999999999673e-06
6.932699999999999818e+01;1.107000000000000074e-05
6.982500000000000284e+01;7.782999999999999852e-06
7.032399999999999807e+01;5.112000000000000353e-06
7.082299999999999329e+01;5.008000000000000163e-06
7.132200000000000273e+01;5.000000000000000409e-06
7.181999999999999318e+01;5.064999999999999787e-06
7.231899999999998840e+01;4.925999999999999932e-06
7.281799999999999784e+01;4.860000000000000055e-06
7.331699999999999307e+01;4.774000000000000371e-06
7.381500000000001194e+01;4.865000000000000007e-06
7.431400000000000716e+01;4.808000000000000384e-06
7.481300000000000239e+01;4.704000000000000194e-06
7.531199999999999761e+01;4.614000000000000208e-06
7.581000000000000227e+01;4.587999999999999949e-06
7.630899999999999750e+01;4.599000000000000352e-06
7.680800000000000693e+01;4.583999999999999649e-06
7.730700000000000216e+01;4.478999999999999807e-06
7.780499999999999261e+01;4.427999999999999787e-06
7.830400000000000205e+01;4.432999999999999739e-06
7.880299999999999727e+01;4.310999999999999891e-06
7.930199999999999250e+01;4.087000000000000002e-06
7.979999999999999716e+01;4.135000000000000221e-06
8.029899999999999238e+01;4.101000000000000207e-06
8.079800000000000182e+01;4.070999999999999647e-06
8.129699999999999704e+01;3.902999999999999731e-06
8.179599999999999227e+01;3.860999999999999964e-06
8.229400000000001114e+01;3.865999999999999916e-06
8.279300000000000637e+01;3.729000000000000211e-06
8.329200000000000159e+01;3.608000000000000015e-06
8.379100000000001103e+01;3.586000000000000056e-06
8.428900000000000148e+01;3.508000000000000125e-06
8.478799999999999670e+01;3.389000000000000079e-06
8.528700000000000614e+01;3.300999999999999820e-06
8.578600000000000136e+01;3.298000000000000018e-06
8.628400000000000603e+01;3.254000000000000101e-06
8.678300000000000125e+01;3.250999999999999875e-06
8.728199999999999648e+01;3.095000000000000013e-06
8.778099999999999170e+01;2.983000000000000069e-06
8.827899999999999636e+01;2.922000000000000145e-06
8.877799999999999159e+01;2.958999999999999960e-06
8.927700000000000102e+01;2.857999999999999996e-06
8.977599999999999625e+01;2.774000000000000038e-06
9.027399999999998670e+01;2.775000000000000113e-06
9.077300000000001035e+01;2.608999999999999923e-06
9.127200000000000557e+01;2.585999999999999889e-06
9.177100000000000080e+01;2.381999999999999810e-06
9.226900000000000546e+01;2.473999999999999945e-06
9.276800000000000068e+01;2.331999999999999865e-06
9.326699999999999591e+01;2.216000000000000044e-06
9.376600000000000534e+01;2.238000000000000002e-06
9.426399999999999579e+01;2.010999999999999889e-06
9.476300000000000523e+01;2.071999999999999813e-06
9.526200000000000045e+01;1.906999999999999911e-06
9.576099999999999568e+01;1.842999999999999973e-06
9.625900000000000034e+01;1.763999999999999967e-06
9.675799999999999557e+01;1.720000000000000049e-06
9.725699999999999079e+01;1.695000000000000077e-06
9.775600000000000023e+01;1.562999999999999901e-06
9.825399999999999068e+01;1.508000000000000004e-06
9.875300000000000011e+01;1.377999999999999978e-06
9.925200000000000955e+01;1.318999999999999992e-06
9.975100000000000477e+01;1.317999999999999917e-06
1.002500000000000000e+02;1.165999999999999932e-06
1.007500000000000000e+02;1.095999999999999967e-06
1.012500000000000000e+02;1.027000000000000077e-06
1.017500000000000000e+02;8.849999999999999970e-07
1.022399999999999949e+02;8.400000000000000043e-07
1.027399999999999949e+02;7.950000000000000117e-07
1.032399999999999949e+02;6.989999999999999991e-07
1.037399999999999949e+02;5.840000000000000413e-07
1.042399999999999949e+02;4.689999999999999777e-07
1.047399999999999949e+02;4.239999999999999850e-07
1.052399999999999949e+02;2.879999999999999848e-07
1.057399999999999949e+02;1.449999999999999881e-07
1.062300000000000040e+02;4.100000000000000317e-08
