0.000000000000000000e+00;1.600000000000000100e-08
4.987499999999999711e-01;1.600000000000000100e-08
9.975100000000001188e-01;5.339999999999999907e-07
1.496300000000000185e+00;5.570000000000000246e-07
1.994999999999999885e+00;6.290000000000000340e-07
2.493799999999999795e+00;6.589999999999999585e-07
2.992499999999999716e+00;6.659999999999999550e-07
3.491300000000000292e+00;7.309999999999999680e-07
3.989999999999999769e+00;7.090000000000000092e-07
4.488800000000000345e+00;7.290000000000000295e-07
4.987499999999999822e+00;7.749999999999999914e-07
5.486299999999999955e+00;7.320000000000000431e-07
5.984999999999999432e+00;7.059999999999999956e-07
6.483799999999999564e+00;7.449999999999999610e-07
6.982499999999999929e+00;7.309999999999999680e-07
7.481300000000000061e+00;7.719999999999999778e-07
7.979999999999999538e+00;7.239999999999999715e-07
8.478799999999999670e+00;7.199999999999999886e-07
8.977600000000000691e+00;6.810000000000000232e-07
9.476300000000000168e+00;6.920000000000000026e-07
9.975100000000001188e+00;7.139999999999999613e-07
1.047400000000000020e+01;7.139999999999999613e-07
1.097300000000000075e+01;6.910000000000000333e-07
1.147100000000000009e+01;6.780000000000000096e-07
1.196999999999999886e+01;6.600000000000000337e-07
1.246899999999999942e+01;6.999999999999999683e-07
1.296799999999999997e+01;6.689999999999999687e-07
1.346600000000000108e+01;6.489999999999999484e-07
1.396499999999999986e+01;6.349999999999999554e-07
1.446399999999999864e+01;5.519999999999999666e-07
1.496300000000000097e+01;6.060000000000000001e-07
1.546100000000000030e+01;6.190000000000000239e-07
1.595999999999999908e+01;6.290000000000000340e-07
1.645900000000000318e+01;6.260000000000000204e-07
1.695800000000000196e+01;7.050000000000000263e-07
1.745599999999999952e+01;6.700000000000000438e-07
1.795499999999999829e+01;7.339999999999999816e-07
1.845400000000000063e+01;8.649999999999999767e-07
1.895299999999999940e+01;9.569999999999999006e-07
1.945100000000000051e+01;1.084999999999999988e-06
1.994999999999999929e+01;1.303999999999999924e-06
2.044899999999999807e+01;1.518999999999999983e-06
2.094800000000000040e+01;1.838000000000000021e-06
2.144600000000000151e+01;2.052000000000000005e-06
2.194500000000000028e+01;2.308999999999999831e-06
2.244399999999999906e+01;2.735000000000000072e-06
2.294300000000000139e+01;3.067000000000000027e-06
2.344099999999999895e+01;3.625000000000000021e-06
2.393999999999999773e+01;4.176000000000000336e-06
2.443900000000000006e+01;4.553999999999999936e-06
2.493799999999999883e+01;5.147999999999999670e-06
2.543599999999999994e+01;5.631999999999999610e-06
2.593499999999999872e+01;6.114999999999999898e-06
2.643399999999999750e+01;6.683999999999999871e-06
2.693299999999999983e+01;7.269999999999999851e-06
2.743100000000000094e+01;7.782999999999999852e-06
2.792999999999999972e+01;8.495999999999999632e-06
2.842899999999999849e+01;9.073999999999999858e-06
2.892799999999999727e+01;9.493000000000000421e-06
2.942600000000000193e+01;1.002000000000000063e-05
2.992500000000000071e+01;1.057700000000000055e-05
3.042399999999999949e+01;1.123900000000000031e-05
3.092299999999999827e+01;1.168599999999999958e-05
3.142099999999999582e+01;1.208999999999999944e-05
3.191999999999999815e+01;1.259599999999999934e-05
3.241900000000000404e+01;1.314999999999999946e-05
3.291800000000000637e+01;1.330500000000000051e-05
3.341600000000000392e+01;1.383999999999999963e-05
3.391499999999999915e+01;1.423799999999999988e-05
3.441400000000000148e+01;1.469500000000000076e-05
3.491299999999999670e+01;1.477600000000000049e-05
3.541100000000000136e+01;1.521700000000000017e-05
3.590999999999999659e+01;1.557400000000000031e-05
3.640899999999999892e+01;1.563199999999999873e-05
3.690800000000000125e+01;1.611599999999999952e-05
3.740599999999999881e+01;1.627199999999999938e-05
3.790500000000000114e+01;1.652000000000000107e-05
3.840400000000000347e+01;1.689100000000000142e-05
3.890299999999999869e+01;1.679800000000000078e-05
3.940099999999999625e+01;1.708899999999999851e-05
3.989999999999999858e+01;1.708899999999999851e-05
4.039900000000000091e+01;1.738599999999999922e-05
4.089799999999999613e+01;1.735799999999999881e-05
4.139700000000000557e+01;1.740299999999999923e-05
4.189500000000000313e+01;1.743900000000000024e-05
4.239399999999999835e+01;1.754400000000000008e-05
4.289300000000000068e+01;1.749999999999999847e-05
4.339200000000000301e+01;1.763599999999999852e-05
4.389000000000000057e+01;1.765499999999999952e-05
4.438899999999999579e+01;1.767299999999999834e-05
4.488799999999999812e+01;1.755099999999999849e-05
4.538699999999999335e+01;1.728200000000000157e-05
4.588500000000000512e+01;1.754100000000000028e-05
4.638400000000000034e+01;1.758999999999999930e-05
4.688300000000000267e+01;1.735900000000000100e-05
4.738199999999999790e+01;1.728699999999999898e-05
4.787999999999999545e+01;1.743800000000000143e-05
4.837899999999999778e+01;1.749300000000000006e-05
4.887800000000000011e+01;1.721099999999999835e-05
4.937699999999999534e+01;1.703000000000000127e-05
4.987500000000000000e+01;1.737499999999999882e-05
5.037400000000000233e+01;1.699100000000000046e-05
5.087300000000000466e+01;1.705699999999999949e-05
5.137199999999999989e+01;1.698399999999999866e-05
5.186999999999999744e+01;1.698299999999999986e-05
5.236899999999999977e+01;1.673000000000000076e-05
5.286799999999999500e+01;1.650600000000000087e-05
5.336699999999999733e+01;1.636200000000000021e-05
5.386500000000000199e+01;1.645800000000000065e-05
5.436400000000000432e+01;1.633300000000000100e-05
5.486299999999999955e+01;1.608499999999999931e-05
5.536200000000000188e+01;1.579500000000000039e-05
5.585999999999999943e+01;1.590200000000000123e-05
5.635900000000000176e+01;1.571099999999999916e-05
5.685799999999999699e+01;1.575599999999999958e-05
5.735699999999999932e+01;1.579899999999999900e-05
5.785499999999999687e+01;1.564400000000000133e-05
5.835400000000000631e+01;3.945200000000000106e-05
5.885300000000000153e+01;1.502899999999999959e-05
5.935200000000000387e+01;1.480099999999999941e-05
5.985000000000000142e+01;5.729099999999999747e-05
6.034899999999999665e+01;1.399599999999999949e-05
6.084799999999999898e+01;1.389000000000000084e-05
6.134700000000000131e+01;1.378100000000000070e-05
6.184499999999999886e+01;1.357799999999999943e-05
6.234399999999999409e+01;1.331999999999999952e-05
6.284299999999999642e+01;1.314900000000000065e-05
6.334199999999999875e+01;1.307300000000000003e-05
6.383999999999999631e+01;1.293899999999999928e-05
6.433899999999999864e+01;1.261600000000000084e-05
6.483800000000000807e+01;1.243699999999999968e-05
6.533700000000000330e+01;1.256599999999999963e-05
6.583500000000000796e+01;1.216600000000000007e-05
6.633400000000000318e+01;1.201800000000000081e-05
6.683299999999999841e+01;1.188400000000000006e-05
6.733200000000000784e+01;2.591099999999999976e-05
6.782999999999999829e+01;1.157099999999999984e-05
6.832900000000000773e+01;1.120399999999999979e-05
6.882800000000000296e+01;1.110700000000000055e-05
6.932699999999999818e+01;1.408200000000000002e-05
6.982500000000000284e+01;9.409999999999999691e-06
7.032399999999999807e+01;6.367000000000000196e-06
7.082299999999999329e+01;6.345000000000000237e-06
7.132200000000000273e+01;6.155000000000000362e-06
7.181999999999999318e+01;6.185999999999999726e-06
7.231899999999998840e+01;6.165000000000000266e-06
7.281799999999999784e+01;6.182000000000000273e-06
7.331699999999999307e+01;6.059999999999999578e-06
7.381500000000001194e+01;5.961999999999999838e-06
7.431400000000000716e+01;6.044999999999999721e-06
7.481300000000000239e+01;5.851000000000000393e-06
7.531199999999999761e+01;5.952999999999999586e-06
7.581000000000000227e+01;5.910000000000000167e-06
7.630899999999999750e+01;5.774999999999999765e-06
7.680800000000000693e+01;5.791000000000000120e-06
7.730700000000000216e+01;5.723999999999999745e-06
7.780499999999999261e+01;5.708000000000000237e-06
7.830400000000000205e+01;5.606999999999999849e-06
7.880299999999999727e+01;5.390000000000000063e-06
7.930199999999999250e+01;5.419000000000000124e-06
7.979999999999999716e+01;5.349999999999999599e-06
8.029899999999999238e+01;5.317000000000000084e-06
8.079800000000000182e+01;5.152999999999999622e-06
8.129699999999999704e+01;5.234000000000000201e-06
8.179599999999999227e+01;4.918000000000000178e-06
8.229400000000001114e+01;5.020000000000000218e-06
8.279300000000000637e+01;4.964999999999999897e-06
8.329200000000000159e+01;4.957000000000000143e-06
8.379100000000001103e+01;4.881000000000000363e-06
8.428900000000000148e+01;4.702999999999999695e-06
8.478799999999999670e+01;4.741999999999999660e-06
8.528700000000000614e+01;4.650000000000000372e-06
8.578600000000000136e+01;4.497999999999999964e-06
8.628400000000000603e+01;4.568999999999999792e-06
8.678300000000000125e+01;4.286999999999999782e-06
8.728199999999999648e+01;4.381000000000000068e-06
8.778099999999999170e+01;4.208999999999999851e-06
8.827899999999999636e+01;4.138000000000000022e-06
8.877799999999999159e+01;4.133999999999999722e-06
8.927700000000000102e+01;4.104000000000000009e-06
8.977599999999999625e+01;3.926000000000000189e-06
9.027399999999998670e+01;3.786999999999999910e-06
9.077300000000001035e+01;3.665000000000000062e-06
9.127200000000000557e+01;3.821000000000000347e-06
9.177100000000000080e+01;3.616000000000000192e-06
9.226900000000000546e+01;3.454999999999999955e-06
9.276800000000000068e+01;3.453999999999999880e-06
9.326699999999999591e+01;3.411000000000000037e-06
9.376600000000000534e+01;3.378000000000000099e-06
9.426399999999999579e+01;3.289999999999999841e-06
9.476300000000000523e+01;3.245999999999999923e-06
9.526200000000000045e+01;3.204999999999999807e-06
9.576099999999999568e+01;3.047999999999999871e-06
9.625900000000000034e+01;2.899000000000000111e-06
9.675799999999999557e+01;2.792000000000000119e-06
9.725699999999999079e+01;2.843999999999999791e-06
9.775600000000000023e+01;2.826000000000000133e-06
9.825399999999999068e+01;2.706000000000000011e-06
9.875300000000000011e+01;2.712000000000000038e-06
9.925200000000000955e+01;2.592999999999999992e-06
9.975100000000000477e+01;2.466000000000000191e-06
1.002500000000000000e+02;2.421000000000000199e-06
1.007500000000000000e+02;2.313000000000000131e-06
1.012500000000000000e+02;2.258999999999999886e-06
1.017500000000000000e+02;2.166000000000000099e-06
1.022399999999999949e+02;2.173000000000000201e-06
1.027399999999999949e+02;1.930000000000000156e-06
1.032399999999999949e+02;1.951000000000000040e-06
1.037399999999999949e+02;1.908999999999999849e-06
1.042399999999999949e+02;1.872999999999999897e-06
1.047399999999999949e+02;1.774999999999999946e-06
1.052399999999999949e+02;1.763000000000000103e-06
1.057399999999999949e+02;1.690999999999999988e-06
1.062300000000000040e+02;1.579999999999999907e-06
1.067300000000000040e+02;1.549999999999999983e-06
1.072300000000000040e+02;1.430999999999999936e-06
1.077300000000000040e+02;1.317000000000000054e-06
1.082300000000000040e+02;1.255999999999999918e-06
1.087299999999999898e+02;1.235999999999999897e-06
1.092299999999999898e+02;1.156000000000000028e-06
1.097299999999999898e+02;1.098999999999999981e-06
1.102199999999999989e+02;9.859999999999999617e-07
1.107199999999999989e+02;9.909999999999999139e-07
1.112199999999999989e+02;8.670000000000000211e-07
1.117199999999999989e+02;7.950000000000000117e-07
1.122199999999999989e+02;7.919999999999999980e-07
1.127199999999999989e+02;7.160000000000000057e-07
1.132199999999999989e+02;5.770000000000000448e-07
1.137199999999999989e+02;5.269999999999999942e-07
1.142100000000000080e+02;4.680000000000000085e-07
1.147100000000000080e+02;3.560000000000000114e-07
1.152100000000000080e+02;2.479999999999999972e-07
1.157099999999999937e+02;1.389999999999999874e-07
1.162099999999999937e+02;4.000000000000000084e-08
