0.000000000000000000e+00;1.399999999999999963e-08
4.987499999999999711e-01;1.399999999999999963e-08
9.975100000000001188e-01;5.339999999999999907e-07
1.496300000000000185e+00;6.109999999999999522e-07
1.994999999999999885e+00;7.239999999999999715e-07
2.493799999999999795e+00;7.579999999999999848e-07
2.992499999999999716e+00;7.570000000000000155e-07
3.491300000000000292e+00;7.390000000000000396e-07
3.989999999999999769e+00;7.889999999999999844e-07
4.488800000000000345e+00;7.940000000000000424e-07
4.987499999999999822e+00;7.959999999999999809e-07
5.486299999999999955e+00;8.209999999999999533e-07
5.984999999999999432e+00;7.829999999999999572e-07
6.483799999999999564e+00;8.439999999999999872e-07
6.982499999999999929e+00;7.850000000000000015e-07
7.481300000000000061e+00;8.330000000000000078e-07
7.979999999999999538e+00;7.989999999999999945e-07
8.478799999999999670e+00;7.859999999999999708e-07
8.977600000000000691e+00;7.379999999999999645e-07
9.476300000000000168e+00;7.419999999999999474e-07
9.975100000000001188e+00;7.749999999999999914e-07
1.047400000000000020e+01;7.460000000000000361e-07
1.097300000000000075e+01;7.780000000000000050e-07
1.147100000000000009e+01;7.260000000000000159e-07
1.196999999999999886e+01;7.150000000000000365e-07
1.246899999999999942e+01;7.250000000000000466e-07
1.296799999999999997e+01;7.439999999999999917e-07
1.346600000000000108e+01;6.500000000000000235e-07
1.396499999999999986e+01;6.929999999999999718e-07
1.446399999999999864e+01;6.300000000000000033e-07
1.496300000000000097e+01;6.519999999999999620e-07
1.546100000000000030e+01;6.789999999999999788e-07
1.595999999999999908e+01;6.850000000000000061e-07
1.645900000000000318e+01;6.290000000000000340e-07
1.695800000000000196e+01;6.959999999999999854e-07
1.745599999999999952e+01;7.419999999999999474e-07
1.795499999999999829e+01;7.989999999999999945e-07
1.845400000000000063e+01;9.250000000000000376e-07
1.895299999999999940e+01;1.002999999999999968e-06
1.945100000000000051e+01;1.173999999999999898e-06
1.994999999999999929e+01;1.354000000000000081e-06
2.044899999999999807e+01;1.560999999999999962e-06
2.094800000000000040e+01;1.814999999999999987e-06
2.144600000000000151e+01;2.217000000000000119e-06
2.194500000000000028e+01;2.577000000000000060e-06
2.244399999999999906e+01;2.889000000000000207e-06
2.294300000000000139e+01;3.361000000000000092e-06
2.344099999999999895e+01;3.813000000000000169e-06
2.393999999999999773e+01;4.352999999999999658e-06
2.443900000000000006e+01;4.813000000000000336e-06
2.493799999999999883e+01;5.319999999999999886e-06
2.543599999999999994e+01;5.876999999999999805e-06
2.593499999999999872e+01;6.532999999999999962e-06
2.643399999999999750e+01;7.096000000000000331e-06
2.693299999999999983e+01;7.724999999999999730e-06
2.743100000000000094e+01;8.259000000000000038e-06
2.792999999999999972e+01;8.851999999999999273e-06
2.842899999999999849e+01;9.473999999999999417e-06
2.892799999999999727e+01;1.008000000000000005e-05
2.942600000000000193e+01;1.053099999999999963e-05
2.992500000000000071e+01;1.090399999999999928e-05
3.042399999999999949e+01;1.179799999999999953e-05
3.092299999999999827e+01;1.238899999999999946e-05
3.142099999999999582e+01;1.266200000000000006e-05
3.191999999999999815e+01;1.310599999999999954e-05
3.241900000000000404e+01;1.360899999999999964e-05
3.291800000000000637e+01;1.421399999999999977e-05
3.341600000000000392e+01;1.461000000000000073e-05
3.391499999999999915e+01;1.490599999999999925e-05
3.441400000000000148e+01;1.523999999999999978e-05
3.491299999999999670e+01;1.542999999999999965e-05
3.541100000000000136e+01;1.596800000000000026e-05
3.590999999999999659e+01;1.608900000000000130e-05
3.640899999999999892e+01;1.664299999999999973e-05
3.690800000000000125e+01;1.671399999999999955e-05
3.740599999999999881e+01;1.677099999999999918e-05
3.790500000000000114e+01;1.735400000000000020e-05
3.840400000000000347e+01;1.734299999999999980e-05
3.890299999999999869e+01;1.789500000000000061e-05
3.940099999999999625e+01;1.779000000000000077e-05
3.989999999999999858e+01;1.779199999999999838e-05
4.039900000000000091e+01;1.793899999999999884e-05
4.089799999999999613e+01;1.815600000000000032e-05
4.139700000000000557e+01;1.825500000000000056e-05
4.189500000000000313e+01;1.829500000000000017e-05
4.239399999999999835e+01;1.830300000000000077e-05
4.289300000000000068e+01;1.842299999999999962e-05
4.339200000000000301e+01;1.824000000000000155e-05
4.389000000000000057e+01;1.839199999999999941e-05
4.438899999999999579e+01;1.846200000000000044e-05
4.488799999999999812e+01;1.861700000000000149e-05
4.538699999999999335e+01;1.846500000000000024e-05
4.588500000000000512e+01;1.821099999999999894e-05
4.638400000000000034e+01;1.837199999999999960e-05
4.688300000000000267e+01;1.822400000000000034e-05
4.738199999999999790e+01;1.834099999999999939e-05
4.787999999999999545e+01;1.764699999999999892e-05
4.837899999999999778e+01;1.822799999999999895e-05
4.887800000000000011e+01;1.805000000000000167e-05
4.937699999999999534e+01;1.794900000000000044e-05
4.987500000000000000e+01;1.824199999999999916e-05
5.037400000000000233e+01;1.780100000000000118e-05
5.087300000000000466e+01;1.769900000000000114e-05
5.137199999999999989e+01;1.778299999999999898e-05
5.186999999999999744e+01;1.782199999999999979e-05
5.236899999999999977e+01;1.750700000000000026e-05
5.286799999999999500e+01;1.737799999999999862e-05
5.336699999999999733e+01;1.724300000000000076e-05
5.386500000000000199e+01;1.708599999999999870e-05
5.436400000000000432e+01;1.703900000000000068e-05
5.486299999999999955e+01;1.709699999999999911e-05
5.536200000000000188e+01;1.674400000000000096e-05
5.585999999999999943e+01;1.672700000000000096e-05
5.635900000000000176e+01;1.655100000000000128e-05
5.685799999999999699e+01;1.641399999999999904e-05
5.735699999999999932e+01;1.634100000000000160e-05
5.785499999999999687e+01;1.642700000000000044e-05
5.835400000000000631e+01;4.233000000000000299e-05
5.885300000000000153e+01;1.570700000000000056e-05
5.935200000000000387e+01;1.570499999999999956e-05
5.985000000000000142e+01;6.167200000000000177e-05
6.034899999999999665e+01;1.487800000000000053e-05
6.084799999999999898e+01;1.460699999999999923e-05
6.134700000000000131e+01;1.437500000000000043e-05
6.184499999999999886e+01;1.419999999999999957e-05
6.234399999999999409e+01;1.394899999999999977e-05
6.284299999999999642e+01;1.372900000000000018e-05
6.334199999999999875e+01;1.365899999999999916e-05
6.383999999999999631e+01;1.344800000000000067e-05
6.433899999999999864e+01;1.330500000000000051e-05
6.483800000000000807e+01;1.306599999999999992e-05
6.533700000000000330e+01;1.307300000000000003e-05
6.583500000000000796e+01;1.260800000000000024e-05
6.633400000000000318e+01;1.270499999999999948e-05
6.683299999999999841e+01;1.250000000000000060e-05
6.733200000000000784e+01;2.798299999999999957e-05
6.782999999999999829e+01;1.205899999999999923e-05
6.832900000000000773e+01;1.183499999999999934e-05
6.882800000000000296e+01;1.176300000000000071e-05
6.932699999999999818e+01;1.489999999999999964e-05
6.982500000000000284e+01;1.014999999999999938e-05
7.032399999999999807e+01;6.634000000000000350e-06
7.082299999999999329e+01;6.700000000000000226e-06
7.132200000000000273e+01;6.744999999999999795e-06
7.181999999999999318e+01;6.720999999999999686e-06
7.231899999999998840e+01;6.515999999999999955e-06
7.281799999999999784e+01;6.506000000000000051e-06
7.331699999999999307e+01;6.420000000000000366e-06
7.381500000000001194e+01;6.267999999999999958e-06
7.431400000000000716e+01;6.355000000000000141e-06
7.481300000000000239e+01;6.116000000000000397e-06
7.531199999999999761e+01;6.316000000000000176e-06
7.581000000000000227e+01;6.231999999999999794e-06
7.630899999999999750e+01;6.180999999999999774e-06
7.680800000000000693e+01;6.134999999999999706e-06
7.730700000000000216e+01;5.983999999999999797e-06
7.780499999999999261e+01;5.900999999999999914e-06
7.830400000000000205e+01;5.980999999999999995e-06
7.880299999999999727e+01;5.876000000000000153e-06
7.930199999999999250e+01;5.959999999999999688e-06
7.979999999999999716e+01;5.642000000000000361e-06
8.029899999999999238e+01;5.596000000000000293e-06
8.079800000000000182e+01;5.720000000000000292e-06
8.129699999999999704e+01;5.548000000000000075e-06
8.179599999999999227e+01;5.480999999999999700e-06
8.229400000000001114e+01;5.297000000000000276e-06
8.279300000000000637e+01;5.334999999999999743e-06
8.329200000000000159e+01;5.132000000000000162e-06
8.379100000000001103e+01;5.271999999999999668e-06
8.428900000000000148e+01;5.076999999999999841e-06
8.478799999999999670e+01;5.066000000000000285e-06
8.528700000000000614e+01;4.986000000000000204e-06
8.578600000000000136e+01;4.901999999999999823e-06
8.628400000000000603e+01;4.816999999999999789e-06
8.678300000000000125e+01;4.809000000000000035e-06
8.728199999999999648e+01;4.599000000000000352e-06
8.778099999999999170e+01;4.500000000000000114e-06
8.827899999999999636e+01;4.434000000000000238e-06
8.877799999999999159e+01;4.363000000000000409e-06
8.927700000000000102e+01;4.386000000000000020e-06
8.977599999999999625e+01;4.310999999999999891e-06
9.027399999999998670e+01;4.098000000000000405e-06
9.077300000000001035e+01;4.084000000000000201e-06
9.127200000000000557e+01;3.980999999999999662e-06
9.177100000000000080e+01;3.797999999999999890e-06
9.226900000000000546e+01;3.812000000000000094e-06
9.276800000000000068e+01;3.767000000000000102e-06
9.326699999999999591e+01;3.722000000000000109e-06
9.376600000000000534e+01;3.558000000000000070e-06
9.426399999999999579e+01;3.462000000000000057e-06
9.476300000000000523e+01;3.459999999999999907e-06
9.526200000000000045e+01;3.516999999999999954e-06
9.576099999999999568e+01;3.281000000000000011e-06
9.625900000000000034e+01;3.304000000000000045e-06
9.675799999999999557e+01;3.152000000000000061e-06
9.725699999999999079e+01;3.125000000000000150e-06
9.775600000000000023e+01;3.029000000000000137e-06
9.825399999999999068e+01;2.883000000000000180e-06
9.875300000000000011e+01;2.885999999999999982e-06
9.925200000000000955e+01;2.911000000000000166e-06
9.975100000000000477e+01;2.774000000000000038e-06
1.002500000000000000e+02;2.742000000000000174e-06
1.007500000000000000e+02;2.648999999999999964e-06
1.012500000000000000e+02;2.529999999999999917e-06
1.017500000000000000e+02;2.380000000000000083e-06
1.022399999999999949e+02;2.490999999999999952e-06
1.027399999999999949e+02;2.344999999999999994e-06
1.032399999999999949e+02;2.219999999999999921e-06
1.037399999999999949e+02;2.167000000000000174e-06
1.042399999999999949e+02;2.118999999999999956e-06
1.047399999999999949e+02;2.027999999999999896e-06
1.052399999999999949e+02;1.979000000000000026e-06
1.057399999999999949e+02;1.947000000000000163e-06
1.062300000000000040e+02;1.873999999999999972e-06
1.067300000000000040e+02;1.791999999999999953e-06
1.072300000000000040e+02;1.709000000000000070e-06
1.077300000000000040e+02;1.621000000000000023e-06
1.082300000000000040e+02;1.563999999999999976e-06
1.087299999999999898e+02;1.512000000000000093e-06
1.092299999999999898e+02;1.413999999999999930e-06
1.097299999999999898e+02;1.292000000000000081e-06
1.102199999999999989e+02;1.255999999999999918e-06
1.107199999999999989e+02;1.222999999999999980e-06
1.112199999999999989e+02;1.134999999999999933e-06
1.117199999999999989e+02;1.108000000000000022e-06
1.122199999999999989e+02;9.980000000000000162e-07
1.127199999999999989e+02;1.001000000000000030e-06
1.132199999999999989e+02;8.770000000000000313e-07
1.137199999999999989e+02;8.059999999999999911e-07
1.142100000000000080e+02;7.719999999999999778e-07
1.147100000000000080e+02;7.029999999999999820e-07
1.152100000000000080e+02;5.700000000000000483e-07
1.157099999999999937e+02;5.039999999999999603e-07
1.162099999999999937e+02;4.719999999999999913e-07
1.167099999999999937e+02;3.900000000000000247e-07
1.172099999999999937e+02;2.510000000000000109e-07
1.177099999999999937e+02;1.470000000000000061e-07
1.182000000000000028e+02;4.399999999999999695e-08
