0.000000000000000000e+00;2.499999999999999887e-08
4.987499999999999711e-01;2.499999999999999887e-08
9.975100000000001188e-01;7.180000000000000501e-07
1.496300000000000185e+00;8.500000000000000145e-07
1.994999999999999885e+00;9.460000000000000271e-07
2.493799999999999795e+00;9.760000000000000575e-07
2.992499999999999716e+00;9.829999999999999481e-07
3.491300000000000292e+00;1.074000000000000009e-06
3.989999999999999769e+00;1.024999999999999927e-06
4.488800000000000345e+00;1.038000000000000057e-06
4.987499999999999822e+00;9.999999999999999547e-07
5.486299999999999955e+00;1.044000000000000084e-06
5.984999999999999432e+00;1.091000000000000015e-06
6.483799999999999564e+00;1.024000000000000064e-06
6.982499999999999929e+00;1.089000000000000077e-06
7.481300000000000061e+00;1.041000000000000070e-06
7.979999999999999538e+00;9.820000000000000847e-07
8.478799999999999670e+00;9.930000000000000641e-07
8.977600000000000691e+00;9.769999999999999208e-07
9.476300000000000168e+00;9.900000000000000505e-07
9.975100000000001188e+00;9.859999999999999617e-07
1.047400000000000020e+01;9.579999999999999757e-07
1.097300000000000075e+01;9.420000000000000442e-07
1.147100000000000009e+01;1.022999999999999989e-06
1.196999999999999886e+01;9.549999999999999621e-07
1.246899999999999942e+01;9.239999999999999624e-07
1.296799999999999997e+01;8.609999999999999939e-07
1.346600000000000108e+01;8.420000000000000487e-07
1.396499999999999986e+01;8.929999999999999628e-07
1.446399999999999864e+01;8.169999999999999704e-07
1.496300000000000097e+01;8.530000000000000281e-07
1.546100000000000030e+01;8.220000000000000284e-07
1.595999999999999908e+01;8.330000000000000078e-07
1.645900000000000318e+01;8.840000000000000278e-07
1.695800000000000196e+01;8.710000000000000040e-07
1.745599999999999952e+01;9.730000000000000438e-07
1.795499999999999829e+01;1.041999999999999934e-06
1.845400000000000063e+01;1.136000000000000008e-06
1.895299999999999940e+01;1.275999999999999938e-06
1.945100000000000051e+01;1.444000000000000066e-06
1.994999999999999929e+01;1.735999999999999981e-06
2.044899999999999807e+01;1.986000000000000128e-06
2.094800000000000040e+01;2.317000000000000008e-06
2.144600000000000151e+01;2.637999999999999984e-06
2.194500000000000028e+01;3.146000000000000033e-06
2.244399999999999906e+01;3.366000000000000045e-06
2.294300000000000139e+01;3.933999999999999943e-06
2.344099999999999895e+01;4.507999999999999868e-06
2.393999999999999773e+01;5.047999999999999780e-06
2.443900000000000006e+01;5.730999999999999848e-06
2.493799999999999883e+01;6.306000000000000272e-06
2.543599999999999994e+01;7.012999999999999601e-06
2.593499999999999872e+01;7.696000000000000516e-06
2.643399999999999750e+01;8.162000000000000797e-06
2.693299999999999983e+01;8.749999999999999233e-06
2.743100000000000094e+01;9.466000000000000510e-06
2.792999999999999972e+01;1.015099999999999988e-05
2.842899999999999849e+01;1.091399999999999918e-05
2.892799999999999727e+01;1.145400000000000079e-05
2.942600000000000193e+01;1.242500000000000047e-05
2.992500000000000071e+01;1.294299999999999958e-05
3.042399999999999949e+01;1.344899999999999948e-05
3.092299999999999827e+01;1.404699999999999951e-05
3.142099999999999582e+01;1.441399999999999955e-05
3.191999999999999815e+01;1.497600000000000027e-05
3.241900000000000404e+01;1.572499999999999937e-05
3.291800000000000637e+01;1.617899999999999875e-05
3.341600000000000392e+01;1.663400000000000032e-05
3.391499999999999915e+01;1.723599999999999896e-05
3.441400000000000148e+01;1.722699999999999956e-05
3.491299999999999670e+01;1.781999999999999879e-05
3.541100000000000136e+01;1.809499999999999870e-05
3.590999999999999659e+01;1.859700000000000169e-05
3.640899999999999892e+01;1.888299999999999861e-05
3.690800000000000125e+01;1.898499999999999865e-05
3.740599999999999881e+01;1.944800000000000082e-05
3.790500000000000114e+01;1.977599999999999836e-05
3.840400000000000347e+01;1.969599999999999913e-05
3.890299999999999869e+01;2.019199999999999912e-05
3.940099999999999625e+01;2.020700000000000152e-05
3.989999999999999858e+01;2.014000000000000030e-05
4.039900000000000091e+01;2.048800000000000103e-05
4.089799999999999613e+01;2.079700000000000095e-05
4.139700000000000557e+01;2.057399999999999987e-05
4.189500000000000313e+01;2.089499999999999900e-05
4.239399999999999835e+01;2.068199999999999951e-05
4.289300000000000068e+01;2.084800000000000097e-05
4.339200000000000301e+01;2.093999999999999941e-05
4.389000000000000057e+01;2.094899999999999882e-05
4.438899999999999579e+01;2.101099999999999924e-05
4.488799999999999812e+01;2.116099999999999950e-05
4.538699999999999335e+01;2.089699999999999999e-05
4.588500000000000512e+01;2.097699999999999923e-05
4.638400000000000034e+01;2.096700000000000102e-05
4.688300000000000267e+01;2.084999999999999858e-05
4.738199999999999790e+01;2.088399999999999859e-05
4.787999999999999545e+01;2.076600000000000074e-05
4.837899999999999778e+01;2.099000000000000063e-05
4.887800000000000011e+01;2.080500000000000155e-05
4.937699999999999534e+01;2.027800000000000135e-05
4.987500000000000000e+01;2.067500000000000110e-05
5.037400000000000233e+01;2.030199999999999976e-05
5.087300000000000466e+01;2.042399999999999961e-05
5.137199999999999989e+01;2.030100000000000096e-05
5.186999999999999744e+01;2.028100000000000115e-05
5.236899999999999977e+01;1.982699999999999838e-05
5.286799999999999500e+01;1.966799999999999872e-05
5.336699999999999733e+01;1.994100000000000102e-05
5.386500000000000199e+01;1.977799999999999936e-05
5.436400000000000432e+01;1.952800000000000006e-05
5.486299999999999955e+01;1.953600000000000066e-05
5.536200000000000188e+01;1.948599999999999944e-05
5.585999999999999943e+01;1.941100000000000101e-05
5.635900000000000176e+01;1.929899999999999937e-05
5.685799999999999699e+01;1.912899999999999930e-05
5.735699999999999932e+01;1.915799999999999852e-05
5.785499999999999687e+01;1.874899999999999955e-05
5.835400000000000631e+01;5.315299999999999745e-05
5.885300000000000153e+01;1.817099999999999933e-05
5.935200000000000387e+01;1.806599999999999949e-05
5.985000000000000142e+01;7.811799999999999983e-05
6.034899999999999665e+01;1.696300000000000005e-05
6.084799999999999898e+01;1.690500000000000162e-05
6.134700000000000131e+01;1.665100000000000033e-05
6.184499999999999886e+01;1.653400000000000128e-05
6.234399999999999409e+01;1.633999999999999941e-05
6.284299999999999642e+01;1.612300000000000132e-05
6.334199999999999875e+01;1.581299999999999920e-05
6.383999999999999631e+01;1.562099999999999833e-05
6.433899999999999864e+01;1.561300000000000112e-05
6.483800000000000807e+01;1.523699999999999997e-05
6.533700000000000330e+01;1.519000000000000025e-05
6.583500000000000796e+01;1.499499999999999958e-05
6.633400000000000318e+01;1.465799999999999925e-05
6.683299999999999841e+01;1.433199999999999932e-05
6.733200000000000784e+01;3.483900000000000305e-05
6.782999999999999829e+01;1.377000000000000030e-05
6.832900000000000773e+01;1.379499999999999921e-05
6.882800000000000296e+01;1.357400000000000082e-05
6.932699999999999818e+01;1.808599999999999929e-05
6.982500000000000284e+01;1.165400000000000057e-05
7.032399999999999807e+01;7.894999999999999796e-06
7.082299999999999329e+01;7.832000000000000569e-06
7.132200000000000273e+01;7.896000000000000295e-06
7.181999999999999318e+01;8.039000000000000450e-06
7.231899999999998840e+01;7.782999999999999852e-06
7.281799999999999784e+01;7.924000000000000704e-06
7.331699999999999307e+01;7.754999999999999443e-06
7.381500000000001194e+01;7.772999999999999948e-06
7.431400000000000716e+01;7.607999999999999834e-06
7.481300000000000239e+01;7.721999999999999928e-06
7.531199999999999761e+01;7.559999999999999616e-06
7.581000000000000227e+01;7.539999999999999807e-06
7.630899999999999750e+01;7.598999999999999581e-06
7.680800000000000693e+01;7.259999999999999947e-06
7.730700000000000216e+01;7.247999999999999892e-06
7.780499999999999261e+01;7.232000000000000384e-06
7.830400000000000205e+01;7.243999999999999592e-06
7.880299999999999727e+01;7.097999999999999634e-06
7.930199999999999250e+01;6.970999999999999834e-06
7.979999999999999716e+01;7.001000000000000394e-06
8.029899999999999238e+01;6.781999999999999611e-06
8.079800000000000182e+01;6.795999999999999815e-06
8.129699999999999704e+01;6.696999999999999577e-06
8.179599999999999227e+01;6.863999999999999842e-06
8.229400000000001114e+01;6.506000000000000051e-06
8.279300000000000637e+01;6.618999999999999646e-06
8.329200000000000159e+01;6.493999999999999996e-06
8.379100000000001103e+01;6.413999999999999915e-06
8.428900000000000148e+01;6.321999999999999780e-06
8.478799999999999670e+01;6.217999999999999589e-06
8.528700000000000614e+01;6.216999999999999938e-06
8.578600000000000136e+01;6.167000000000000417e-06
8.628400000000000603e+01;5.919000000000000419e-06
8.678300000000000125e+01;5.823999999999999635e-06
8.728199999999999648e+01;5.844999999999999942e-06
8.778099999999999170e+01;5.716999999999999643e-06
8.827899999999999636e+01;5.810000000000000277e-06
8.877799999999999159e+01;5.563999999999999583e-06
8.927700000000000102e+01;5.501000000000000356e-06
8.977599999999999625e+01;5.375999999999999858e-06
9.027399999999998670e+01;5.368000000000000104e-06
9.077300000000001035e+01;5.312999999999999784e-06
9.127200000000000557e+01;5.236000000000000352e-06
9.177100000000000080e+01;5.061999999999999985e-06
9.226900000000000546e+01;4.977999999999999603e-06
9.276800000000000068e+01;4.864000000000000356e-06
9.326699999999999591e+01;4.814999999999999639e-06
9.376600000000000534e+01;4.743999999999999811e-06
9.426399999999999579e+01;4.621000000000000311e-06
9.476300000000000523e+01;4.660000000000000276e-06
9.526200000000000045e+01;4.556999999999999738e-06
9.576099999999999568e+01;4.548000000000000332e-06
9.625900000000000034e+01;4.380000000000000416e-06
9.675799999999999557e+01;4.269000000000000123e-06
9.725699999999999079e+01;4.257000000000000069e-06
9.775600000000000023e+01;4.159000000000000330e-06
9.825399999999999068e+01;4.138000000000000022e-06
9.875300000000000011e+01;3.933000000000000291e-06
9.925200000000000955e+01;3.839000000000000005e-06
9.975100000000000477e+01;3.757999999999999849e-06
1.002500000000000000e+02;3.696999999999999925e-06
1.007500000000000000e+02;3.682000000000000068e-06
1.012500000000000000e+02;3.595999999999999960e-06
1.017500000000000000e+02;3.377000000000000024e-06
1.022399999999999949e+02;3.407000000000000160e-06
1.027399999999999949e+02;3.420999999999999942e-06
1.032399999999999949e+02;3.351999999999999840e-06
1.037399999999999949e+02;3.308999999999999997e-06
1.042399999999999949e+02;3.130000000000000102e-06
1.047399999999999949e+02;3.152000000000000061e-06
1.052399999999999949e+02;3.037999999999999966e-06
1.057399999999999949e+02;2.901999999999999913e-06
1.062300000000000040e+02;2.827999999999999859e-06
1.067300000000000040e+02;2.788999999999999894e-06
1.072300000000000040e+02;2.764000000000000133e-06
1.077300000000000040e+02;2.723000000000000018e-06
1.082300000000000040e+02;2.607999999999999848e-06
1.087299999999999898e+02;2.555000000000000101e-06
1.092299999999999898e+02;2.444999999999999884e-06
1.097299999999999898e+02;2.382999999999999885e-06
1.102199999999999989e+02;2.342999999999999844e-06
1.107199999999999989e+02;2.302999999999999804e-06
1.112199999999999989e+02;2.191999999999999935e-06
1.117199999999999989e+02;2.152999999999999969e-06
1.122199999999999989e+02;2.070000000000000086e-06
1.127199999999999989e+02;2.064000000000000059e-06
1.132199999999999989e+02;1.906999999999999911e-06
1.137199999999999989e+02;1.887000000000000102e-06
1.142100000000000080e+02;1.901999999999999958e-06
1.147100000000000080e+02;1.813999999999999912e-06
1.152100000000000080e+02;1.729999999999999953e-06
1.157099999999999937e+02;1.639000000000000105e-06
1.162099999999999937e+02;1.537999999999999928e-06
1.167099999999999937e+02;1.492000000000000072e-06
1.172099999999999937e+02;1.467000000000000100e-06
1.177099999999999937e+02;1.458999999999999922e-06
1.182000000000000028e+02;1.357000000000000094e-06
1.187000000000000028e+02;1.300000000000000047e-06
1.192000000000000028e+02;1.198000000000000007e-06
1.197000000000000028e+02;1.115999999999999988e-06
1.202000000000000028e+02;1.132999999999999994e-06
1.207000000000000028e+02;1.013999999999999948e-06
1.212000000000000028e+02;9.919999999999999890e-07
1.217000000000000028e+02;9.710000000000001053e-07
1.221899999999999977e+02;8.530000000000000281e-07
1.226899999999999977e+02;8.160000000000000012e-07
1.231899999999999977e+02;7.740000000000000221e-07
1.236899999999999977e+02;7.500000000000000190e-07
1.241899999999999977e+02;6.449999999999999655e-07
1.246899999999999977e+02;5.619999999999999767e-07
1.251899999999999977e+02;5.109999999999999568e-07
1.256899999999999977e+02;4.230000000000000158e-07
1.261799999999999926e+02;4.060000000000000092e-07
1.266799999999999926e+02;3.270000000000000032e-07
1.271799999999999926e+02;2.289999999999999992e-07
1.276799999999999926e+02;1.429999999999999967e-07
1.281799999999999784e+02;4.799999999999999968e-08
