0.000000000000000000e+00;2.199999999999999848e-08
4.987499999999999711e-01;2.199999999999999848e-08
9.975100000000001188e-01;8.789999999999999698e-07
1.496300000000000185e+00;9.560000000000000372e-07
1.994999999999999885e+00;1.109000000000000097e-06
2.493799999999999795e+00;1.109999999999999960e-06
2.992499999999999716e+00;1.106000000000000083e-06
3.491300000000000292e+00;1.140999999999999960e-06
3.989999999999999769e+00;1.167000000000000008e-06
4.488800000000000345e+00;1.136000000000000008e-06
4.987499999999999822e+00;1.199999999999999946e-06
5.486299999999999955e+00;1.148999999999999926e-06
5.984999999999999432e+00;1.159999999999999905e-06
6.483799999999999564e+00;1.100999999999999919e-06
6.982499999999999929e+00;1.114000000000000049e-06
7.481300000000000061e+00;1.137000000000000083e-06
7.979999999999999538e+00;1.098999999999999981e-06
8.478799999999999670e+00;1.123000000000000090e-06
8.977600000000000691e+00;1.060000000000000016e-06
9.476300000000000168e+00;1.171999999999999960e-06
9.975100000000001188e+00;1.069999999999999920e-06
1.047400000000000020e+01;1.075000000000000084e-06
1.097300000000000075e+01;1.033000000000000105e-06
1.147100000000000009e+01;9.990000000000000914e-07
1.196999999999999886e+01;1.010000000000000071e-06
1.246899999999999942e+01;1.049999999999999900e-06
1.296799999999999997e+01;9.859999999999999617e-07
1.346600000000000108e+01;9.609999999999999893e-07
1.396499999999999986e+01;9.229999999999999932e-07
1.446399999999999864e+01;8.999999999999999593e-07
1.496300000000000097e+01;8.819999999999999834e-07
1.546100000000000030e+01;9.050000000000000173e-07
1.595999999999999908e+01;8.549999999999999666e-07
1.645900000000000318e+01;9.590000000000000508e-07
1.695800000000000196e+01;1.018999999999999900e-06
1.745599999999999952e+01;1.058999999999999940e-06
1.795499999999999829e+01;1.128000000000000042e-06
1.845400000000000063e+01;1.274000000000000000e-06
1.895299999999999940e+01;1.450999999999999957e-06
1.945100000000000051e+01;1.613000000000000057e-06
1.994999999999999929e+01;1.825000000000000103e-06
2.044899999999999807e+01;2.105000000000000175e-06
2.094800000000000040e+01;2.449999999999999836e-06
2.144600000000000151e+01;2.793999999999999846e-06
2.194500000000000028e+01;3.330999999999999956e-06
2.244399999999999906e+01;3.733000000000000088e-06
2.294300000000000139e+01;4.264999999999999823e-06
2.344099999999999895e+01;4.976000000000000300e-06
2.393999999999999773e+01;5.550999999999999877e-06
2.443900000000000006e+01;6.017999999999999810e-06
2.493799999999999883e+01;6.705000000000000178e-06
2.543599999999999994e+01;7.405999999999999904e-06
2.593499999999999872e+01;7.934999999999999413e-06
2.643399999999999750e+01;8.781999999999999944e-06
2.693299999999999983e+01;9.459999999999999212e-06
2.743100000000000094e+01;9.924000000000000190e-06
2.792999999999999972e+01;1.077400000000000052e-05
2.842899999999999849e+01;1.154100000000000012e-05
2.892799999999999727e+01;1.195699999999999919e-05
2.942600000000000193e+01;1.296299999999999938e-05
2.992500000000000071e+01;1.363899999999999935e-05
3.042399999999999949e+01;1.431000000000000021e-05
3.092299999999999827e+01;1.484000000000000022e-05
3.142099999999999582e+01;1.555400000000000050e-05
3.191999999999999815e+01;1.592899999999999945e-05
3.241900000000000404e+01;1.633100000000000000e-05
3.291800000000000637e+01;1.708100000000000129e-05
3.341600000000000392e+01;1.753700000000000167e-05
3.391499999999999915e+01;1.805000000000000167e-05
3.441400000000000148e+01;1.846899999999999885e-05
3.491299999999999670e+01;1.847800000000000164e-05
3.541100000000000136e+01;1.889099999999999921e-05
3.590999999999999659e+01;1.928100000000000056e-05
3.640899999999999892e+01;2.000999999999999985e-05
3.690800000000000125e+01;2.007599999999999888e-05
3.740599999999999881e+01;2.033099999999999898e-05
3.790500000000000114e+01;2.060599999999999888e-05
3.840400000000000347e+01;2.091499999999999880e-05
3.890299999999999869e+01;2.133600000000000036e-05
3.940099999999999625e+01;2.135699999999999898e-05
3.989999999999999858e+01;2.131600000000000056e-05
4.039900000000000091e+01;2.153499999999999964e-05
4.089799999999999613e+01;2.166799999999999990e-05
4.139700000000000557e+01;2.190500000000000118e-05
4.189500000000000313e+01;2.218199999999999870e-05
4.239399999999999835e+01;2.193100000000000060e-05
4.289300000000000068e+01;2.222399999999999932e-05
4.339200000000000301e+01;2.199000000000000122e-05
4.389000000000000057e+01;2.187199999999999998e-05
4.438899999999999579e+01;2.225599999999999833e-05
4.488799999999999812e+01;2.204599999999999865e-05
4.538699999999999335e+01;2.200800000000000003e-05
4.588500000000000512e+01;2.165000000000000108e-05
4.638400000000000034e+01;2.218900000000000050e-05
4.688300000000000267e+01;2.194800000000000060e-05
4.738199999999999790e+01;2.208199999999999966e-05
4.787999999999999545e+01;2.175500000000000093e-05
4.837899999999999778e+01;2.200800000000000003e-05
4.887800000000000011e+01;2.207699999999999886e-05
4.937699999999999534e+01;2.176999999999999994e-05
4.987500000000000000e+01;2.180399999999999995e-05
5.037400000000000233e+01;2.146600000000000081e-05
5.087300000000000466e+01;2.112800000000000168e-05
5.137199999999999989e+01;2.117299999999999871e-05
5.186999999999999744e+01;2.121100000000000071e-05
5.236899999999999977e+01;2.116900000000000010e-05
5.286799999999999500e+01;2.097900000000000022e-05
5.336699999999999733e+01;2.090500000000000059e-05
5.386500000000000199e+01;2.084599999999999997e-05
5.436400000000000432e+01;2.078900000000000035e-05
5.486299999999999955e+01;2.038900000000000079e-05
5.536200000000000188e+01;2.042900000000000041e-05
5.585999999999999943e+01;2.054899999999999926e-05
5.635900000000000176e+01;2.031399999999999897e-05
5.685799999999999699e+01;2.046699999999999903e-05
5.735699999999999932e+01;2.026599999999999875e-05
5.785499999999999687e+01;1.995399999999999903e-05
5.835400000000000631e+01;5.775499999999999845e-05
5.885300000000000153e+01;1.936000000000000099e-05
5.935200000000000387e+01;1.892900000000000122e-05
5.985000000000000142e+01;8.547000000000000669e-05
6.034899999999999665e+01;1.811399999999999970e-05
6.084799999999999898e+01;1.783300000000000019e-05
6.134700000000000131e+01;1.760099999999999970e-05
6.184499999999999886e+01;1.771499999999999895e-05
6.234399999999999409e+01;1.721299999999999935e-05
6.284299999999999642e+01;1.696500000000000105e-05
6.334199999999999875e+01;1.677399999999999898e-05
6.383999999999999631e+01;1.679599999999999979e-05
6.433899999999999864e+01;1.659299999999999851e-05
6.483800000000000807e+01;1.624599999999999997e-05
6.533700000000000330e+01;1.595600000000000105e-05
6.583500000000000796e+01;1.597600000000000086e-05
6.633400000000000318e+01;1.576100000000000038e-05
6.683299999999999841e+01;1.539599999999999964e-05
6.733200000000000784e+01;3.779000000000000241e-05
6.782999999999999829e+01;1.475900000000000049e-05
6.832900000000000773e+01;1.450000000000000009e-05
6.882800000000000296e+01;1.432700000000000022e-05
6.932699999999999818e+01;1.932300000000000117e-05
6.982500000000000284e+01;1.250199999999999990e-05
7.032399999999999807e+01;8.543999999999999851e-06
7.082299999999999329e+01;8.471999999999999523e-06
7.132200000000000273e+01;8.318000000000000659e-06
7.181999999999999318e+01;8.359999999999999579e-06
7.231899999999998840e+01;8.336999999999999969e-06
7.281799999999999784e+01;8.271999999999999744e-06
7.331699999999999307e+01;8.165999999999999404e-06
7.381500000000001194e+01;8.334000000000000167e-06
7.431400000000000716e+01;8.284000000000000646e-06
7.481300000000000239e+01;8.182999999999999411e-06
7.531199999999999761e+01;8.232000000000000127e-06
7.581000000000000227e+01;8.069000000000000163e-06
7.630899999999999750e+01;8.016000000000000840e-06
7.680800000000000693e+01;7.940000000000000212e-06
7.730700000000000216e+01;7.714999999999999826e-06
7.780499999999999261e+01;7.678000000000000010e-06
7.830400000000000205e+01;7.798999999999999360e-06
7.880299999999999727e+01;7.706999999999999225e-06
7.930199999999999250e+01;7.609999999999999984e-06
7.979999999999999716e+01;7.442000000000000068e-06
8.029899999999999238e+01;7.519999999999999999e-06
8.079800000000000182e+01;7.425999999999999713e-06
8.129699999999999704e+01;7.213999999999999879e-06
8.179599999999999227e+01;7.148000000000000003e-06
8.229400000000001114e+01;7.142000000000000399e-06
8.279300000000000637e+01;7.021999999999999854e-06
8.329200000000000159e+01;7.011999999999999950e-06
8.379100000000001103e+01;6.821000000000000423e-06
8.428900000000000148e+01;6.887000000000000299e-06
8.478799999999999670e+01;6.613000000000000043e-06
8.528700000000000614e+01;6.725999999999999638e-06
8.578600000000000136e+01;6.583000000000000330e-06
8.628400000000000603e+01;6.474000000000000188e-06
8.678300000000000125e+01;6.530000000000000160e-06
8.728199999999999648e+01;6.282000000000000163e-06
8.778099999999999170e+01;6.253000000000000101e-06
8.827899999999999636e+01;6.173999999999999672e-06
8.877799999999999159e+01;5.920999999999999723e-06
8.927700000000000102e+01;5.920999999999999723e-06
8.977599999999999625e+01;6.053999999999999974e-06
9.027399999999998670e+01;5.742999999999999902e-06
9.077300000000001035e+01;5.823999999999999635e-06
9.127200000000000557e+01;5.800000000000000373e-06
9.177100000000000080e+01;5.504000000000000158e-06
9.226900000000000546e+01;5.431999999999999830e-06
9.276800000000000068e+01;5.382000000000000309e-06
9.326699999999999591e+01;5.334999999999999743e-06
9.376600000000000534e+01;5.217000000000000195e-06
9.426399999999999579e+01;5.132000000000000162e-06
9.476300000000000523e+01;5.054999999999999882e-06
9.526200000000000045e+01;5.003999999999999862e-06
9.576099999999999568e+01;5.061999999999999985e-06
9.625900000000000034e+01;4.874000000000000260e-06
9.675799999999999557e+01;4.599000000000000352e-06
9.725699999999999079e+01;4.643999999999999921e-06
9.775600000000000023e+01;4.595000000000000051e-06
9.825399999999999068e+01;4.451000000000000244e-06
9.875300000000000011e+01;4.492000000000000360e-06
9.925200000000000955e+01;4.393000000000000122e-06
9.975100000000000477e+01;4.159999999999999981e-06
1.002500000000000000e+02;4.203000000000000247e-06
1.007500000000000000e+02;4.167000000000000084e-06
1.012500000000000000e+02;4.094000000000000105e-06
1.017500000000000000e+02;3.841999999999999807e-06
1.022399999999999949e+02;3.745000000000000143e-06
1.027399999999999949e+02;3.707999999999999904e-06
1.032399999999999949e+02;3.752999999999999897e-06
1.037399999999999949e+02;3.644999999999999830e-06
1.042399999999999949e+02;3.508000000000000125e-06
1.047399999999999949e+02;3.412000000000000112e-06
1.052399999999999949e+02;3.375999999999999949e-06
1.057399999999999949e+02;3.402999999999999860e-06
1.062300000000000040e+02;3.239999999999999896e-06
1.067300000000000040e+02;3.188999999999999876e-06
1.072300000000000040e+02;3.153000000000000136e-06
1.077300000000000040e+02;3.081999999999999884e-06
1.082300000000000040e+02;3.014999999999999932e-06
1.087299999999999898e+02;2.900999999999999838e-06
1.092299999999999898e+02;2.884999999999999907e-06
1.097299999999999898e+02;2.815000000000000153e-06
1.102199999999999989e+02;2.708999999999999813e-06
1.107199999999999989e+02;2.708999999999999813e-06
1.112199999999999989e+02;2.658999999999999868e-06
1.117199999999999989e+02;2.585999999999999889e-06
1.122199999999999989e+02;2.443999999999999809e-06
1.127199999999999989e+02;2.479999999999999972e-06
1.132199999999999989e+02;2.327999999999999988e-06
1.137199999999999989e+02;2.241999999999999879e-06
1.142100000000000080e+02;2.236999999999999927e-06
1.147100000000000080e+02;2.109000000000000052e-06
1.152100000000000080e+02;2.089999999999999895e-06
1.157099999999999937e+02;2.036000000000000073e-06
1.162099999999999937e+02;1.985000000000000053e-06
1.167099999999999937e+02;1.892999999999999918e-06
1.172099999999999937e+02;1.810000000000000035e-06
1.177099999999999937e+02;1.853999999999999952e-06
1.182000000000000028e+02;1.732000000000000104e-06
1.187000000000000028e+02;1.757999999999999940e-06
1.192000000000000028e+02;1.605999999999999955e-06
1.197000000000000028e+02;1.543000000000000092e-06
1.202000000000000028e+02;1.455999999999999909e-06
1.207000000000000028e+02;1.444000000000000066e-06
1.212000000000000028e+02;1.450000000000000093e-06
1.217000000000000028e+02;1.339000000000000012e-06
1.221899999999999977e+02;1.238999999999999911e-06
1.226899999999999977e+02;1.151999999999999939e-06
1.231899999999999977e+02;1.094000000000000029e-06
1.236899999999999977e+02;1.109999999999999960e-06
1.241899999999999977e+02;1.018999999999999900e-06
1.246899999999999977e+02;9.560000000000000372e-07
1.251899999999999977e+02;9.449999999999999519e-07
1.256899999999999977e+02;9.180000000000000410e-07
1.261799999999999926e+02;7.789999999999999743e-07
1.266799999999999926e+02;7.959999999999999809e-07
1.271799999999999926e+02;6.989999999999999991e-07
1.276799999999999926e+02;6.899999999999999582e-07
1.281799999999999784e+02;5.759999999999999697e-07
1.286799999999999784e+02;5.619999999999999767e-07
1.291799999999999784e+02;4.529999999999999933e-07
1.296799999999999784e+02;4.020000000000000263e-07
1.301700000000000159e+02;3.660000000000000216e-07
1.306700000000000159e+02;2.920000000000000207e-07
1.311700000000000159e+02;1.900000000000000073e-07
1.316700000000000159e+02;1.220000000000000072e-07
1.321700000000000159e+02;4.399999999999999695e-08
