0.000000000000000000e+00;1.300000000000000060e-08
4.987499999999999711e-01;1.300000000000000060e-08
9.975100000000001188e-01;1.439999999999999924e-07
1.496300000000000185e+00;2.109999999999999968e-07
1.994999999999999885e+00;2.610000000000000210e-07
2.493799999999999795e+00;2.700000000000000090e-07
2.992499999999999716e+00;2.829999999999999798e-07
3.491300000000000292e+00;2.829999999999999798e-07
3.989999999999999769e+00;3.049999999999999915e-07
4.488800000000000345e+00;3.150000000000000016e-07
4.987499999999999822e+00;3.320000000000000083e-07
5.486299999999999955e+00;3.280000000000000254e-07
5.984999999999999432e+00;3.280000000000000254e-07
6.483799999999999564e+00;3.080000000000000051e-07
6.982499999999999929e+00;3.069999999999999829e-07
7.481300000000000061e+00;2.990000000000000172e-07
7.979999999999999538e+00;3.150000000000000016e-07
8.478799999999999670e+00;3.359999999999999911e-07
8.977600000000000691e+00;3.069999999999999829e-07
9.476300000000000168e+00;2.909999999999999985e-07
9.975100000000001188e+00;2.730000000000000226e-07
1.047400000000000020e+01;2.650000000000000039e-07
1.097300000000000075e+01;3.040000000000000222e-07
1.147100000000000009e+01;2.979999999999999950e-07
1.196999999999999886e+01;3.119999999999999880e-07
1.246899999999999942e+01;2.730000000000000226e-07
1.296799999999999997e+01;2.569999999999999852e-07
1.346600000000000108e+01;2.390000000000000093e-07
1.396499999999999986e+01;2.519999999999999801e-07
1.446399999999999864e+01;2.090000000000000054e-07
1.496300000000000097e+01;2.569999999999999852e-07
1.546100000000000030e+01;2.569999999999999852e-07
1.595999999999999908e+01;2.109999999999999968e-07
1.645900000000000318e+01;2.519999999999999801e-07
1.695800000000000196e+01;2.490000000000000194e-07
1.745599999999999952e+01;3.060000000000000137e-07
1.795499999999999829e+01;3.379999999999999826e-07
1.845400000000000063e+01;3.999999999999999819e-07
1.895299999999999940e+01;4.789999999999999879e-07
1.945100000000000051e+01;5.260000000000000249e-07
1.994999999999999929e+01;6.920000000000000026e-07
2.044899999999999807e+01;8.889999999999999799e-07
2.094800000000000040e+01;9.239999999999999624e-07
2.144600000000000151e+01;1.171000000000000096e-06
2.194500000000000028e+01;1.433000000000000087e-06
2.244399999999999906e+01;1.650000000000000084e-06
2.294300000000000139e+01;1.876999999999999986e-06
2.344099999999999895e+01;2.135999999999999963e-06
2.393999999999999773e+01;2.453000000000000062e-06
2.443900000000000006e+01;2.889000000000000207e-06
2.493799999999999883e+01;3.075999999999999857e-06
2.543599999999999994e+01;3.571000000000000199e-06
2.593499999999999872e+01;3.824000000000000149e-06
2.643399999999999750e+01;4.441999999999999992e-06
2.693299999999999983e+01;4.641999999999999771e-06
2.743100000000000094e+01;4.893000000000000417e-06
2.792999999999999972e+01;5.553999999999999679e-06
2.842899999999999849e+01;5.744000000000000401e-06
2.892799999999999727e+01;6.085000000000000185e-06
2.942600000000000193e+01;6.564000000000000173e-06
2.992500000000000071e+01;6.688000000000000172e-06
3.042399999999999949e+01;7.099000000000000133e-06
3.092299999999999827e+01;7.374000000000000041e-06
3.142099999999999582e+01;7.792999999999999756e-06
3.191999999999999815e+01;7.974000000000000226e-06
3.241900000000000404e+01;8.369000000000000679e-06
3.291800000000000637e+01;8.715000000000000416e-06
3.341600000000000392e+01;8.888000000000000284e-06
3.391499999999999915e+01;9.248000000000000225e-06
3.441400000000000148e+01;9.282000000000000239e-06
3.491299999999999670e+01;9.721000000000000609e-06
3.541100000000000136e+01;9.820999999999999652e-06
3.590999999999999659e+01;9.931000000000000293e-06
3.640899999999999892e+01;1.023499999999999942e-05
3.690800000000000125e+01;1.034300000000000075e-05
3.740599999999999881e+01;1.021799999999999941e-05
3.790500000000000114e+01;1.056300000000000034e-05
3.840400000000000347e+01;1.079400000000000033e-05
3.890299999999999869e+01;1.076700000000000042e-05
3.940099999999999625e+01;1.064699999999999988e-05
3.989999999999999858e+01;1.087999999999999917e-05
4.039900000000000091e+01;1.089600000000000037e-05
4.089799999999999613e+01;1.109899999999999995e-05
4.139700000000000557e+01;1.103399999999999973e-05
4.189500000000000313e+01;1.104500000000000013e-05
4.239399999999999835e+01;1.098999999999999981e-05
4.289300000000000068e+01;1.114499999999999917e-05
4.339200000000000301e+01;1.112700000000000036e-05
4.389000000000000057e+01;1.112599999999999986e-05
4.438899999999999579e+01;1.094100000000000079e-05
4.488799999999999812e+01;1.091899999999999998e-05
4.538699999999999335e+01;1.101200000000000062e-05
4.588500000000000512e+01;1.086600000000000066e-05
4.638400000000000034e+01;1.100599999999999932e-05
4.688300000000000267e+01;1.057499999999999955e-05
4.738199999999999790e+01;1.062400000000000026e-05
4.787999999999999545e+01;1.068099999999999989e-05
4.837899999999999778e+01;1.054499999999999984e-05
4.887800000000000011e+01;1.040499999999999948e-05
4.937699999999999534e+01;1.026800000000000062e-05
4.987500000000000000e+01;1.025499999999999922e-05
5.037400000000000233e+01;1.033900000000000045e-05
5.087300000000000466e+01;1.018099999999999959e-05
5.137199999999999989e+01;1.001499999999999983e-05
5.186999999999999744e+01;9.955999999999999206e-06
5.236899999999999977e+01;9.892999999999999979e-06
5.286799999999999500e+01;9.765999999999999331e-06
5.336699999999999733e+01;9.595999999999999265e-06
5.386500000000000199e+01;9.535999999999999840e-06
5.436400000000000432e+01;9.337999999999999364e-06
5.486299999999999955e+01;9.320000000000000552e-06
5.536200000000000188e+01;9.252999999999999330e-06
5.585999999999999943e+01;9.137999999999999584e-06
5.635900000000000176e+01;9.082999999999999264e-06
5.685799999999999699e+01;8.746000000000000627e-06
5.735699999999999932e+01;8.746000000000000627e-06
5.785499999999999687e+01;8.461000000000000815e-06
5.835400000000000631e+01;1.410499999999999963e-05
5.885300000000000153e+01;8.358000000000000276e-06
5.935200000000000387e+01;8.096000000000000074e-06
5.985000000000000142e+01;1.799100000000000105e-05
6.034899999999999665e+01;7.784999999999999155e-06
6.084799999999999898e+01;7.693000000000000714e-06
6.134700000000000131e+01;7.434000000000000314e-06
6.184499999999999886e+01;7.266000000000000398e-06
6.234399999999999409e+01;7.267999999999999701e-06
6.284299999999999642e+01;7.067999999999999922e-06
6.334199999999999875e+01;6.956999999999999629e-06
6.383999999999999631e+01;6.892000000000000251e-06
6.433899999999999864e+01;6.668000000000000363e-06
6.483800000000000807e+01;6.703000000000000028e-06
6.533700000000000330e+01;6.362000000000000244e-06
6.583500000000000796e+01;6.306999999999999923e-06
6.633400000000000318e+01;6.221000000000000238e-06
6.683299999999999841e+01;5.888000000000000208e-06
6.733200000000000784e+01;9.273999999999999638e-06
6.782999999999999829e+01;5.686000000000000278e-06
6.832900000000000773e+01;5.448000000000000185e-06
6.882800000000000296e+01;5.300999999999999729e-06
6.932699999999999818e+01;5.973000000000000241e-06
6.982500000000000284e+01;4.453000000000000395e-06
7.032399999999999807e+01;2.900999999999999838e-06
7.082299999999999329e+01;2.934999999999999851e-06
7.132200000000000273e+01;2.815000000000000153e-06
7.181999999999999318e+01;2.877999999999999804e-06
7.231899999999998840e+01;2.853000000000000043e-06
7.281799999999999784e+01;2.601000000000000169e-06
7.331699999999999307e+01;2.575999999999999985e-06
7.381500000000001194e+01;2.567000000000000156e-06
7.431400000000000716e+01;2.431000000000000103e-06
7.481300000000000239e+01;2.462999999999999966e-06
7.531199999999999761e+01;2.387000000000000185e-06
7.581000000000000227e+01;2.293999999999999975e-06
7.630899999999999750e+01;2.245000000000000105e-06
7.680800000000000693e+01;2.195000000000000160e-06
7.730700000000000216e+01;2.146999999999999942e-06
7.780499999999999261e+01;2.076000000000000114e-06
7.830400000000000205e+01;2.007000000000000012e-06
7.880299999999999727e+01;1.884000000000000088e-06
7.930199999999999250e+01;1.839999999999999959e-06
7.979999999999999716e+01;1.734999999999999906e-06
8.029899999999999238e+01;1.666000000000000016e-06
8.079800000000000182e+01;1.568999999999999928e-06
8.129699999999999704e+01;1.546000000000000106e-06
8.179599999999999227e+01;1.419999999999999957e-06
8.229400000000001114e+01;1.317999999999999917e-06
8.279300000000000637e+01;1.252000000000000041e-06
8.329200000000000159e+01;1.171000000000000096e-06
8.379100000000001103e+01;1.097000000000000042e-06
8.428900000000000148e+01;9.590000000000000508e-07
8.478799999999999670e+01;8.710000000000000040e-07
8.528700000000000614e+01;8.150000000000000319e-07
8.578600000000000136e+01;7.069999999999999648e-07
8.628400000000000603e+01;5.840000000000000413e-07
8.678300000000000125e+01;4.689999999999999777e-07
8.728199999999999648e+01;3.490000000000000149e-07
8.778099999999999170e+01;1.540000000000000026e-07
8.827899999999999636e+01;3.700000000000000044e-08
