0.000000000000000000e+00;8.999999999999999527e-09
4.987499999999999711e-01;8.999999999999999527e-09
9.975100000000001188e-01;2.030000000000000046e-07
1.496300000000000185e+00;2.330000000000000085e-07
1.994999999999999885e+00;3.259999999999999810e-07
2.493799999999999795e+00;3.479999999999999927e-07
2.992499999999999716e+00;3.649999999999999994e-07
3.491300000000000292e+00;3.900000000000000247e-07
3.989999999999999769e+00;3.949999999999999768e-07
4.488800000000000345e+00;4.339999999999999952e-07
4.987499999999999822e+00;4.250000000000000072e-07
5.486299999999999955e+00;4.219999999999999936e-07
5.984999999999999432e+00;4.370000000000000088e-07
6.483799999999999564e+00;4.250000000000000072e-07
6.982499999999999929e+00;3.990000000000000126e-07
7.481300000000000061e+00;4.569999999999999761e-07
7.979999999999999538e+00;4.180000000000000107e-07
8.478799999999999670e+00;4.499999999999999796e-07
8.977600000000000691e+00;4.049999999999999870e-07
9.476300000000000168e+00;3.940000000000000076e-07
9.975100000000001188e+00;3.909999999999999940e-07
1.047400000000000020e+01;3.619999999999999857e-07
1.097300000000000075e+01;3.470000000000000235e-07
1.147100000000000009e+01;3.689999999999999822e-07
1.196999999999999886e+01;3.770000000000000009e-07
1.246899999999999942e+01;3.730000000000000181e-07
1.296799999999999997e+01;3.900000000000000247e-07
1.346600000000000108e+01;3.379999999999999826e-07
1.396499999999999986e+01;3.490000000000000149e-07
1.446399999999999864e+01;3.280000000000000254e-07
1.496300000000000097e+01;3.309999999999999861e-07
1.546100000000000030e+01;3.219999999999999981e-07
1.595999999999999908e+01;3.219999999999999981e-07
1.645900000000000318e+01;3.180000000000000153e-07
1.695800000000000196e+01;3.789999999999999924e-07
1.745599999999999952e+01;4.010000000000000041e-07
1.795499999999999829e+01;4.669999999999999863e-07
1.845400000000000063e+01;4.999999999999999774e-07
1.895299999999999940e+01;6.029999999999999865e-07
1.945100000000000051e+01;6.859999999999999753e-07
1.994999999999999929e+01;7.950000000000000117e-07
2.044899999999999807e+01;9.859999999999999617e-07
2.094800000000000040e+01;1.111999999999999899e-06
2.144600000000000151e+01;1.413000000000000066e-06
2.194500000000000028e+01;1.763000000000000103e-06
2.244399999999999906e+01;1.934000000000000033e-06
2.294300000000000139e+01;2.190000000000000208e-06
2.344099999999999895e+01;2.518999999999999938e-06
2.393999999999999773e+01;2.865000000000000098e-06
2.443900000000000006e+01;3.217999999999999937e-06
2.493799999999999883e+01;3.791999999999999862e-06
2.543599999999999994e+01;4.041999999999999586e-06
2.593499999999999872e+01;4.366999999999999863e-06
2.643399999999999750e+01;4.903999999999999973e-06
2.693299999999999983e+01;5.292999999999999975e-06
2.743100000000000094e+01;5.854000000000000195e-06
2.792999999999999972e+01;6.085999999999999837e-06
2.842899999999999849e+01;6.657999999999999612e-06
2.892799999999999727e+01;6.973999999999999636e-06
2.942600000000000193e+01;7.396000000000000000e-06
2.992500000000000071e+01;7.822000000000000665e-06
3.042399999999999949e+01;8.206000000000000715e-06
3.092299999999999827e+01;8.633000000000000184e-06
3.142099999999999582e+01;8.980000000000000419e-06
3.191999999999999815e+01;9.314999999999999753e-06
3.241900000000000404e+01;9.693000000000000200e-06
3.291800000000000637e+01;9.956999999999999705e-06
3.341600000000000392e+01;1.033699999999999945e-05
3.391499999999999915e+01;1.059100000000000075e-05
3.441400000000000148e+01;1.088099999999999967e-05
3.491299999999999670e+01;1.122799999999999990e-05
3.541100000000000136e+01;1.129899999999999973e-05
3.590999999999999659e+01;1.154800000000000023e-05
3.640899999999999892e+01;1.179399999999999923e-05
3.690800000000000125e+01;1.184800000000000074e-05
3.740599999999999881e+01;1.232499999999999973e-05
3.790500000000000114e+01;1.226100000000000001e-05
3.840400000000000347e+01;1.218799999999999918e-05
3.890299999999999869e+01;1.256199999999999933e-05
3.940099999999999625e+01;1.268499999999999967e-05
3.989999999999999858e+01;1.243800000000000018e-05
4.039900000000000091e+01;1.253899999999999972e-05
4.089799999999999613e+01;1.275800000000000050e-05
4.139700000000000557e+01;1.279200000000000051e-05
4.189500000000000313e+01;1.288700000000000045e-05
4.239399999999999835e+01;1.282500000000000003e-05
4.289300000000000068e+01;1.298699999999999949e-05
4.339200000000000301e+01;1.306799999999999923e-05
4.389000000000000057e+01;1.283399999999999943e-05
4.438899999999999579e+01;1.297299999999999929e-05
4.488799999999999812e+01;1.282399999999999953e-05
4.538699999999999335e+01;1.298600000000000069e-05
4.588500000000000512e+01;1.318300000000000067e-05
4.638400000000000034e+01;1.265399999999999946e-05
4.688300000000000267e+01;1.270899999999999978e-05
4.738199999999999790e+01;1.261500000000000035e-05
4.787999999999999545e+01;1.242599999999999927e-05
4.837899999999999778e+01;1.241400000000000007e-05
4.887800000000000011e+01;1.247699999999999929e-05
4.937699999999999534e+01;1.243599999999999918e-05
4.987500000000000000e+01;1.233600000000000014e-05
5.037400000000000233e+01;1.222899999999999930e-05
5.087300000000000466e+01;1.196900000000000009e-05
5.137199999999999989e+01;1.196799999999999959e-05
5.186999999999999744e+01;1.188200000000000076e-05
5.236899999999999977e+01;1.159799999999999975e-05
5.286799999999999500e+01;1.173600000000000080e-05
5.336699999999999733e+01;1.158699999999999935e-05
5.386500000000000199e+01;1.149299999999999991e-05
5.436400000000000432e+01;1.137999999999999946e-05
5.486299999999999955e+01;1.136800000000000026e-05
5.536200000000000188e+01;1.101399999999999992e-05
5.585999999999999943e+01;1.082200000000000074e-05
5.635900000000000176e+01;1.106399999999999944e-05
5.685799999999999699e+01;1.089600000000000037e-05
5.735699999999999932e+01;1.091099999999999938e-05
5.785499999999999687e+01;1.070099999999999970e-05
5.835400000000000631e+01;2.072000000000000152e-05
5.885300000000000153e+01;1.028500000000000063e-05
5.935200000000000387e+01;1.018699999999999920e-05
5.985000000000000142e+01;2.799300000000000117e-05
6.034899999999999665e+01;9.599999999999999566e-06
6.084799999999999898e+01;9.432999999999999301e-06
6.134700000000000131e+01;9.198999999999999509e-06
6.184499999999999886e+01;8.980000000000000419e-06
6.234399999999999409e+01;9.160999999999999195e-06
6.284299999999999642e+01;8.885000000000000482e-06
6.334199999999999875e+01;8.644000000000000587e-06
6.383999999999999631e+01;8.611999999999999877e-06
6.433899999999999864e+01;8.397999999999999893e-06
6.483800000000000807e+01;8.266000000000000141e-06
6.533700000000000330e+01;8.120000000000000183e-06
6.583500000000000796e+01;7.849000000000000575e-06
6.633400000000000318e+01;7.914000000000000800e-06
6.683299999999999841e+01;7.583999999999999725e-06
6.733200000000000784e+01;1.360300000000000003e-05
6.782999999999999829e+01;7.223000000000000132e-06
6.832900000000000773e+01;7.235999999999999838e-06
6.882800000000000296e+01;6.924000000000000114e-06
6.932699999999999818e+01;8.392000000000000289e-06
6.982500000000000284e+01;6.071999999999999632e-06
7.032399999999999807e+01;3.924000000000000038e-06
7.082299999999999329e+01;3.848999999999999909e-06
7.132200000000000273e+01;3.821999999999999999e-06
7.181999999999999318e+01;3.826000000000000299e-06
7.231899999999998840e+01;3.694000000000000123e-06
7.281799999999999784e+01;3.807000000000000142e-06
7.331699999999999307e+01;3.670000000000000014e-06
7.381500000000001194e+01;3.555999999999999920e-06
7.431400000000000716e+01;3.554000000000000193e-06
7.481300000000000239e+01;3.476999999999999914e-06
7.531199999999999761e+01;3.370999999999999997e-06
7.581000000000000227e+01;3.441999999999999825e-06
7.630899999999999750e+01;3.312999999999999874e-06
7.680800000000000693e+01;3.163000000000000040e-06
7.730700000000000216e+01;3.180000000000000047e-06
7.780499999999999261e+01;3.114999999999999822e-06
7.830400000000000205e+01;3.138999999999999931e-06
7.880299999999999727e+01;3.013999999999999857e-06
7.930199999999999250e+01;2.944000000000000104e-06
7.979999999999999716e+01;2.797000000000000071e-06
8.029899999999999238e+01;2.894999999999999811e-06
8.079800000000000182e+01;2.738999999999999949e-06
8.129699999999999704e+01;2.699999999999999984e-06
8.179599999999999227e+01;2.645000000000000087e-06
8.229400000000001114e+01;2.597999999999999944e-06
8.279300000000000637e+01;2.468999999999999993e-06
8.329200000000000159e+01;2.329000000000000063e-06
8.379100000000001103e+01;2.380000000000000083e-06
8.428900000000000148e+01;2.284000000000000070e-06
8.478799999999999670e+01;2.150999999999999819e-06
8.528700000000000614e+01;2.139999999999999840e-06
8.578600000000000136e+01;1.975000000000000149e-06
8.628400000000000603e+01;1.942999999999999862e-06
8.678300000000000125e+01;1.884999999999999952e-06
8.728199999999999648e+01;1.752999999999999987e-06
8.778099999999999170e+01;1.721999999999999988e-06
8.827899999999999636e+01;1.644000000000000057e-06
8.877799999999999159e+01;1.594999999999999975e-06
8.927700000000000102e+01;1.393999999999999909e-06
8.977599999999999625e+01;1.366999999999999998e-06
9.027399999999998670e+01;1.297999999999999897e-06
9.077300000000001035e+01;1.224000000000000055e-06
9.127200000000000557e+01;1.126999999999999967e-06
9.177100000000000080e+01;1.084999999999999988e-06
9.226900000000000546e+01;9.209999999999999488e-07
9.276800000000000068e+01;8.710000000000000040e-07
9.326699999999999591e+01;7.670000000000000256e-07
9.376600000000000534e+01;6.670000000000000302e-07
9.426399999999999579e+01;5.330000000000000214e-07
9.476300000000000523e+01;4.499999999999999796e-07
9.526200000000000045e+01;3.440000000000000098e-07
9.576099999999999568e+01;1.590000000000000076e-07
9.625900000000000034e+01;3.899999999999999850e-08
