0.000000000000000000e+00;8.999999999999999527e-09
4.987499999999999711e-01;8.999999999999999527e-09
9.975100000000001188e-01;2.469999999999999751e-07
1.496300000000000185e+00;2.809999999999999883e-07
1.994999999999999885e+00;3.689999999999999822e-07
2.493799999999999795e+00;3.959999999999999990e-07
2.992499999999999716e+00;3.719999999999999959e-07
3.491300000000000292e+00;4.259999999999999765e-07
3.989999999999999769e+00;4.169999999999999885e-07
4.488800000000000345e+00;4.520000000000000240e-07
4.987499999999999822e+00;4.239999999999999850e-07
5.486299999999999955e+00;4.479999999999999882e-07
5.984999999999999432e+00;4.829999999999999707e-07
6.483799999999999564e+00;4.409999999999999917e-07
6.982499999999999929e+00;4.390000000000000003e-07
7.481300000000000061e+00;4.330000000000000259e-07
7.979999999999999538e+00;3.850000000000000196e-07
8.478799999999999670e+00;4.479999999999999882e-07
8.977600000000000691e+00;4.069999999999999784e-07
9.476300000000000168e+00;4.390000000000000003e-07
9.975100000000001188e+00;4.269999999999999987e-07
1.047400000000000020e+01;4.230000000000000158e-07
1.097300000000000075e+01;4.010000000000000041e-07
1.147100000000000009e+01;3.700000000000000044e-07
1.196999999999999886e+01;3.829999999999999753e-07
1.246899999999999942e+01;4.149999999999999971e-07
1.296799999999999997e+01;4.130000000000000057e-07
1.346600000000000108e+01;3.669999999999999908e-07
1.396499999999999986e+01;3.479999999999999927e-07
1.446399999999999864e+01;3.680000000000000130e-07
1.496300000000000097e+01;3.549999999999999892e-07
1.546100000000000030e+01;3.519999999999999756e-07
1.595999999999999908e+01;3.839999999999999974e-07
1.645900000000000318e+01;3.510000000000000064e-07
1.695800000000000196e+01;3.639999999999999772e-07
1.745599999999999952e+01;4.359999999999999866e-07
1.795499999999999829e+01;4.889999999999999980e-07
1.845400000000000063e+01;5.220000000000000420e-07
1.895299999999999940e+01;5.780000000000000141e-07
1.945100000000000051e+01;6.989999999999999991e-07
1.994999999999999929e+01;8.870000000000000414e-07
2.044899999999999807e+01;1.024999999999999927e-06
2.094800000000000040e+01;1.142000000000000035e-06
2.144600000000000151e+01;1.408999999999999978e-06
2.194500000000000028e+01;1.756000000000000001e-06
2.244399999999999906e+01;2.037000000000000148e-06
2.294300000000000139e+01;2.259999999999999961e-06
2.344099999999999895e+01;2.689000000000000004e-06
2.393999999999999773e+01;2.922000000000000145e-06
2.443900000000000006e+01;3.335999999999999908e-06
2.493799999999999883e+01;3.775999999999999931e-06
2.543599999999999994e+01;4.164999999999999933e-06
2.593499999999999872e+01;4.692999999999999791e-06
2.643399999999999750e+01;5.326000000000000337e-06
2.693299999999999983e+01;5.533999999999999870e-06
2.743100000000000094e+01;5.913999999999999620e-06
2.792999999999999972e+01;6.403000000000000359e-06
2.842899999999999849e+01;6.724999999999999987e-06
2.892799999999999727e+01;7.488000000000000135e-06
2.942600000000000193e+01;7.700999999999999621e-06
2.992500000000000071e+01;8.054999999999999958e-06
3.042399999999999949e+01;8.692999999999999610e-06
3.092299999999999827e+01;8.960000000000000611e-06
3.142099999999999582e+01;9.473000000000000612e-06
3.191999999999999815e+01;9.620999999999999873e-06
3.241900000000000404e+01;1.006499999999999935e-05
3.291800000000000637e+01;1.039199999999999978e-05
3.341600000000000392e+01;1.078400000000000043e-05
3.391499999999999915e+01;1.109400000000000085e-05
3.441400000000000148e+01;1.124000000000000080e-05
3.491299999999999670e+01;1.154100000000000012e-05
3.541100000000000136e+01;1.173999999999999941e-05
3.590999999999999659e+01;1.214600000000000026e-05
3.640899999999999892e+01;1.204199999999999922e-05
3.690800000000000125e+01;1.238899999999999946e-05
3.740599999999999881e+01;1.262299999999999925e-05
3.790500000000000114e+01;1.284399999999999934e-05
3.840400000000000347e+01;1.306100000000000082e-05
3.890299999999999869e+01;1.276500000000000060e-05
3.940099999999999625e+01;1.297600000000000079e-05
3.989999999999999858e+01;1.303600000000000021e-05
4.039900000000000091e+01;1.303600000000000021e-05
4.089799999999999613e+01;1.317200000000000026e-05
4.139700000000000557e+01;1.336099999999999964e-05
4.189500000000000313e+01;1.333600000000000073e-05
4.239399999999999835e+01;1.344100000000000057e-05
4.289300000000000068e+01;1.337700000000000084e-05
4.339200000000000301e+01;1.349200000000000059e-05
4.389000000000000057e+01;1.329599999999999942e-05
4.438899999999999579e+01;1.345700000000000008e-05
4.488799999999999812e+01;1.333299999999999923e-05
4.538699999999999335e+01;1.340300000000000025e-05
4.588500000000000512e+01;1.319499999999999987e-05
4.638400000000000034e+01;1.335099999999999974e-05
4.688300000000000267e+01;1.336900000000000024e-05
4.738199999999999790e+01;1.317099999999999977e-05
4.787999999999999545e+01;1.303700000000000071e-05
4.837899999999999778e+01;1.294999999999999968e-05
4.887800000000000011e+01;1.313900000000000075e-05
4.937699999999999534e+01;1.277599999999999931e-05
4.987500000000000000e+01;1.292999999999999987e-05
5.037400000000000233e+01;1.279999999999999942e-05
5.087300000000000466e+01;1.272899999999999959e-05
5.137199999999999989e+01;1.264500000000000006e-05
5.186999999999999744e+01;1.239100000000000046e-05
5.236899999999999977e+01;1.233199999999999984e-05
5.286799999999999500e+01;1.219100000000000068e-05
5.336699999999999733e+01;1.207299999999999944e-05
5.386500000000000199e+01;1.211200000000000025e-05
5.436400000000000432e+01;1.193399999999999958e-05
5.486299999999999955e+01;1.172800000000000020e-05
5.536200000000000188e+01;1.171999999999999960e-05
5.585999999999999943e+01;1.160399999999999935e-05
5.635900000000000176e+01;1.128700000000000052e-05
5.685799999999999699e+01;1.155100000000000003e-05
5.735699999999999932e+01;1.138699999999999957e-05
5.785499999999999687e+01;1.113299999999999997e-05
5.835400000000000631e+01;2.290699999999999938e-05
5.885300000000000153e+01;1.076100000000000082e-05
5.935200000000000387e+01;1.070600000000000050e-05
5.985000000000000142e+01;3.067399999999999803e-05
6.034899999999999665e+01;1.010800000000000046e-05
6.084799999999999898e+01;9.932000000000000791e-06
6.134700000000000131e+01;9.912999999999999788e-06
6.184499999999999886e+01;9.642000000000000180e-06
6.234399999999999409e+01;9.643999999999999483e-06
6.284299999999999642e+01;9.218999999999999317e-06
6.334199999999999875e+01;9.171000000000000793e-06
6.383999999999999631e+01;9.266999999999999535e-06
6.433899999999999864e+01;8.807999999999999356e-06
6.483800000000000807e+01;8.695999999999999412e-06
6.533700000000000330e+01;8.679999999999999904e-06
6.583500000000000796e+01;8.338000000000000468e-06
6.633400000000000318e+01;8.294999999999999355e-06
6.683299999999999841e+01;8.215000000000000121e-06
6.733200000000000784e+01;1.480600000000000020e-05
6.782999999999999829e+01;7.802999999999999661e-06
6.832900000000000773e+01;7.573000000000000169e-06
6.882800000000000296e+01;7.483000000000000183e-06
6.932699999999999818e+01;8.740999999999999828e-06
6.982500000000000284e+01;6.375999999999999601e-06
7.032399999999999807e+01;4.172000000000000036e-06
7.082299999999999329e+01;4.182999999999999592e-06
7.132200000000000273e+01;4.159000000000000330e-06
7.181999999999999318e+01;4.109999999999999613e-06
7.231899999999998840e+01;4.004000000000000120e-06
7.281799999999999784e+01;3.970999999999999758e-06
7.331699999999999307e+01;3.994000000000000215e-06
7.381500000000001194e+01;3.829999999999999753e-06
7.431400000000000716e+01;3.843000000000000306e-06
7.481300000000000239e+01;3.829999999999999753e-06
7.531199999999999761e+01;3.660000000000000110e-06
7.581000000000000227e+01;3.559000000000000145e-06
7.630899999999999750e+01;3.621000000000000144e-06
7.680800000000000693e+01;3.484000000000000016e-06
7.730700000000000216e+01;3.368000000000000195e-06
7.780499999999999261e+01;3.492999999999999845e-06
7.830400000000000205e+01;3.305000000000000120e-06
7.880299999999999727e+01;3.350000000000000113e-06
7.930199999999999250e+01;3.284999999999999888e-06
7.979999999999999716e+01;3.261000000000000203e-06
8.029899999999999238e+01;3.131999999999999829e-06
8.079800000000000182e+01;3.080999999999999809e-06
8.129699999999999704e+01;2.944000000000000104e-06
8.179599999999999227e+01;2.889999999999999859e-06
8.229400000000001114e+01;2.871000000000000125e-06
8.279300000000000637e+01;2.866999999999999825e-06
8.329200000000000159e+01;2.647999999999999889e-06
8.379100000000001103e+01;2.627000000000000005e-06
8.428900000000000148e+01;2.583000000000000087e-06
8.478799999999999670e+01;2.443000000000000157e-06
8.528700000000000614e+01;2.380000000000000083e-06
8.578600000000000136e+01;2.363000000000000076e-06
8.628400000000000603e+01;2.218999999999999846e-06
8.678300000000000125e+01;2.206999999999999791e-06
8.728199999999999648e+01;2.062999999999999984e-06
8.778099999999999170e+01;2.043000000000000175e-06
8.827899999999999636e+01;1.947000000000000163e-06
8.877799999999999159e+01;1.822999999999999952e-06
8.927700000000000102e+01;1.799000000000000055e-06
8.977599999999999625e+01;1.664000000000000077e-06
9.027399999999998670e+01;1.701000000000000104e-06
9.077300000000001035e+01;1.616999999999999934e-06
9.127200000000000557e+01;1.427999999999999923e-06
9.177100000000000080e+01;1.340000000000000088e-06
9.226900000000000546e+01;1.311000000000000026e-06
9.276800000000000068e+01;1.212000000000000000e-06
9.326699999999999591e+01;1.134999999999999933e-06
9.376600000000000534e+01;1.005999999999999982e-06
9.426399999999999579e+01;9.339999999999999726e-07
9.476300000000000523e+01;8.449999999999999565e-07
9.526200000000000045e+01;7.649999999999999813e-07
9.576099999999999568e+01;6.489999999999999484e-07
9.625900000000000034e+01;5.130000000000000011e-07
9.675799999999999557e+01;4.880000000000000287e-07
9.725699999999999079e+01;3.440000000000000098e-07
9.775600000000000023e+01;1.720000000000000049e-07
9.825399999999999068e+01;4.000000000000000084e-08
