energy (keV); transmission
1.0; 0.0
1.1; 0.0
1.2000000000000002; 0.0
1.3000000000000003; 0.0
1.4000000000000004; 0.0
1.5000000000000004; 0.0
1.6000000000000005; 0.0
1.7000000000000006; 0.0
1.8000000000000007; 0.0
1.9000000000000008; 0.0
2.000000000000001; 0.0
2.100000000000001; 0.0
2.200000000000001; 0.0
2.300000000000001; 0.0
2.4000000000000012; 0.0
2.5000000000000013; 0.0
2.6000000000000014; 0.0
2.7000000000000015; 0.0
2.8000000000000016; 0.0
2.9000000000000017; 0.0
3.0000000000000018; 0.0
3.100000000000002; 0.0
3.200000000000002; 0.0
3.300000000000002; 0.0
3.400000000000002; 0.0
3.500000000000002; 0.0
3.6000000000000023; 0.0
3.7000000000000024; 0.0
3.8000000000000025; 0.0
3.9000000000000026; 0.0
4.000000000000003; 0.0
4.100000000000003; 0.0
4.200000000000003; 0.0
4.3000000000000025; 0.0
4.400000000000003; 0.0
4.5000000000000036; 9.523490130163051e-307
4.600000000000003; 1.5894675732158376e-288
4.700000000000003; 1.0393509592285963e-271
4.800000000000003; 3.593342132417914e-256
4.900000000000004; 8.58571429567423e-242
5.0000000000000036; 1.8018063822951282e-228
5.100000000000003; 4.120996823509765e-216
5.200000000000004; 1.2504582698564405e-204
5.300000000000004; 6.007379234135806e-194
5.400000000000004; 5.353802020661592e-184
5.5000000000000036; 1.0204730730207986e-174
5.600000000000004; 4.728406830405267e-166
5.700000000000005; 5.977780943866698e-158
5.800000000000004; 2.2885575956697e-150
5.900000000000004; 2.915773697801699e-143
6.000000000000004; 1.3466391009767603e-136
6.100000000000005; 2.434989703886159e-130
6.200000000000005; 1.8506907260265607e-124
6.300000000000004; 6.303652636868743e-119
6.400000000000005; 1.0201644077708932e-113
6.500000000000005; 8.27517055674752e-109
6.600000000000005; 3.533057642830126e-104
6.700000000000005; 8.303304610254648e-100
6.800000000000005; 1.1192576411622233e-95
6.900000000000006; 8.986407032217724e-92
7.000000000000005; 4.449377069535908e-88
7.100000000000005; 1.4026642609987485e-84
7.2000000000000055; 2.720917658110783e-81
7.300000000000006; 3.7979467121796763e-78
7.400000000000006; 3.6626878244619136e-75
7.500000000000005; 2.497802444604551e-72
7.600000000000006; 1.2307289620213223e-69
7.700000000000006; 4.469569521058752e-67
7.800000000000006; 1.2186881730141405e-64
7.900000000000006; 2.5380036816185933e-62
8.000000000000007; 4.101907004785284e-60
8.100000000000007; 5.222981132638273e-58
8.200000000000006; 5.310538186303708e-56
8.300000000000006; 4.367246112763107e-54
8.400000000000006; 2.9397741033582514e-52
8.500000000000007; 1.6379506748183757e-50
8.600000000000007; 7.632964963172773e-49
8.700000000000006; 3.004152740541272e-47
8.800000000000008; 1.0077328811036899e-45
8.900000000000007; 2.905826993453816e-44
9.000000000000007; 7.260516550523986e-43
9.100000000000007; 1.5837787760920872e-41
9.200000000000006; 3.0374235573582714e-40
9.300000000000008; 5.155463942761989e-39
9.400000000000007; 7.792479986215814e-38
9.500000000000007; 1.0550220664003112e-36
9.600000000000009; 1.286492293797622e-35
9.700000000000008; 1.4202158124352952e-34
9.800000000000008; 1.4263103372584765e-33
9.900000000000007; 1.3091076181145456e-32
10.000000000000007; 1.1028427442485374e-31
10.100000000000009; 8.561697352454978e-31
10.200000000000008; 6.149384929913331e-30
10.300000000000008; 4.1012072647682786e-29
10.40000000000001; 2.548558321538064e-28
10.500000000000009; 1.4804454097935002e-27
10.600000000000009; 8.063807254721788e-27
10.700000000000008; 4.1304792757179227e-26
10.800000000000008; 1.9951161989143265e-25
10.90000000000001; 9.111181108921395e-25
11.000000000000009; 3.9435880417033735e-24
11.100000000000009; 1.6215651352736677e-23
11.20000000000001; 6.348428551142057e-23
11.30000000000001; 2.3713767727570008e-22
11.40000000000001; 8.468458112306473e-22
11.500000000000009; 2.8966815668442825e-21
11.600000000000009; 9.507618239279298e-21
11.70000000000001; 2.9995794740449854e-20
11.80000000000001; 9.111148958582027e-20
11.90000000000001; 2.6685909430674117e-19
12.00000000000001; 7.547903376026348e-19
12.10000000000001; 2.0644993430888925e-18
12.20000000000001; 5.4679791776428954e-18
12.30000000000001; 1.4041541917103234e-17
12.40000000000001; 3.500296419910801e-17
12.50000000000001; 8.480054203184508e-17
12.60000000000001; 1.9988247650116932e-16
12.70000000000001; 4.588699877657178e-16
12.800000000000011; 1.0270206654386104e-15
12.900000000000011; 2.243155442267731e-15
13.00000000000001; 4.785503205185342e-15
13.10000000000001; 9.980759888108726e-15
13.20000000000001; 2.0367150551937268e-14
13.300000000000011; 4.069814353066599e-14
13.400000000000011; 7.969451957290142e-14
13.50000000000001; 1.5304155353632885e-13
13.600000000000012; 2.884172342692286e-13
13.700000000000012; 5.337709188927171e-13
13.800000000000011; 9.707090405333212e-13
13.900000000000011; 1.7357636805929609e-12
14.00000000000001; 3.0536216340963103e-12
14.100000000000012; 5.288202743434872e-12
14.200000000000012; 9.019952745070958e-12
14.300000000000011; 1.5161045451829113e-11
14.400000000000013; 2.5124592702488716e-11
14.500000000000012; 4.106969193725156e-11
14.600000000000012; 6.625148481941513e-11
14.700000000000012; 1.0551466606082784e-10
14.800000000000011; 1.659803976870258e-10
14.900000000000013; 2.5799068609386716e-10
15.000000000000012; 3.9639129701933605e-10
15.100000000000012; 6.022605339870994e-10
15.200000000000014; 9.051838757363902e-10
15.300000000000013; 1.3462688250433509e-09
15.400000000000013; 1.9820477259203016e-09
15.500000000000012; 2.889502482531428e-09
15.600000000000012; 4.172465657155087e-09
15.700000000000014; 5.96969716854984e-09
15.800000000000013; 8.464980867209707e-09
15.900000000000013; 1.1899632706211697e-08
16.000000000000014; 1.6587861286173683e-08
16.100000000000016; 2.293547128514486e-08
16.200000000000014; 3.146244958108883e-08
16.30000000000001; 4.28300214814442e-08
16.400000000000013; 5.787280901425382e-08
16.500000000000014; 7.763676324030702e-08
16.600000000000016; 1.034235764918624e-07
16.700000000000014; 1.368423067938917e-07
16.800000000000015; 1.798689639721906e-07
16.900000000000013; 2.3491481367069622e-07
17.000000000000014; 3.0490415038302534e-07
17.100000000000016; 3.9336227251747266e-07
17.200000000000014; 5.045143605338156e-07
17.300000000000015; 6.433959126426731e-07
17.400000000000013; 8.159753310429904e-07
17.500000000000014; 1.0292891751020785e-06
17.600000000000016; 1.2915905064712662e-06
17.700000000000014; 1.6125106454373942e-06
17.800000000000015; 2.0032345386944754e-06
17.900000000000016; 2.4766898073706522e-06
18.000000000000014; 3.047749402027279e-06
18.100000000000016; 3.7334476402011205e-06
18.200000000000017; 4.553209243840889e-06
18.300000000000015; 5.529090830864036e-06
18.400000000000016; 6.686034149298312e-06
18.500000000000014; 8.052130176514386e-06
18.600000000000016; 9.658893042281895e-06
18.700000000000017; 1.1541542575294528e-05
18.800000000000015; 1.3739294120745645e-05
18.900000000000016; 1.6295654133830695e-05
19.000000000000014; 1.925871992281719e-05
19.100000000000016; 2.2681481797563795e-05
19.200000000000017; 2.66221257768495e-05
19.300000000000015; 3.1144334922044985e-05
19.400000000000016; 3.631758729690479e-05
19.500000000000018; 4.2217448504413925e-05
19.600000000000016; 4.8925856722481345e-05
19.700000000000017; 5.653139815117259e-05
19.80000000000002; 6.512957079525766e-05
19.900000000000016; 7.48230345368783e-05
20.000000000000018; 8.572184550375654e-05
20.100000000000016; 9.794214379505878e-05
20.200000000000017; 0.00011161058636746387
20.30000000000002; 0.00012686061071065266
20.400000000000016; 0.0001438337976556156
20.500000000000018; 0.00016268000269788644
20.600000000000016; 0.00018355746123873575
20.700000000000017; 0.0002066328672388211
20.80000000000002; 0.00023208142427410362
20.900000000000016; 0.00026008686815408777
21.000000000000018; 0.00029084146043758353
21.10000000000002; 0.0003245459523599246
21.200000000000017; 0.0003614095188655171
21.30000000000002; 0.00040164966261946084
21.40000000000002; 0.00044549208804998643
21.500000000000018; 0.0004931705456480442
21.60000000000002; 0.0005449266469202682
21.700000000000017; 0.0006010096505549915
21.80000000000002; 0.0006616762205173512
21.90000000000002; 0.0007271901569376797
22.000000000000018; 0.0007978221007951096
22.10000000000002; 0.0008738492135281784
22.200000000000017; 0.0009555548328199657
22.30000000000002; 0.0010432281059137335
22.40000000000002; 0.0011371636019081707
22.500000000000018; 0.0012376609045648508
22.60000000000002; 0.0013450241872315124
22.70000000000002; 0.0014595617715431343
22.80000000000002; 0.0015815856716095075
22.90000000000002; 0.0017114111254339017
23.00000000000002; 0.001849356115329986
23.10000000000002; 0.001995740879117465
23.20000000000002; 0.0021508874138788108
23.30000000000002; 0.002315118974050129
23.40000000000002; 0.0024887595656037566
23.50000000000002; 0.002672133438050307
23.60000000000002; 0.002865564575955323
23.70000000000002; 0.0030693761916214327
23.80000000000002; 0.003283890220537108
23.90000000000002; 0.003509426821137741
24.00000000000002; 0.0037463038803621546
24.10000000000002; 0.0039948365264198945
24.20000000000002; 0.004255336650116708
24.300000000000022; 0.004528112436006196
24.40000000000002; 0.00481346790456284
24.50000000000002; 0.005111702466487508
24.600000000000023; 0.005423110490177356
24.70000000000002; 0.005747980883307873
24.800000000000022; 0.006086596689390737
24.90000000000002; 0.0064392347000897234
25.00000000000002; 0.006806165083990868
25.100000000000023; 0.0071876510324407296
25.20000000000002; 0.007583948422988076
25.300000000000022; 0.007995305500879854
25.40000000000002; 0.008421962578989832
25.50000000000002; 0.008864151756475307
25.600000000000023; 0.009322096656391905
25.70000000000002; 0.009796012182418667
25.800000000000022; 0.010286104294783601
25.900000000000023; 0.010792569805410095
26.00000000000002; 0.011315596192246672
26.100000000000023; 0.01185536143268013
26.200000000000024; 0.012412033855883403
26.300000000000022; 0.012985772013891407
26.400000000000023; 0.01357672457114943
26.50000000000002; 0.014185030212245016
26.600000000000023; 0.014810817567474472
26.700000000000024; 0.01545420515587525
26.800000000000022; 0.016115301345308218
26.900000000000023; 0.016794204329150304
27.00000000000002; 0.017491002119123345
27.100000000000023; 0.01820577255376637
27.200000000000024; 0.01893858332203362
27.300000000000022; 0.0196894920014776
27.400000000000023; 0.020458546110472455
27.500000000000025; 0.021245783173902917
27.600000000000023; 0.02205123080174928
27.700000000000024; 0.022874906779979203
27.800000000000026; 0.023716819173154758
27.900000000000023; 0.024576966438167678
28.000000000000025; 0.025455337548494366
28.100000000000023; 0.02635191212838607
28.200000000000024; 0.027266660596394557
28.300000000000026; 0.028199544317644584
28.400000000000023; 0.02915051576427178
28.500000000000025; 0.03011951868344317
28.600000000000023; 0.031106488272399653
28.700000000000024; 0.03211135135995243
28.800000000000026; 0.03313402659388879
28.900000000000023; 0.03417442463375432
29.000000000000025; 0.03523244834847941
29.100000000000026; 0.03630799301834261
29.200000000000024; 0.03740094654077329
29.300000000000026; 0.038511189639516365
29.400000000000027; 0.03963859607667664
29.500000000000025; 0.04078303286721377
29.600000000000026; 0.04194436049542612
29.700000000000024; 0.04312243313302767
29.800000000000026; 0.044317098858396055
29.900000000000027; 0.045528199876615494
30.000000000000025; 0.046755572739944115
30.100000000000026; 0.04799954577731721
30.200000000000024; 0.04925946895761469
30.300000000000026; 0.05053515589188769
30.400000000000027; 0.05182642247499951
30.500000000000025; 0.05313308004314057
30.600000000000026; 0.05445493559101799
30.700000000000028; 0.05579179198732133
30.800000000000026; 0.05714344818821679
30.900000000000027; 0.05850969944864375
31.00000000000003; 0.059890337531206345
31.100000000000026; 0.061285150912447364
31.200000000000028; 0.06269392498633754
31.300000000000026; 0.06411644226479593
31.400000000000027; 0.06555248257509294
31.50000000000003; 0.06700182325398704
31.600000000000026; 0.06846423933846522
31.700000000000028; 0.06993950375296763
31.800000000000026; 0.07142738749299714
31.900000000000027; 0.07292765980499778
32.00000000000003; 0.07444008836243918
32.10000000000002; 0.07596443943802145
32.20000000000003; 0.07750047807193172
32.300000000000026; 0.07904796823610806
32.40000000000003; 0.08060667299445565
32.50000000000003; 0.08217635465898668
32.60000000000003; 0.0837567749418425
32.70000000000003; 0.08534769510318926
32.800000000000026; 0.08694887609497166
32.90000000000003; 0.08856007870050903
33.00000000000003; 0.09018106366994684
33.10000000000003; 0.09181159185156053
33.20000000000003; 0.09345142431893143
33.300000000000026; 0.09510032249400506
33.40000000000003; 0.09675804826606803
33.50000000000003; 0.09842436410665326
33.60000000000003; 0.10009903318043241
33.70000000000003; 0.10178181945210109
33.800000000000026; 0.1034724877893289
33.90000000000003; 0.10517080406179541
34.00000000000003; 0.10687653523638256
34.10000000000003; 0.10858944946854744
34.20000000000003; 0.11030931618995718
34.30000000000003; 0.1120359061924288
34.40000000000003; 0.11376899170822995
34.50000000000003; 0.1155083464868148
34.60000000000003; 0.11725374586804221
34.70000000000003; 0.11900496685196195
34.80000000000003; 0.12076178816520605
34.90000000000003; 0.1225239903240902
35.00000000000003; 0.12429135569445712
35.10000000000003; 0.12606366854835432
35.20000000000003; 0.12784071511761652
35.30000000000003; 0.12962228364440465
35.400000000000034; 0.13140816442880265
35.50000000000003; 0.13319814987350992
35.60000000000003; 0.13499203452573605
35.70000000000003; 0.13678961511633977
35.80000000000003; 0.1385906905963022
35.900000000000034; 0.14039506217060516
36.00000000000003; 0.14220253332957258
36.10000000000003; 0.14401290987776683
36.20000000000003; 0.1458259999604922
36.30000000000003; 0.14764161408798587
36.400000000000034; 0.14945956515736364
36.50000000000003; 0.15127966847239088
36.60000000000003; 0.15310174176114028
36.70000000000003; 0.15492560519161772
36.80000000000003; 0.1567510813854078
36.900000000000034; 0.1585779954294081
37.00000000000003; 0.1604061748857315
37.10000000000003; 0.16223544979981602
37.20000000000003; 0.16406565270682696
37.30000000000003; 0.16589661863639957
37.400000000000034; 0.16772818511579085
37.500000000000036; 0.1695601921714855
37.60000000000003; 0.17139248232934443
37.70000000000003; 0.1732249006133153
37.80000000000003; 0.17505729454279256
37.900000000000034; 0.17688951412866097
38.000000000000036; 0.17872141186808924
38.10000000000003; 0.18055284273812153
38.20000000000003; 0.18238366418811644
38.30000000000003; 0.18421373613108932
38.400000000000034; 0.18604292093399613
38.500000000000036; 0.18787108340702355
38.60000000000004; 0.18969809079191025
38.70000000000003; 0.19152381274937236
38.80000000000003; 0.19334812134564403
38.900000000000034; 0.19517089103820665
39.000000000000036; 0.19699199866072914
39.10000000000004; 0.19881132340727134
39.20000000000003; 0.20062874681577772
39.30000000000003; 0.2024441527509186
39.400000000000034; 0.20425742738629282
39.500000000000036; 0.20606845918604966
39.60000000000004; 0.2078771388859535
39.70000000000003; 0.20968335947392117
39.80000000000003; 0.2114870161700832
39.900000000000034; 0.2132880064063802
40.000000000000036; 0.21508621640185221
40.10000000000004; 0.2168806105449118
40.20000000000003; 0.21867204465867066
40.30000000000003; 0.22046042469253466
40.400000000000034; 0.22224565869016408
40.500000000000036; 0.22402765676722708
40.60000000000004; 0.22580633108890263
40.70000000000004; 0.22758159584713397
40.80000000000003; 0.2293533672376867
40.900000000000034; 0.23112156343699755
41.000000000000036; 0.23288610457887102
41.10000000000004; 0.23464691273102323
41.20000000000004; 0.2364039118714903
41.30000000000003; 0.23815702786493748
41.400000000000034; 0.23990618843887448
41.500000000000036; 0.24165132315979104
41.60000000000004; 0.2433923634092524
41.70000000000004; 0.24512924235993577
41.80000000000004; 0.2468618949516547
41.900000000000034; 0.2485902578673757
42.000000000000036; 0.2503142695092281
42.10000000000004; 0.2520338699745429
42.20000000000004; 0.2537490010319238
42.30000000000004; 0.25545960609734725
42.400000000000034; 0.25716563021034533
42.500000000000036; 0.25886702001022416
42.60000000000004; 0.26056372371238656
42.70000000000004; 0.2622556910847322
42.80000000000004; 0.2639428734241508
42.900000000000034; 0.26562522353313567
43.000000000000036; 0.26730269569650095
43.10000000000004; 0.2689752456582328
43.20000000000004; 0.27064283059846717
43.30000000000004; 0.2723054091106101
43.400000000000034; 0.2739629411786077
43.500000000000036; 0.27561538815436043
43.60000000000004; 0.277262712735311
43.70000000000004; 0.27890487894219024
43.80000000000004; 0.28054185209693266
43.90000000000004; 0.28217359880077064
44.000000000000036; 0.2838000869125186
44.10000000000004; 0.2854212855270307
44.20000000000004; 0.28703716495385184
44.30000000000004; 0.2886476966960717
44.40000000000004; 0.2902528534293682
44.500000000000036; 0.29185260898125054
44.60000000000004; 0.2934469383105156
44.70000000000004; 0.2950358174869056
44.80000000000004; 0.29661922367097315
44.90000000000004; 0.2981971350941647
45.00000000000004; 0.29976953103911314
45.10000000000004; 0.3013363918201502
45.20000000000004; 0.3028976987640324
45.30000000000004; 0.30445343419089116
45.40000000000004; 0.30600358139539885
45.50000000000004; 0.30754812462815595
45.60000000000004; 0.30908704907730766
45.70000000000004; 0.310620340850378
45.80000000000004; 0.312147986956322
45.90000000000004; 0.3136699752878185
46.00000000000004; 0.3151862946037668
46.10000000000004; 0.31669693451202596
46.20000000000004; 0.3182018854523666
46.30000000000004; 0.3197011386796551
46.40000000000004; 0.3211946862472516
46.50000000000004; 0.32268252099064126
46.60000000000004; 0.32416463651128463
46.70000000000004; 0.32564102716069193
46.80000000000004; 0.3271116880247163
46.90000000000004; 0.3285766149080685
47.00000000000004; 0.33003580431905344
47.100000000000044; 0.33148925345452723
47.20000000000004; 0.33293696018506336
47.30000000000004; 0.3343789230403498
47.40000000000004; 0.3358151411947865
47.50000000000004; 0.33724561445330575
47.600000000000044; 0.3386703432374075
47.70000000000004; 0.34008932857139434
47.80000000000004; 0.3415025720688312
47.90000000000004; 0.3429100759192029
48.00000000000004; 0.3443118428747822
48.100000000000044; 0.34570787623769805
48.200000000000045; 0.347098179847217
48.30000000000004; 0.34848275806721873
48.40000000000004; 0.3498616157738715
48.50000000000004; 0.35123475834350637
48.600000000000044; 0.35260219164069034
48.700000000000045; 0.35396392200649135
48.80000000000004; 0.35531995624693685
48.90000000000004; 0.3566703016216599
49.00000000000004; 0.35801496583273473
49.100000000000044; 0.359353957013706
49.200000000000045; 0.3606872837187881
49.30000000000004; 0.3620149549122623
49.40000000000004; 0.3633369799580468
49.50000000000004; 0.3646533686094388
49.600000000000044; 0.3659641309990527
49.700000000000045; 0.3672692776289072
49.80000000000004; 0.3685688193607069
49.90000000000004; 0.3698627674062843
50.00000000000004; 0.37115113331820304
50.100000000000044; 0.3724343828693368
50.200000000000045; 0.37371207577861104
50.30000000000005; 0.37498421937918963
50.40000000000004; 0.376250826316693
50.50000000000004; 0.3775119095392907
50.600000000000044; 0.3787674822891832
50.700000000000045; 0.38001755809423726
50.80000000000005; 0.38126215075977515
50.90000000000004; 0.38250127436051407
51.00000000000004; 0.38373494323265256
51.100000000000044; 0.38496317196610114
51.200000000000045; 0.38618597539685984
51.30000000000005; 0.38740336859953317
51.40000000000005; 0.3886153668799945
51.50000000000004; 0.3898219857681712
51.600000000000044; 0.3910232410109862
51.700000000000045; 0.39221914856541856
51.80000000000005; 0.3934097245917013
51.90000000000005; 0.39459498544665417
52.00000000000004; 0.395774947677132
52.100000000000044; 0.3969496280136153
52.200000000000045; 0.39811904336391435
52.30000000000005; 0.3992832108070003
52.40000000000005; 0.40044214758695545
52.50000000000004; 0.4015958711070479
52.600000000000044; 0.40274439892391406
52.700000000000045; 0.40388774874186273
52.80000000000005; 0.405025938407297
52.90000000000005; 0.40615898590323846
53.00000000000004; 0.4072869093439681
53.100000000000044; 0.40840972696977407
53.200000000000045; 0.4095274571418071
53.30000000000005; 0.41064011833703995
53.40000000000005; 0.4117477291433292
53.50000000000005; 0.4128503082545817
53.600000000000044; 0.41394787446602266
53.700000000000045; 0.4150404466695526
53.80000000000005; 0.4161280438492135
53.90000000000005; 0.4172106850767437
54.00000000000005; 0.4182883895072277
54.100000000000044; 0.4193611763748358
54.200000000000045; 0.4204290649886614
54.30000000000005; 0.42149207472864
54.40000000000005; 0.4225502250415575
54.50000000000005; 0.4236035354371521
54.60000000000005; 0.42465202548428643
54.700000000000045; 0.4256957148072188
54.80000000000005; 0.42673462308194626
54.90000000000005; 0.42776877003262925
55.00000000000005; 0.4287981754281029
55.10000000000005; 0.4298228590784525
55.200000000000045; 0.43084284083167906
55.30000000000005; 0.4318581405704331
55.40000000000005; 0.43286877820881947
55.50000000000005; 0.433874773689283
55.60000000000005; 0.4348761469795598
55.700000000000045; 0.43587291806969686
55.80000000000005; 0.4368651069691445
55.90000000000005; 0.43785273370391586
56.00000000000005; 0.4388358183138074
56.10000000000005; 0.43981438084969526
56.200000000000045; 0.4407884413708805
56.30000000000005; 0.441758019942513
56.40000000000005; 0.4427231366330635
56.50000000000005; 0.4436838115118655
56.60000000000005; 0.4446400646467099
56.70000000000005; 0.4455919161015054
56.80000000000005; 0.4465393859339882
56.90000000000005; 0.4474824941934895
57.00000000000005; 0.4484212609187651
57.10000000000005; 0.4493557061358718
57.20000000000005; 0.4502858498560956
57.30000000000005; 0.4512117120739413
57.40000000000005; 0.4521333127651644
57.50000000000005; 0.4530506718848519
57.60000000000005; 0.4539638093655653
57.70000000000005; 0.454872745115515
57.800000000000054; 0.45577749901679404
57.90000000000005; 0.45667809092365474
58.00000000000005; 0.45757454066082615
58.10000000000005; 0.4584668680218866
58.20000000000005; 0.4593550927676687
58.300000000000054; 0.46023923462471383
58.40000000000005; 0.4611193132837698
58.50000000000005; 0.46199534839832584
58.60000000000005; 0.46286735958318664
58.70000000000005; 0.46373536641309704
58.800000000000054; 0.4645993884213887
58.90000000000005; 0.46545944509868076
59.00000000000005; 0.4663155558916069
59.10000000000005; 0.46716774020158663
59.20000000000005; 0.46801601738362764
59.300000000000054; 0.46886040674516527
59.40000000000005; 0.46970092754493514
59.50000000000005; 0.4705375989918827
59.60000000000005; 0.47137044024410296
59.70000000000005; 0.4721994704078128
59.800000000000054; 0.4730247085363567
59.900000000000055; 0.4738461736292458
60.00000000000005; 0.4746638846312171
60.10000000000005; 0.4754777119442663
60.20000000000005; 0.4762878240481342
60.300000000000054; 0.47709423968961634
60.400000000000055; 0.4778969775416669
60.50000000000005; 0.47869605621685557
60.60000000000005; 0.47949149426663806
60.70000000000005; 0.4802833101806569
60.800000000000054; 0.4810715223860643
60.900000000000055; 0.4818561492468728
61.00000000000006; 0.4826372090633278
61.10000000000005; 0.4834147200713049
61.20000000000005; 0.48418870044173057
61.300000000000054; 0.4849591682800259
61.400000000000055; 0.4857261416255689
61.50000000000006; 0.4864896384511872
61.60000000000005; 0.48724967666266134
61.70000000000005; 0.48800627409825537
61.800000000000054; 0.4887594485282659
61.900000000000055; 0.48950921765459604
62.00000000000006; 0.4902555991103357
62.10000000000005; 0.4909986104593775
62.20000000000005; 0.4917382691960394
62.300000000000054; 0.49247459274470834
62.400000000000055; 0.49320759845950773
62.50000000000006; 0.49393730362397004
62.60000000000005; 0.4946637254507408
62.70000000000005; 0.4953868810812873
62.800000000000054; 0.4961067875856292
62.900000000000055; 0.49682346196208726
63.00000000000006; 0.4975369211370383
63.10000000000006; 0.49824718196469736
63.20000000000005; 0.49895426122690506
63.300000000000054; 0.4996581756329329
63.400000000000055; 0.5003589418193061
63.50000000000006; 0.501056576349634
63.60000000000006; 0.501751095714455
63.70000000000005; 0.5024425163311014
63.800000000000054; 0.5031308545435691
63.900000000000055; 0.503816126622401
64.00000000000006; 0.504498348764589
64.10000000000005; 0.5051775370934797
64.20000000000006; 0.5058537076586952
64.30000000000005; 0.5065268764360685
64.40000000000006; 0.5071970593275847
64.50000000000006; 0.5078642721613338
64.60000000000005; 0.5085285306914791
64.70000000000006; 0.5091898505982285
64.80000000000005; 0.5098482474878213
64.90000000000006; 0.5105037368925249
65.00000000000006; 0.5111563342706329
65.10000000000005; 0.5118060550064872
65.20000000000006; 0.5124529144104931
65.30000000000005; 0.5130969277191539
65.40000000000006; 0.5137381100951132
65.50000000000006; 0.5143764766271972
65.60000000000005; 0.5150120423304775
65.70000000000006; 0.5156448221463329
65.80000000000005; 0.5162748309425201
65.90000000000006; 0.5169020835132551
66.00000000000006; 0.5175265945793014
66.10000000000005; 0.5181483787880606
66.20000000000006; 0.5187674507136771
66.30000000000005; 0.5193838248571443
66.40000000000006; 0.5199975156464183
66.50000000000006; 0.5206085374365391
66.60000000000005; 0.5212169045097579
66.70000000000006; 0.5218226310756708
66.80000000000005; 0.5224257312713549
66.90000000000006; 0.5230262191615171
67.00000000000006; 0.5236241087386374
67.10000000000007; 0.524219413923133
67.20000000000006; 0.5248121485635097
67.30000000000005; 0.5254023264365358
67.40000000000006; 0.5259899612474056
67.50000000000006; 0.5265750666299205
67.60000000000007; 0.5271576561466642
67.70000000000006; 0.5277377432891895
67.80000000000005; 0.5283153414782062
67.90000000000006; 0.5288904640637758
68.00000000000006; 0.5294631243255046
68.10000000000007; 0.5300333354727478
68.20000000000006; 0.5306011106448135
68.30000000000005; 0.5311664629111691
68.40000000000006; 0.5317294052716564
68.50000000000006; 0.5322899506567044
68.60000000000007; 0.532848111927549
68.70000000000006; 0.5334039018764549
68.80000000000005; 0.5339573332269398
68.90000000000006; 0.5345084186340039
69.00000000000006; 0.535057170684359
69.10000000000007; 0.5356036018966628
69.20000000000006; 0.536147724721756
69.30000000000005; 0.5366895515429009
69.40000000000006; 0.5372290946760213
69.50000000000006; 0.5377663663699478
69.60000000000007; 0.5383013788066638
69.70000000000006; 0.538834144101554
69.80000000000007; 0.5393646743036529
69.90000000000006; 0.5398929813958997
70.00000000000006; 0.5404190772953912
70.10000000000007; 0.5409429738536374
70.20000000000006; 0.541464682856822
70.30000000000007; 0.5419842160260602
70.40000000000006; 0.5425015850176588
70.50000000000006; 0.5430168014233826
70.60000000000007; 0.543529876770715
70.70000000000006; 0.5440408225231276
70.80000000000007; 0.5445496500803424
70.90000000000006; 0.545056370778605
71.00000000000006; 0.5455609958909511
71.10000000000007; 0.5460635366274776
71.20000000000006; 0.5465640041356158
71.30000000000007; 0.5470624095004021
71.40000000000006; 0.5475587637447517
71.50000000000006; 0.5480530778297352
71.60000000000007; 0.5485453626548517
71.70000000000006; 0.5490356290583066
71.80000000000007; 0.5495238878172869
71.90000000000006; 0.550010149648239
72.00000000000006; 0.5504944252071471
72.10000000000007; 0.5509767250898121
72.20000000000006; 0.5514570598321296
72.30000000000007; 0.5519354399103711
72.40000000000006; 0.5524118757414601
72.50000000000006; 0.5528863776832588
72.60000000000007; 0.5533589560348411
72.70000000000006; 0.5538296210367804
72.80000000000007; 0.554298382871425
72.90000000000006; 0.5547652516631832
73.00000000000006; 0.5552302374788024
73.10000000000007; 0.5556933503276509
73.20000000000006; 0.5561546001620006
73.30000000000007; 0.5566139968773065
73.40000000000006; 0.5570715503124904
73.50000000000007; 0.5575272702502204
73.60000000000007; 0.5579811664171924
73.70000000000006; 0.5584332484844124
73.80000000000007; 0.5588835260674766
73.90000000000006; 0.5593320087268522
74.00000000000007; 0.5597787059681589
74.10000000000007; 0.5602236272424473
74.20000000000006; 0.5606667819464807
74.30000000000007; 0.5611081794230136
74.40000000000006; 0.5615478289610728
74.50000000000007; 0.5619857397962332
74.60000000000007; 0.5624219211109004
74.70000000000006; 0.5628563820345853
74.80000000000007; 0.5632891316441829
74.90000000000006; 0.5637201789642499
75.00000000000007; 0.5641495329672823
75.10000000000007; 0.564577202573989
75.20000000000006; 0.5650031966535697
75.30000000000007; 0.5654275240239882
75.40000000000006; 0.5658501934522481
75.50000000000007; 0.5662712136546664
75.60000000000007; 0.5666905932971462
75.70000000000006; 0.5671083409954485
75.80000000000007; 0.5675244653154667
75.90000000000006; 0.5679389747734936
76.00000000000007; 0.5683518778364973
76.10000000000007; 0.568763182922384
76.20000000000007; 0.5691728984002744
76.30000000000007; 0.5695810325907649
76.40000000000006; 0.5699875937662012
76.50000000000007; 0.5703925901509405
76.60000000000007; 0.5707960299216186
76.70000000000007; 0.5711979212074159
76.80000000000007; 0.5715982720903201
76.90000000000006; 0.5719970906053908
77.00000000000007; 0.5723943847410218
77.10000000000007; 0.5727901624391997
77.20000000000007; 0.5731844315957696
77.30000000000007; 0.5735772000606916
77.40000000000006; 0.5739684756382992
77.50000000000007; 0.5743582660875607
77.60000000000007; 0.5747465791223313
77.70000000000007; 0.5751334224116141
77.80000000000007; 0.5755188035798112
77.90000000000006; 0.5759027302069811
78.00000000000007; 0.5762852098290889
78.10000000000007; 0.5766662499382615
78.20000000000007; 0.5770458579830364
78.30000000000007; 0.577424041368613
78.40000000000006; 0.5778008074571026
78.50000000000007; 0.5781761635677747
78.60000000000007; 0.5785501169773063
78.70000000000007; 0.5789226749200261
78.80000000000007; 0.5792938445881628
78.90000000000006; 0.5796636331320846
79.00000000000007; 0.5800320476605468
79.10000000000007; 0.5803990952409316
79.20000000000007; 0.5807647828994894
79.30000000000007; 0.5811291176215788
79.40000000000006; 0.5814921063519058
79.50000000000007; 0.5818537559947621
79.60000000000007; 0.5822140734142601
79.70000000000007; 0.5825730654345714
79.80000000000007; 0.5829307388401593
79.90000000000008; 0.5832871003760116
80.00000000000007; 0.5836421567478777
80.10000000000007; 0.5839960116633005
80.20000000000007; 0.5843485755427388
80.30000000000007; 0.5846998535700113
80.40000000000008; 0.5850498523197446
80.50000000000007; 0.5853985783284555
80.60000000000007; 0.5857460380947753
80.70000000000007; 0.5860922380796723
80.80000000000007; 0.5864371847066713
80.90000000000008; 0.5867808843620765
81.00000000000007; 0.5871233433951883
81.10000000000007; 0.5874645681185221
81.20000000000007; 0.5878045648080261
81.30000000000007; 0.5881433397032967
81.40000000000008; 0.5884808990077928
81.50000000000007; 0.5888172488890525
81.60000000000007; 0.589152395478903
81.70000000000007; 0.5894863448736728
81.80000000000007; 0.5898191031344039
81.90000000000008; 0.5901506762870619
82.00000000000007; 0.5904810703227422
82.10000000000007; 0.5908102911978798
82.20000000000007; 0.5911383448344557
82.30000000000007; 0.591465237120201
82.40000000000008; 0.5917909739088036
82.50000000000007; 0.5921155610201096
82.60000000000008; 0.5924390042403272
82.70000000000007; 0.5927613093222273
82.80000000000007; 0.593082481985344
82.90000000000008; 0.5934025279161734
83.00000000000007; 0.5937214527683727
83.10000000000008; 0.594039262162958
83.20000000000007; 0.5943559616884975
83.30000000000007; 0.5946715569013103
83.40000000000008; 0.594986053325657
83.50000000000007; 0.5952994564539357
83.60000000000008; 0.5956117717468724
83.70000000000007; 0.5959230046337128
83.80000000000007; 0.5962331605124103
83.90000000000008; 0.5965422447498172
84.00000000000007; 0.5968502626818719
84.10000000000008; 0.5971572196137851
84.20000000000007; 0.5974631208202256
84.30000000000007; 0.5977679715455071
84.40000000000008; 0.5980717770037686
84.50000000000007; 0.5983745423791594
84.60000000000008; 0.5986762728260214
84.70000000000007; 0.5989769734690681
84.80000000000007; 0.5992766494035647
84.90000000000008; 0.5995753056955079
85.00000000000007; 0.5998729473818021
85.10000000000008; 0.6001695794704384
85.20000000000007; 0.6004652069406671
85.30000000000007; 0.6007598347431756
85.40000000000008; 0.6010534678002597
85.50000000000007; 0.6013461110059973
85.60000000000008; 0.6016377692264223
85.70000000000007; 0.6019284472996905
85.80000000000007; 0.6022181500362537
85.90000000000008; 0.6025068822190265
86.00000000000007; 0.6027946486035557
86.10000000000008; 0.6030814539181848
86.20000000000007; 0.6033673028642224
86.30000000000008; 0.6036522001161052
86.40000000000008; 0.6039361503215638
86.50000000000007; 0.6042191581017841
86.60000000000008; 0.6045012280515699
86.70000000000007; 0.6047823647395053
86.80000000000008; 0.6050625727081135
86.90000000000008; 0.6053418564740151
87.00000000000007; 0.6056202205280893
87.10000000000008; 0.6058976693356293
87.20000000000007; 0.6061742073364992
87.30000000000008; 0.6064498389452895
87.40000000000008; 0.6067245685514715
87.50000000000007; 0.6069984005195519
87.60000000000008; 0.6072713391892249
87.70000000000007; 0.6075433888755227
87.80000000000008; 0.6078145538689699
87.90000000000008; 0.6080848384357307
88.00000000000007; 0.6083542468177583
88.10000000000008; 0.6086227832329455
88.20000000000007; 0.6088904518752688
88.30000000000008; 0.6091572569149367
88.40000000000008; 0.6094232024985363
88.50000000000007; 0.6096882927491755
88.60000000000008; 0.6099525317666291
88.70000000000007; 0.6102159236274807
88.80000000000008; 0.6104784723852651
88.90000000000008; 0.6107401820706087
89.00000000000009; 0.6110010566913724
89.10000000000008; 0.6112611002327877
89.20000000000007; 0.611520316657599
89.30000000000008; 0.6117787099061982
89.40000000000008; 0.6120362838967636
89.50000000000009; 0.6122930425253961
89.60000000000008; 0.6125489896662535
89.70000000000007; 0.6128041291716858
89.80000000000008; 0.6130584648723694
89.90000000000008; 0.6133120005774377
90.00000000000009; 0.6135647400746175
90.10000000000008; 0.6138166871303539
90.20000000000007; 0.6140678454899478
90.30000000000008; 0.6143182188776793
90.40000000000008; 0.6145678109969411
90.50000000000009; 0.6148166255303641
90.60000000000008; 0.615064666139945
90.70000000000007; 0.6153119364671739
90.80000000000008; 0.6155584401331581
90.90000000000008; 0.6158041807387482
91.00000000000009; 0.6160491618646633
91.10000000000008; 0.6162933870716107
91.20000000000007; 0.6165368599004132
91.30000000000008; 0.6167795838721276
91.40000000000008; 0.6170215624881658
91.50000000000009; 0.6172627992304173
91.60000000000008; 0.617503297561367
91.70000000000007; 0.6177430609242148
91.80000000000008; 0.6179820927429929
91.90000000000008; 0.6182203964226833
92.00000000000009; 0.6184579753493357
92.10000000000008; 0.6186948328901809
92.20000000000007; 0.6189309723937488
92.30000000000008; 0.61916639718998
92.40000000000008; 0.6194011105903423
92.50000000000009; 0.619635115887941
92.60000000000008; 0.6198684163576329
92.70000000000009; 0.6201010152561374
92.80000000000008; 0.6203329158221469
92.90000000000008; 0.6205641212764379
93.00000000000009; 0.6207946348219795
93.10000000000008; 0.6210244596440434
93.20000000000009; 0.6212535989103103
93.30000000000008; 0.6214820557709786
93.40000000000008; 0.6217098333588709
93.50000000000009; 0.6219369347895396
93.60000000000008; 0.6221633631613732
93.70000000000009; 0.6223891215556995
93.80000000000008; 0.6226142130368917
93.90000000000008; 0.6228386406524693
94.00000000000009; 0.6230624074332037
94.10000000000008; 0.6232855163932178
94.20000000000009; 0.6235079705300896
94.30000000000008; 0.6237297728249498
94.40000000000008; 0.6239509262425859
94.50000000000009; 0.6241714337315397
94.60000000000008; 0.6243912982242049
94.70000000000009; 0.6246105226369292
94.80000000000008; 0.624829109870107
94.90000000000008; 0.6250470628082812
95.00000000000009; 0.6252643843202353
95.10000000000008; 0.6254810772590934
95.20000000000009; 0.6256971444624113
95.30000000000008; 0.6259125887522751
95.40000000000009; 0.6261274129353913
95.50000000000009; 0.6263416198031825
95.60000000000008; 0.6265552121318801
95.70000000000009; 0.6267681926826161
95.80000000000008; 0.626980564201514
95.90000000000009; 0.6271923294197814
96.00000000000009; 0.6274034910537984
96.10000000000008; 0.6276140518052091
96.20000000000009; 0.6278240143610112
96.30000000000008; 0.6280333813936424
96.40000000000009; 0.6282421555610707
96.50000000000009; 0.6284503395068818
96.60000000000008; 0.6286579358603646
96.70000000000009; 0.6288649472365998
96.80000000000008; 0.6290713762365444
96.90000000000009; 0.6292772254471166
97.00000000000009; 0.6294824974412828
97.10000000000008; 0.6296871947781388
97.20000000000009; 0.6298913200029971
97.30000000000008; 0.6300948756474669
97.40000000000009; 0.630297864229539
97.50000000000009; 0.6305002882536667
97.60000000000008; 0.6307021502108471
97.70000000000009; 0.6309034525787045
97.80000000000008; 0.6311041978215682
97.90000000000009; 0.6313043883905538
98.00000000000009; 0.6315040267236431
98.10000000000008; 0.631703115245763
98.20000000000009; 0.6319016563688629
98.30000000000008; 0.6320996524919938
98.40000000000009; 0.6322971060013868
98.50000000000009; 0.6324940192705273
98.60000000000008; 0.6326903946602341
98.70000000000009; 0.6328862345187354
98.80000000000008; 0.6330815411817418
98.90000000000009; 0.6332763169725241
99.00000000000009; 0.6334705642019867
99.1000000000001; 0.6336642851687426
99.20000000000009; 0.6338574821591856
99.30000000000008; 0.6340501574475651
99.40000000000009; 0.6342423132960565
99.50000000000009; 0.6344339519548368
99.6000000000001; 0.6346250756621532
99.70000000000009; 0.6348156866443965
99.80000000000008; 0.6350057871161711
99.90000000000009; 0.6351953792803647
100.00000000000009; 0.6353844639305787
100.1000000000001; 0.6355729912869836
100.20000000000009; 0.6357610171278103
100.30000000000008; 0.6359485436066437
100.40000000000009; 0.636135572865719
100.50000000000009; 0.6363221070359903
100.6000000000001; 0.6365081482371951
100.70000000000009; 0.6366936985779238
100.80000000000008; 0.6368787601556856
100.90000000000009; 0.6370633350569717
101.00000000000009; 0.6372474253573255
101.1000000000001; 0.6374310331214034
101.20000000000009; 0.6376141604030414
101.30000000000008; 0.6377968092453202
101.40000000000009; 0.6379789816806263
101.50000000000009; 0.6381606797307181
101.6000000000001; 0.6383419054067879
101.70000000000009; 0.6385226607095243
101.8000000000001; 0.6387029476291741
101.90000000000009; 0.6388827681456062
102.00000000000009; 0.639062124228369
102.1000000000001; 0.6392410178367564
102.20000000000009; 0.6394194509198645
102.3000000000001; 0.6395974254166538
102.40000000000009; 0.6397749432560083
102.50000000000009; 0.6399520063567951
102.6000000000001; 0.640128616627924
102.70000000000009; 0.640304775968406
102.8000000000001; 0.6404804862674113
102.90000000000009; 0.6406557494043269
103.00000000000009; 0.6408305672488163
103.1000000000001; 0.6410049416608736
103.20000000000009; 0.641178874490883
103.3000000000001; 0.6413523675796741
103.40000000000009; 0.6415254227585782
103.50000000000009; 0.6416980418494842
103.6000000000001; 0.6418702266648948
103.70000000000009; 0.6420419790079794
103.8000000000001; 0.6422133006726314
103.90000000000009; 0.6423841934435205
104.00000000000009; 0.6425546590961483
104.1000000000001; 0.6427246993969012
104.20000000000009; 0.6428943161031041
104.3000000000001; 0.6430635109630728
104.40000000000009; 0.643232285716167
104.50000000000009; 0.6434006420928438
104.6000000000001; 0.6435685818147069
104.70000000000009; 0.6437361065945619
104.8000000000001; 0.6439032181364638
104.90000000000009; 0.6440699181357721
105.00000000000009; 0.6442362082791974
105.1000000000001; 0.6444020902448551
105.20000000000009; 0.6445675657023132
105.3000000000001; 0.6447326363126433
105.40000000000009; 0.6448973037284701
105.5000000000001; 0.6450615695940194
105.6000000000001; 0.6452254355451676
105.70000000000009; 0.6453889032094907
105.8000000000001; 0.645551974206311
105.90000000000009; 0.6457146501467469
106.0000000000001; 0.6458769326337582
106.1000000000001; 0.646038823262196
106.20000000000009; 0.6462003236188476
106.3000000000001; 0.6463614352824834
106.40000000000009; 0.6465221598239046
106.5000000000001; 0.6466824988059879
106.6000000000001; 0.6468424537837316
106.70000000000009; 0.6470020263043017
106.8000000000001; 0.6471612179070768
106.90000000000009; 0.647320030123692
107.0000000000001; 0.6474784644780858
107.1000000000001; 0.6476365224865424
107.20000000000009; 0.6477942056577364
107.3000000000001; 0.6479515154927765
107.40000000000009; 0.6481084534852504
107.5000000000001; 0.6482650211212649
107.6000000000001; 0.6484212198794932
107.70000000000009; 0.6485770512312131
107.8000000000001; 0.6487325166403531
107.90000000000009; 0.6488876175635323
108.0000000000001; 0.6490423554501037
108.1000000000001; 0.6491967317421938
108.2000000000001; 0.6493507478747473
108.3000000000001; 0.6495044052755647
108.40000000000009; 0.6496577053653458
108.5000000000001; 0.6498106495577286
108.6000000000001; 0.649963239259331
108.7000000000001; 0.650115475869789
108.8000000000001; 0.6502673607817989
108.90000000000009; 0.6504188953811555
109.0000000000001; 0.6505700810467913
109.1000000000001; 0.6507209191508158
109.2000000000001; 0.6508714110585553
109.3000000000001; 0.6510215581285901
109.40000000000009; 0.6511713617127932
109.5000000000001; 0.6513208231563696
109.6000000000001; 0.6514699437978928
109.7000000000001; 0.6516187249693429
109.8000000000001; 0.6517671679961443
109.90000000000009; 0.6519152741972021
110.0000000000001; 0.65206304488494
110.1000000000001; 0.6522104813653367
110.2000000000001; 0.6523575849379616
110.3000000000001; 0.6525043568960127
110.40000000000009; 0.6526507985263506
110.5000000000001; 0.6527969111095363
110.6000000000001; 0.6529426959198659
110.7000000000001; 0.6530881542254044
110.8000000000001; 0.6532332872880244
110.90000000000009; 0.6533780963634375
111.0000000000001; 0.6535225827012311
111.1000000000001; 0.6536667475449018
111.2000000000001; 0.6538105921318913
111.3000000000001; 0.6539541176936179
111.40000000000009; 0.6540973254555124
111.5000000000001; 0.654240216637051
111.6000000000001; 0.6543827924517887
111.7000000000001; 0.6545250541073929
111.8000000000001; 0.6546670028056761
111.9000000000001; 0.6548086397426285
112.0000000000001; 0.6549499661084509
112.1000000000001; 0.6550909830875876
112.2000000000001; 0.655231691858757
112.3000000000001; 0.6553720935949858
112.4000000000001; 0.6555121894636393
112.5000000000001; 0.6556519806264531
112.6000000000001; 0.6557914682395652
112.7000000000001; 0.6559306534535465
112.8000000000001; 0.6560695374134323
112.9000000000001; 0.656208121258753
113.0000000000001; 0.6563464061235649
113.1000000000001; 0.6564843931364795
113.2000000000001; 0.656622083420697
113.3000000000001; 0.6567594780940313
113.4000000000001; 0.6568965782689449
113.5000000000001; 0.6570333850525755
113.6000000000001; 0.6571698995467663
113.7000000000001; 0.6573061228480963
113.8000000000001; 0.6574420560479082
113.9000000000001; 0.6575777002323372
114.0000000000001; 0.657713056482342
114.1000000000001; 0.6578481258737308
114.2000000000001; 0.6579829094771908
114.3000000000001; 0.6581174083583171
114.4000000000001; 0.65825162357764
114.5000000000001; 0.6583855561906533
114.60000000000011; 0.6585192072478416
114.7000000000001; 0.6586525777947084
114.8000000000001; 0.6587856688718037
114.9000000000001; 0.6589184815147505
115.0000000000001; 0.6590510167542727
115.10000000000011; 0.659183275616221
115.2000000000001; 0.6593152591216008
115.3000000000001; 0.6594469682865982
115.4000000000001; 0.6595784041226066
115.5000000000001; 0.6597095676362523
115.60000000000011; 0.6598404598294219
115.7000000000001; 0.6599710816992876
115.8000000000001; 0.660101434238332
115.9000000000001; 0.6602315184343764
116.0000000000001; 0.6603613352706025
116.10000000000011; 0.660490885725581
116.2000000000001; 0.6606201707732957
116.3000000000001; 0.6607491913831678
116.4000000000001; 0.6608779485200814
116.5000000000001; 0.6610064431444086
116.60000000000011; 0.6611346762120336
116.7000000000001; 0.6612626486743762
116.8000000000001; 0.6613903614784182
116.9000000000001; 0.6615178155667258
117.0000000000001; 0.6616450118774743
117.10000000000011; 0.6617719513444709
117.2000000000001; 0.6618986348971803
117.3000000000001; 0.662025063460747
117.4000000000001; 0.6621512379560183
117.5000000000001; 0.6622771592995687
117.60000000000011; 0.6624028284037217
117.7000000000001; 0.6625282461765745
117.8000000000001; 0.6626534135220189
117.9000000000001; 0.6627783313397655
118.0000000000001; 0.6629030005253657
118.10000000000011; 0.6630274219702338
118.2000000000001; 0.6631515965616704
118.30000000000011; 0.6632755251828828
118.4000000000001; 0.6633992087130082
118.5000000000001; 0.6635226480271363
118.60000000000011; 0.6636458439963295
118.7000000000001; 0.6637687974876452
118.80000000000011; 0.663891509364157
118.9000000000001; 0.6640139804849771
119.0000000000001; 0.6641362117052767
119.10000000000011; 0.6642582038763065
119.2000000000001; 0.6643799578454197
119.30000000000011; 0.66450147445609
119.4000000000001; 0.6646227545479353
119.5000000000001; 0.6647437989567362
119.60000000000011; 0.6648646085144575
119.7000000000001; 0.6649851840492683
119.80000000000011; 0.6651055263855624
119.9000000000001; 0.6652256363439776
120.0000000000001; 0.6653455147414172
120.10000000000011; 0.6654651623910688
120.2000000000001; 0.6655845801024239
120.30000000000011; 0.6657037686812991
120.4000000000001; 0.6658227289298526
120.5000000000001; 0.6659414616466077
120.60000000000011; 0.6660599676264688
120.7000000000001; 0.6661782476607414
120.80000000000011; 0.6662963025371526
120.9000000000001; 0.6664141330398679
121.00000000000011; 0.6665317399495122
121.10000000000011; 0.6666491240431855
121.2000000000001; 0.6667662860944862
121.30000000000011; 0.6668832268735246
121.4000000000001; 0.6669999471469445
121.50000000000011; 0.6671164476779405
121.60000000000011; 0.6672327292262767
121.7000000000001; 0.6673487925483031
121.80000000000011; 0.6674646383969765
121.9000000000001; 0.6675802675218749
122.00000000000011; 0.6676956806692183
122.10000000000011; 0.6678108785818848
122.2000000000001; 0.6679258619994283
122.30000000000011; 0.668040631658096
122.4000000000001; 0.668155188290846
122.50000000000011; 0.6682695326273644
122.60000000000011; 0.6683836653940826
122.7000000000001; 0.6684975873141933
122.80000000000011; 0.6686112991076696
122.9000000000001; 0.6687248014912793
123.00000000000011; 0.6688380951786042
123.10000000000011; 0.6689511808800542
123.2000000000001; 0.6690640593028853
123.30000000000011; 0.6691767311512163
123.4000000000001; 0.6692891971260448
123.50000000000011; 0.6694014579252625
123.60000000000011; 0.6695135142436727
123.7000000000001; 0.669625366773006
123.80000000000011; 0.6697370162019362
123.9000000000001; 0.6698484632160951
124.00000000000011; 0.6699597084980905
124.10000000000011; 0.6700707527275201
124.2000000000001; 0.670181596580988
124.30000000000011; 0.6702922407321195
124.4000000000001; 0.6704026858515774
124.50000000000011; 0.6705129326070761
124.60000000000011; 0.6706229816633985
124.70000000000012; 0.6707328336824098
124.80000000000011; 0.6708424893230731
124.9000000000001; 0.6709519492414637
125.00000000000011; 0.6710612140907859
125.10000000000011; 0.6711702845213853
125.20000000000012; 0.671279161180765
125.30000000000011; 0.6713878447136002
125.4000000000001; 0.6714963357617526
125.50000000000011; 0.6716046349642839
125.60000000000011; 0.6717127429574721
125.70000000000012; 0.6718206603748239
125.80000000000011; 0.6719283878470905
125.9000000000001; 0.6720359260022801
126.00000000000011; 0.6721432754656734
126.10000000000011; 0.672250436859837
126.20000000000012; 0.6723574108046371
126.30000000000011; 0.6724641979172534
126.4000000000001; 0.6725707988121932
126.50000000000011; 0.6726772141013042
126.60000000000011; 0.6727834443937895
126.70000000000012; 0.6728894902962196
126.80000000000011; 0.6729953524125462
126.9000000000001; 0.6731010313441168
127.00000000000011; 0.6732065276896861
127.10000000000011; 0.6733118420454302
127.20000000000012; 0.6734169750049593
127.30000000000011; 0.6735219271593319
127.40000000000012; 0.6736266990970659
127.50000000000011; 0.6737312914041523
127.60000000000011; 0.6738357046640691
127.70000000000012; 0.6739399394577922
127.80000000000011; 0.6740439963638089
127.90000000000012; 0.6741478759581316
128.0000000000001; 0.6742515788143079
128.1000000000001; 0.6743551055034352
128.2000000000001; 0.674458456594172
128.30000000000013; 0.6745616326527506
128.40000000000012; 0.6746646342429891
128.5000000000001; 0.6747674619263038
128.6000000000001; 0.6748701162617208
128.7000000000001; 0.6749725978058888
128.80000000000013; 0.6750749071130911
128.90000000000012; 0.6751770447352561
129.0000000000001; 0.6752790112219706
129.1000000000001; 0.6753808071204912
129.2000000000001; 0.6754824329757557
129.30000000000013; 0.6755838893303941
129.40000000000012; 0.6756851767247428
129.5000000000001; 0.6757862956968522
129.6000000000001; 0.6758872467825013
129.7000000000001; 0.6759880305152078
129.80000000000013; 0.6760886474262389
129.90000000000012; 0.6761890980446239
130.0000000000001; 0.6762893828971642
130.1000000000001; 0.6763895025084455
130.2000000000001; 0.6764894574008469
130.30000000000013; 0.6765892480945542
130.40000000000012; 0.6766888751075697
130.5000000000001; 0.6767883389557227
130.6000000000001; 0.6768876401526809
130.7000000000001; 0.6769867792099613
130.80000000000013; 0.6770857566369403
130.90000000000012; 0.6771845729408646
131.0000000000001; 0.6772832286268616
131.1000000000001; 0.6773817241979506
131.2000000000001; 0.6774800601550518
131.30000000000013; 0.6775782369969987
131.40000000000012; 0.6776762552205462
131.5000000000001; 0.6777741153203827
131.6000000000001; 0.6778718177891389
131.7000000000001; 0.6779693631173992
131.80000000000013; 0.6780667517937112
131.90000000000012; 0.6781639843045956
132.0000000000001; 0.6782610611345561
132.1000000000001; 0.6783579827660897
132.2000000000001; 0.6784547496796968
132.30000000000013; 0.67855136235389
132.40000000000012; 0.6786478212652054
132.5000000000001; 0.6787441268882104
132.6000000000001; 0.678840279695515
132.70000000000013; 0.6789362801577807
132.80000000000013; 0.6790321287437301
132.90000000000012; 0.6791278259201562
133.0000000000001; 0.6792233721519323
133.1000000000001; 0.679318767902021
133.20000000000013; 0.6794140136314837
133.30000000000013; 0.6795091097994901
133.40000000000012; 0.6796040568633268
133.5000000000001; 0.6796988552784071
133.6000000000001; 0.6797935054982799
133.70000000000013; 0.6798880079746388
133.80000000000013; 0.6799823631573308
133.90000000000012; 0.6800765714943662
134.0000000000001; 0.6801706334319264
134.1000000000001; 0.6802645494143736
134.20000000000013; 0.6803583198842593
134.30000000000013; 0.6804519452823328
134.40000000000012; 0.6805454260475507
134.5000000000001; 0.680638762617085
134.6000000000001; 0.6807319554263319
134.70000000000013; 0.6808250049089202
134.80000000000013; 0.6809179114967203
134.90000000000012; 0.6810106756198522
135.0000000000001; 0.6811032977066943
135.1000000000001; 0.6811957781838915
135.20000000000013; 0.6812881174763643
135.30000000000013; 0.6813803160073157
135.40000000000012; 0.681472374198241
135.5000000000001; 0.6815642924689348
135.6000000000001; 0.6816560712375003
135.70000000000013; 0.6817477109203567
135.80000000000013; 0.6818392119322467
135.90000000000012; 0.6819305746862464
136.0000000000001; 0.6820217995937716
136.1000000000001; 0.6821128870645863
136.20000000000013; 0.6822038375068106
136.30000000000013; 0.6822946513269293
136.40000000000012; 0.6823853289297978
136.5000000000001; 0.6824758707186521
136.6000000000001; 0.6825662770951157
136.70000000000013; 0.6826565484592065
136.80000000000013; 0.6827466852093456
136.90000000000012; 0.6828366877423638
137.0000000000001; 0.6829265564535111
137.1000000000001; 0.6830162917364616
137.20000000000013; 0.6831058939833234
137.30000000000013; 0.6831953635846439
137.40000000000012; 0.6832847009294196
137.5000000000001; 0.6833739064051011
137.6000000000001; 0.6834629803976022
137.70000000000013; 0.6835519232913065
137.80000000000013; 0.6836407354690741
137.90000000000012; 0.68372941731225
138.0000000000001; 0.6838179692006701
138.1000000000001; 0.6839063915126695
138.20000000000013; 0.6839946846250886
138.30000000000013; 0.6840828489132807
138.40000000000012; 0.684170884751119
138.5000000000001; 0.6842587925110033
138.60000000000014; 0.6843465725638669
138.70000000000013; 0.6844342252791838
138.80000000000013; 0.6845217510249764
138.90000000000012; 0.6846091501678199
139.0000000000001; 0.6846964230728516
139.10000000000014; 0.6847835701037766
139.20000000000013; 0.6848705916228744
139.30000000000013; 0.6849574879910059
139.40000000000012; 0.6850442595676203
139.5000000000001; 0.6851309067107607
139.60000000000014; 0.6852174297770716
139.70000000000013; 0.6853038291218057
139.80000000000013; 0.6853901050988292
139.90000000000012; 0.68547625806063
140.0000000000001; 0.6855622883583217
140.10000000000014; 0.6856481963416527
140.20000000000013; 0.6857339823590108
140.30000000000013; 0.6858196467574305
140.40000000000012; 0.6859051898825977
140.5000000000001; 0.685990612078859
140.60000000000014; 0.6860759136892247
140.70000000000013; 0.6861610950553768
140.80000000000013; 0.6862461565176751
140.90000000000012; 0.6863310984151624
141.0000000000001; 0.6864159210855716
141.10000000000014; 0.6865006248653315
141.20000000000013; 0.6865852100895727
141.30000000000013; 0.6866696770921336
141.40000000000012; 0.6867540262055665
141.5000000000001; 0.6868382577611435
141.60000000000014; 0.6869223720888622
141.70000000000013; 0.6870063695174522
141.80000000000013; 0.6870902503743802
141.90000000000012; 0.6871740149858568
142.0000000000001; 0.6872576636768408
142.10000000000014; 0.6873411967710464
142.20000000000013; 0.6874246145909486
142.30000000000013; 0.6875079174577882
142.40000000000012; 0.6875911056915779
142.5000000000001; 0.6876741796111087
142.60000000000014; 0.6877571395339538
142.70000000000013; 0.6878399857764761
142.80000000000013; 0.6879227186538327
142.90000000000012; 0.6880053384799802
143.0000000000001; 0.6880878455676808
143.10000000000014; 0.6881702402285076
143.20000000000013; 0.6882525227728499
143.30000000000013; 0.6883346935099188
143.40000000000012; 0.6884167527477525
143.5000000000001; 0.6884987007932215
143.60000000000014; 0.6885805379520341
143.70000000000013; 0.6886622645287419
143.80000000000013; 0.6887438808267445
143.90000000000012; 0.6888253871482953
144.0000000000001; 0.6889067837945063
144.10000000000014; 0.688988071065354
144.20000000000013; 0.6890692492596834
144.30000000000013; 0.6891503186752143
144.40000000000012; 0.6892312796085454
144.5000000000001; 0.6893121323551606
144.60000000000014; 0.6893928772094327
144.70000000000013; 0.6894735144646292
144.80000000000013; 0.6895540444129173
144.90000000000012; 0.6896344673453688
145.0000000000001; 0.689714783551965
145.10000000000014; 0.6897949933216014
145.20000000000013; 0.6898750969420929
145.30000000000013; 0.6899550947001792
145.40000000000012; 0.690034986881528
145.50000000000014; 0.6901147737707417
145.60000000000014; 0.6901944556513612
145.70000000000013; 0.6902740328058707
145.80000000000013; 0.690353505515703
145.90000000000012; 0.6904328740612432
146.00000000000014; 0.6905121387218347
146.10000000000014; 0.6905912997757828
146.20000000000013; 0.6906703575003598
146.30000000000013; 0.69074931217181
146.40000000000012; 0.6908281640653536
146.50000000000014; 0.6909069134551916
146.60000000000014; 0.6909855606145103
146.70000000000013; 0.6910641058154863
146.80000000000013; 0.6911425493292902
146.90000000000012; 0.6912208914260916
147.00000000000014; 0.6912991323750636
147.10000000000014; 0.6913772724443867
147.20000000000013; 0.6914553119012542
147.30000000000013; 0.6915332510118759
147.40000000000012; 0.6916110900414821
147.50000000000014; 0.6916888292543293
147.60000000000014; 0.6917664689137029
147.70000000000013; 0.6918440092819228
147.80000000000013; 0.6919214506203469
147.90000000000012; 0.6919987931893761
148.00000000000014; 0.6920760372484576
148.10000000000014; 0.6921531830560897
148.20000000000013; 0.6922302308698264
148.30000000000013; 0.6923071809462804
148.40000000000012; 0.692384033541129
148.50000000000014; 0.6924607889091157
148.60000000000014; 0.6925374473040573
148.70000000000013; 0.6926140089788455
148.80000000000013; 0.6926904741854526
148.90000000000012; 0.6927668431749348
149.00000000000014; 0.692843116197436
149.10000000000014; 0.6929192935021928
149.20000000000013; 0.6929953753375375
149.30000000000013; 0.6930713619509028
149.40000000000012; 0.6931472535888248
149.50000000000014; 0.693223050496948
149.60000000000014; 0.6932987529200288
149.70000000000013; 0.6933743611019394
149.80000000000013; 0.6934498752856713
149.90000000000012; 0.6935252957133395
150.00000000000014; 0.6936006226261869
150.10000000000014; 0.6936758542634466
150.20000000000013; 0.6937509928341882
150.30000000000013; 0.6938260386034785
150.40000000000012; 0.6939009918068495
150.50000000000014; 0.6939758526789953
150.60000000000014; 0.6940506214537772
150.70000000000013; 0.6941252983642253
150.80000000000013; 0.6941998836425429
150.90000000000012; 0.6942743775201115
151.00000000000014; 0.694348780227491
151.10000000000014; 0.6944230919944268
151.20000000000013; 0.6944973130498504
151.30000000000013; 0.6945714436218854
151.40000000000015; 0.694645483937849
151.50000000000014; 0.6947194342242563
151.60000000000014; 0.6947932947068237
151.70000000000013; 0.6948670656104723
151.80000000000013; 0.6949407471593307
151.90000000000015; 0.6950143395767402
152.00000000000014; 0.6950878430852555
152.10000000000014; 0.6951612579066498
152.20000000000013; 0.6952345842619189
152.30000000000013; 0.6953078223712817
152.40000000000015; 0.6953809724541864
152.50000000000014; 0.695454034729312
152.60000000000014; 0.6955270094145721
152.70000000000013; 0.695599896727119
152.80000000000013; 0.6956726968833454
152.90000000000015; 0.6957454100988881
153.00000000000014; 0.6958180365886327
153.10000000000014; 0.695890576566714
153.20000000000013; 0.6959630302465222
153.30000000000013; 0.6960353978407032
153.40000000000015; 0.6961076795611645
153.50000000000014; 0.6961798756190761
153.60000000000014; 0.6962519862248746
153.70000000000013; 0.6963240115882666
153.80000000000013; 0.6963959519182306
153.90000000000015; 0.6964678074230217
154.00000000000014; 0.6965395783101732
154.10000000000014; 0.6966112647865006
154.20000000000013; 0.6966828670581039
154.30000000000013; 0.6967543853303713
154.40000000000015; 0.6968258198079815
154.50000000000014; 0.6968971706949074
154.60000000000014; 0.6969684381944186
154.70000000000013; 0.6970396225090841
154.80000000000013; 0.6971107238407763
154.90000000000015; 0.6971817423906725
155.00000000000014; 0.6972526783592591
155.10000000000014; 0.6973235319463335
155.20000000000013; 0.6973943033510076
155.30000000000013; 0.6974649927717106
155.40000000000015; 0.6975356004061917
155.50000000000014; 0.6976061264515222
155.60000000000014; 0.6976765711041009
155.70000000000013; 0.6977469345596528
155.80000000000013; 0.6978172170132362
155.90000000000015; 0.6978874186592422
156.00000000000014; 0.6979575396913996
156.10000000000014; 0.6980275803027762
156.20000000000013; 0.6980975406857829
156.30000000000013; 0.6981674210321747
156.40000000000015; 0.6982372215330552
156.50000000000014; 0.6983069423788784
156.60000000000014; 0.6983765837594518
156.70000000000013; 0.6984461458639379
156.80000000000013; 0.6985156288808586
156.90000000000015; 0.6985850329980969
157.00000000000014; 0.6986543584028997
157.10000000000014; 0.6987236052818798
157.20000000000013; 0.6987927738210202
157.30000000000013; 0.6988618642056746
157.40000000000015; 0.698930876620572
157.50000000000014; 0.6989998112498175
157.60000000000014; 0.699068668276896
157.70000000000013; 0.6991374478846745
157.80000000000013; 0.6992061502554047
157.90000000000015; 0.6992747755707248
158.00000000000014; 0.6993433240116635
158.10000000000014; 0.6994117957586413
158.20000000000013; 0.6994801909914726
158.30000000000015; 0.6995485098893702
158.40000000000015; 0.699616752630946
158.50000000000014; 0.6996849193942133
158.60000000000014; 0.6997530103565909
158.70000000000013; 0.6998210256949037
158.80000000000015; 0.6998889655853867
158.90000000000015; 0.6999568302036867
159.00000000000014; 0.7000246197248637
159.10000000000014; 0.7000923343233953
159.20000000000013; 0.7001599741731781
159.30000000000015; 0.7002275394475294
159.40000000000015; 0.70029503031919
159.50000000000014; 0.7003624469603281
159.60000000000014; 0.7004297895425392
159.70000000000013; 0.7004970582368492
159.80000000000015; 0.7005642532137182
159.90000000000015; 0.7006313746430409
160.00000000000014; 0.7006984226941496
