energy (keV); transmission
1.0; 0.0
1.1; 0.0
1.2000000000000002; 0.0
1.3000000000000003; 0.0
1.4000000000000004; 0.0
1.5000000000000004; 0.0
1.6000000000000005; 0.0
1.7000000000000006; 0.0
1.8000000000000007; 0.0
1.9000000000000008; 0.0
2.000000000000001; 0.0
2.100000000000001; 0.0
2.200000000000001; 0.0
2.300000000000001; 0.0
2.4000000000000012; 0.0
2.5000000000000013; 0.0
2.6000000000000014; 0.0
2.7000000000000015; 0.0
2.8000000000000016; 0.0
2.9000000000000017; 0.0
3.0000000000000018; 0.0
3.100000000000002; 0.0
3.200000000000002; 0.0
3.300000000000002; 0.0
3.400000000000002; 0.0
3.500000000000002; 0.0
3.6000000000000023; 0.0
3.7000000000000024; 0.0
3.8000000000000025; 0.0
3.9000000000000026; 0.0
4.000000000000003; 0.0
4.100000000000003; 0.0
4.200000000000003; 0.0
4.3000000000000025; 0.0
4.400000000000003; 0.0
4.5000000000000036; 0.0
4.600000000000003; 0.0
4.700000000000003; 0.0
4.800000000000003; 2.9281834623503684e-307
4.900000000000004; 5.254503903327571e-290
5.0000000000000036; 5.091546859609598e-274
5.100000000000003; 3.4514591348294136e-259
5.200000000000004; 2.072445142865831e-245
5.300000000000004; 1.3627684132414861e-232
5.400000000000004; 1.1868470884861676e-220
5.5000000000000036; 1.6239096384201353e-209
5.600000000000004; 4.0705941415762917e-199
5.700000000000005; 2.1470788579161627e-189
5.800000000000004; 2.7006867644565265e-180
5.900000000000004; 9.072032070460242e-172
6.000000000000004; 9.017817970123823e-164
6.100000000000005; 2.9093539137621786e-156
6.200000000000005; 3.3174212208145973e-149
6.300000000000004; 1.4438122690360533e-142
6.400000000000005; 2.5727891820958024e-136
6.500000000000005; 2.0013928520049862e-130
6.600000000000005; 7.207437212990453e-125
6.700000000000005; 1.2679471871801655e-119
6.800000000000005; 1.1447643113295186e-114
6.900000000000006; 5.550131881255037e-110
7.000000000000005; 1.5064650300544223e-105
7.100000000000005; 2.3787263196821837e-101
7.2000000000000055; 2.0972899653994718e-97
7.300000000000006; 1.24582958625945e-93
7.400000000000006; 4.748537649526564e-90
7.500000000000005; 1.1941797530492079e-86
7.600000000000006; 2.0332693070131186e-83
7.700000000000006; 2.4005946626616183e-80
7.800000000000006; 2.0094218286386635e-77
7.900000000000006; 1.2172805905939435e-74
8.000000000000007; 5.439800494721246e-72
8.100000000000007; 1.8260057821015643e-69
8.200000000000006; 4.6791421954830284e-67
8.300000000000006; 9.294995852601399e-65
8.400000000000006; 1.4520338868333383e-62
8.500000000000007; 1.8078441288038706e-60
8.600000000000007; 1.816485446404222e-58
8.700000000000006; 1.4902749852625738e-56
8.800000000000008; 1.0092866182727059e-54
8.900000000000007; 5.700641164664291e-53
9.000000000000007; 2.7111966779999756e-51
9.100000000000007; 1.0955530758993952e-49
9.200000000000006; 3.793205994893287e-48
9.300000000000008; 1.1342826900790704e-46
9.400000000000007; 2.951282853397713e-45
9.500000000000007; 6.728431756333268e-44
9.600000000000009; 1.3529714330793063e-42
9.700000000000008; 2.4144888958645547e-41
9.800000000000008; 3.8464211653728894e-40
9.900000000000007; 5.500097904201865e-39
10.000000000000007; 7.096044139978674e-38
10.100000000000009; 8.29988062860584e-37
10.200000000000008; 8.842967218275272e-36
10.300000000000008; 8.619737922791718e-35
10.40000000000001; 7.718865825315015e-34
10.500000000000009; 6.374863313983726e-33
10.600000000000009; 4.8735807493308716e-32
10.700000000000008; 3.460991534069119e-31
10.800000000000008; 2.2906663378294133e-30
10.90000000000001; 1.4173908191244944e-29
11.000000000000009; 8.223749049677512e-29
11.100000000000009; 4.4866405566626135e-28
11.20000000000001; 2.3078069844421417e-27
11.30000000000001; 1.1220201957422224e-26
11.40000000000001; 5.168508233566327e-26
11.500000000000009; 2.2608976728613254e-25
11.600000000000009; 9.412090234534482e-25
11.70000000000001; 3.736564193027121e-24
11.80000000000001; 1.4173848173235042e-23
11.90000000000001; 5.146813237523032e-23
12.00000000000001; 1.7922211508160797e-22
12.10000000000001; 5.994841413355029e-22
12.20000000000001; 1.9292664967526956e-21
12.30000000000001; 5.982707370629185e-21
12.40000000000001; 1.7902999047598e-20
12.50000000000001; 5.177002251398253e-20
12.60000000000001; 1.4485372437242746e-19
12.70000000000001; 3.92669875284336e-19
12.800000000000011; 1.0325117887482683e-18
12.900000000000011; 2.6365210526488006e-18
13.00000000000001; 6.545052488143675e-18
13.10000000000001; 1.5812346741781387e-17
13.20000000000001; 3.721485476077756e-17
13.300000000000011; 8.540622355523517e-17
13.400000000000011; 1.9129963802844233e-16
13.50000000000001; 4.185730269123921e-16
13.600000000000012; 8.954172351847082e-16
13.700000000000012; 1.874242969537363e-15
13.800000000000011; 3.841553530145716e-15
13.900000000000011; 7.715937768321195e-15
14.00000000000001; 1.5197714040133522e-14
14.100000000000012; 2.937444816212036e-14
14.200000000000012; 5.5750031200071404e-14
14.300000000000011; 1.0396208471725619e-13
14.400000000000013; 1.9059821810003566e-13
14.500000000000012; 3.4373656625163086e-13
14.600000000000012; 6.101473639130402e-13
14.700000000000012; 1.0665356937328236e-12
14.800000000000011; 1.8368266041549408e-12
14.900000000000013; 3.1183498180927255e-12
15.000000000000012; 5.220942772865588e-12
15.100000000000012; 8.624646147415133e-12
15.200000000000014; 1.4063200578228946e-11
15.300000000000013; 2.26442607396934e-11
15.400000000000013; 3.601943773936375e-11
15.500000000000012; 5.6622323450886217e-11
15.600000000000012; 8.799770076841015e-11
15.700000000000014; 1.3525170883564764e-10
15.800000000000013; 2.0566063718150725e-10
15.900000000000013; 3.094854727230838e-10
16.000000000000014; 4.6105047518933406e-10
16.100000000000016; 6.801570473401346e-10
16.200000000000014; 9.939191060837065e-10
16.30000000000001; 1.4391231210986616e-09
16.400000000000013; 2.0652349929811862e-09
16.500000000000014; 2.9381969600720972e-09
16.600000000000016; 4.145180652637154e-09
16.700000000000014; 5.8004870820535775e-09
16.800000000000015; 8.052810508868639e-09
16.900000000000013; 1.1094110442074648e-08
17.000000000000014; 1.5170364064095876e-08
17.100000000000016; 2.0594499651813627e-08
17.200000000000014; 2.776183949680602e-08
17.300000000000015; 3.7168407773410484e-08
17.400000000000013; 4.943248405942835e-08
17.500000000000014; 6.531980603730173e-08
17.600000000000016; 8.577284452235313e-08
17.700000000000014; 1.1194458960176147e-07
17.800000000000015; 1.4523729755690313e-07
17.900000000000016; 1.8734665365089138e-07
18.000000000000014; 2.4031180511419576e-07
18.100000000000016; 3.065717111520053e-07
18.200000000000017; 3.8902824201816384e-07
18.300000000000015; 4.911164367571721e-07
18.400000000000016; 6.168822988358069e-07
18.500000000000014; 7.710684704437554e-07
18.600000000000016; 9.592080797500661e-07
18.700000000000017; 1.1877270010370838e-06
18.800000000000015; 1.4640547057160827e-06
18.900000000000016; 1.7967438132430047e-06
19.000000000000014; 2.195598375518521e-06
19.100000000000016; 2.6718108472399967e-06
19.200000000000017; 3.238107608761203e-06
19.300000000000015; 3.908902818293549e-06
19.400000000000016; 4.700460277852749e-06
19.500000000000018; 5.631062903353004e-06
19.600000000000016; 6.721189294896221e-06
19.700000000000017; 7.99369680981937e-06
19.80000000000002; 9.474010449691049e-06
19.900000000000016; 1.1190316784398143e-05
20.000000000000018; 1.3173762052929126e-05
20.100000000000016; 1.5458363910295395e-05
20.200000000000017; 1.808200011822256e-05
20.30000000000002; 2.1085900717813454e-05
20.400000000000016; 2.4515069950222665e-05
20.500000000000018; 2.841849045170699e-05
20.600000000000016; 3.284932506974851e-05
20.700000000000017; 3.786511519664553e-05
20.80000000000002; 4.352797437821985e-05
20.900000000000016; 4.99047759503625e-05
21.000000000000018; 5.706733346185471e-05
21.10000000000002; 6.509257265826015e-05
21.200000000000017; 7.40626938283514e-05
21.30000000000002; 8.406532335125857e-05
21.40000000000002; 9.519365332883409e-05
21.500000000000018; 0.00010754656824305835
21.60000000000002; 0.00012122875764207986
21.700000000000017; 0.00013635081392985806
21.80000000000002; 0.0001530293144127174
21.90000000000002; 0.00017138688684059574
22.000000000000018; 0.00019155225777014477
22.10000000000002; 0.0002136602831711345
22.200000000000017; 0.00023785196079437318
22.30000000000002; 0.0002642744239197141
22.40000000000002; 0.0002930809162036048
22.500000000000018; 0.0003244307474478588
22.60000000000002; 0.00035848923021328043
22.70000000000002; 0.00039542759730248856
22.80000000000002; 0.00043542290023539185
22.90000000000002; 0.000478657888937608
23.00000000000002; 0.0005253208729552056
23.10000000000002; 0.000575605564599076
23.20000000000002; 0.0006297109045075121
23.30000000000002; 0.0006878408701957347
23.40000000000002; 0.0007502042682371467
23.50000000000002; 0.0008170145107896953
23.60000000000002; 0.0008884893772453962
23.70000000000002; 0.0009648507618382471
23.80000000000002; 0.0010463244080971435
23.90000000000002; 0.0011331396310757208
24.00000000000002; 0.0012255290283294173
24.10000000000002; 0.0013237281806417276
24.20000000000002; 0.0014279753435287976
24.300000000000022; 0.0015385111305690822
24.40000000000002; 0.0016555781896203158
24.50000000000002; 0.0017794208729918362
24.600000000000023; 0.0019102849026432793
24.70000000000002; 0.002048417031476466
24.800000000000022; 0.0021940647017784057
24.90000000000002; 0.002347475701860488
25.00000000000002; 0.0025088978219197297
25.100000000000023; 0.002678578510125449
25.20000000000002; 0.002856764529909653
25.300000000000022; 0.0030437016194074327
25.40000000000002; 0.003239634153963027
25.50000000000002; 0.0034448048125778835
25.600000000000023; 0.003659454249142147
25.70000000000002; 0.003883820769247022
25.800000000000022; 0.004118140013335578
25.900000000000023; 0.004362644646903127
26.00000000000002; 0.004617564058414707
26.100000000000023; 0.004883124065559105
26.200000000000024; 0.005159546630414916
26.300000000000022; 0.005447049584053971
26.400000000000023; 0.005745846361059605
26.50000000000002; 0.006056145744395888
26.600000000000023; 0.006378151621007584
26.700000000000024; 0.0067120627484935835
26.800000000000022; 0.0070580725331446095
26.900000000000023; 0.007416368819595292
27.00000000000002; 0.007787133692293831
27.100000000000023; 0.008170543288953478
27.200000000000024; 0.008566767626107561
27.300000000000022; 0.008975970436847934
27.400000000000023; 0.009398309020795557
27.500000000000025; 0.009833934106306268
27.600000000000023; 0.010282989724889145
27.700000000000024; 0.01074561309777556
27.800000000000026; 0.011221934534547883
27.900000000000023; 0.011712077343712247
28.000000000000025; 0.01221615775506106
28.100000000000023; 0.012734284853658547
28.200000000000024; 0.013266560525249101
28.300000000000026; 0.013813079412870275
28.400000000000023; 0.014373928884432896
28.500000000000025; 0.014949189011007679
28.600000000000023; 0.01553893255554916
28.700000000000024; 0.01614322497176259
28.800000000000026; 0.016762124412813904
28.900000000000023; 0.017395681749570933
29.000000000000025; 0.018043940598047287
29.100000000000026; 0.018706937355717733
29.200000000000024; 0.01938470124636481
29.300000000000026; 0.02007725437311374
29.400000000000027; 0.02078461177929578
29.500000000000025; 0.021506781516799887
29.600000000000026; 0.022243764721540913
29.700000000000024; 0.02299555569570186
29.800000000000026; 0.023762141996381655
29.900000000000027; 0.024543504530299028
30.000000000000025; 0.02533961765419848
30.100000000000026; 0.026150774343332833
30.200000000000024; 0.026976628469031348
30.300000000000026; 0.027817130741166294
30.400000000000027; 0.02867223035572183
30.500000000000025; 0.0295418705270328
30.600000000000026; 0.030425988615919938
30.700000000000028; 0.03132451626117883
30.800000000000026; 0.032237379514105824
30.900000000000027; 0.033164498975753826
31.00000000000003; 0.0341057899366238
31.100000000000026; 0.03506116251849107
31.200000000000028; 0.036030521818095906
31.300000000000026; 0.03701376805241626
31.400000000000027; 0.03801079670526359
31.50000000000003; 0.03902149867494336
31.600000000000026; 0.0400457604227359
31.700000000000028; 0.04108346412196015
31.800000000000026; 0.04213448780739945
31.900000000000027; 0.043198705524857765
32.00000000000003; 0.044275987480653575
32.10000000000002; 0.04536620019084569
32.20000000000003; 0.04646920662999805
32.300000000000026; 0.04758486637931135
32.40000000000003; 0.04871303577394389
32.50000000000003; 0.04985356804936655
32.60000000000003; 0.051006313486588496
32.70000000000003; 0.052171119556119624
32.800000000000026; 0.05334783106053157
32.90000000000003; 0.05453629027548407
33.00000000000003; 0.05573633708910631
33.10000000000003; 0.056947809139615245
33.20000000000003; 0.05817054195107324
33.300000000000026; 0.05940436906718333
33.40000000000003; 0.060649122183043455
33.50000000000003; 0.061904631274764685
33.60000000000003; 0.06317072472689904
33.70000000000003; 0.06444722945758538
33.800000000000026; 0.06573397104137647
33.90000000000003; 0.06703077382967365
34.00000000000003; 0.06833746106873845
34.10000000000003; 0.06965385501521733
34.20000000000003; 0.07097977704916293
34.30000000000003; 0.07231504778450998
34.40000000000003; 0.07365948717697651
34.50000000000003; 0.07501291462937837
34.60000000000003; 0.07637514909432802
34.70000000000003; 0.07774600917432074
34.80000000000003; 0.07912531321917775
34.90000000000003; 0.08051287942086988
35.00000000000003; 0.08190852590569389
35.10000000000003; 0.0833120708238213
35.20000000000003; 0.08472333243622635
35.30000000000003; 0.08614212919898835
35.400000000000034; 0.08756827984500373
35.50000000000003; 0.08900160346309761
35.60000000000003; 0.09044191957457949
35.70000000000003; 0.0918890482072416
35.80000000000003; 0.09334280996683507
35.900000000000034; 0.09480302610605122
36.00000000000003; 0.09626951859102219
36.10000000000003; 0.09774211016538763
36.20000000000003; 0.09922062441194382
36.30000000000003; 0.10070488581191499
36.400000000000034; 0.10219471980187961
36.50000000000003; 0.10368995282838787
36.60000000000003; 0.10519041240030154
36.70000000000003; 0.10669592713890484
36.80000000000003; 0.10820632682581337
36.900000000000034; 0.10972144244872178
37.00000000000003; 0.11124110624504396
37.10000000000003; 0.11276515174346542
37.20000000000003; 0.11429341380346784
37.30000000000003; 0.11582572865285652
37.400000000000034; 0.11736193392333934
37.500000000000036; 0.1189018686841879
37.60000000000003; 0.12044537347404868
37.70000000000003; 0.12199229033091503
37.80000000000003; 0.12354246282033046
37.900000000000034; 0.12509573606184693
38.000000000000036; 0.12665195675379395
38.10000000000003; 0.12821097319639577
38.20000000000003; 0.12977263531327854
38.30000000000003; 0.1313367946714152
38.400000000000034; 0.13290330449954052
38.500000000000036; 0.13447201970509334
38.60000000000004; 0.13604279688970847
38.70000000000003; 0.13761549436332476
38.80000000000003; 0.13918997215691964
38.900000000000034; 0.14076609203393842
39.000000000000036; 0.14234371750044097
39.10000000000004; 0.14392271381401545
39.20000000000003; 0.14550294799148683
39.30000000000003; 0.14708428881547556
39.400000000000034; 0.14866660683982405
39.500000000000036; 0.15024977439394607
39.60000000000004; 0.15183366558612743
39.70000000000003; 0.15341815630580838
39.80000000000003; 0.15500312422490156
39.900000000000034; 0.15658844879815983
40.000000000000036; 0.15817399943401067
40.10000000000004; 0.1597588304769
40.20000000000003; 0.16134366536919945
40.30000000000003; 0.1629283906179825
40.400000000000034; 0.16451289449222123
40.500000000000036; 0.16609706701840238
40.60000000000004; 0.1676807999754397
40.70000000000004; 0.16926398688889302
40.80000000000003; 0.17084652302454834
40.900000000000034; 0.17242830538135567
41.000000000000036; 0.1740092326837838
41.10000000000004; 0.17558920537359896
41.20000000000004; 0.17716812560109152
41.30000000000003; 0.17874589721579112
41.400000000000034; 0.1803224257566837
41.500000000000036; 0.1818976184419502
41.60000000000004; 0.18347138415827255
41.70000000000004; 0.18504363344969613
41.80000000000004; 0.18661427850610052
41.900000000000034; 0.18818323315128985
42.000000000000036; 0.1897504128307116
42.10000000000004; 0.19131573459884552
42.20000000000004; 0.19287911710627081
42.30000000000004; 0.19444048058641966
42.400000000000034; 0.1959997468420712
42.500000000000036; 0.19755683923155296
42.60000000000004; 0.1991116826547172
42.70000000000004; 0.20066420353867875
42.80000000000004; 0.2022143298233323
42.900000000000034; 0.20376199094668518
43.000000000000036; 0.2053071178299941
43.10000000000004; 0.20684964286274435
43.20000000000004; 0.20838949988746844
43.30000000000004; 0.20992662418442876
43.400000000000034; 0.2114609524561749
43.500000000000036; 0.21299242281198097
43.60000000000004; 0.21452097475219267
43.70000000000004; 0.21604654915247953
43.80000000000004; 0.21756908824800814
43.90000000000004; 0.2190885356175511
44.000000000000036; 0.2206048361675488
44.10000000000004; 0.2221179361161147
44.20000000000004; 0.22362778297700858
44.30000000000004; 0.22513432554359347
44.40000000000004; 0.22663751387276765
44.500000000000036; 0.22813729926888915
44.60000000000004; 0.22963363426770966
44.70000000000004; 0.2311264726203124
44.80000000000004; 0.23261576927706587
44.90000000000004; 0.2341014803716078
45.00000000000004; 0.2355835632048572
45.10000000000004; 0.23706197622906827
45.20000000000004; 0.23853667903192644
45.30000000000004; 0.24000763232070088
45.40000000000004; 0.24147479790645035
45.50000000000004; 0.24293813868829217
45.60000000000004; 0.24439761863774706
45.70000000000004; 0.24585320278315265
45.80000000000004; 0.2473048571941503
45.90000000000004; 0.24875254896627164
46.00000000000004; 0.25019624620559405
46.10000000000004; 0.2516359180135049
46.20000000000004; 0.2530715344715515
46.30000000000004; 0.25450306662639866
46.40000000000004; 0.25593048647487965
46.50000000000004; 0.2573537669491642
46.60000000000004; 0.2587728819020322
46.70000000000004; 0.260187806092262
46.80000000000004; 0.2615985151701319
46.90000000000004; 0.2630049856630412
47.00000000000004; 0.2644071949612525
47.100000000000044; 0.26580512130376033
47.20000000000004; 0.26719874376427505
47.30000000000004; 0.26858804223734906
47.40000000000004; 0.26997299742461606
47.50000000000004; 0.27135359082117005
47.600000000000044; 0.27272980470207864
47.70000000000004; 0.2741016221090184
47.80000000000004; 0.27546902683705904
47.90000000000004; 0.2768320034215739
48.00000000000004; 0.27819053712529057
48.100000000000044; 0.27954461392547486
48.200000000000045; 0.2808942205012629
48.30000000000004; 0.2822393442211246
48.40000000000004; 0.2835799731304681
48.50000000000004; 0.28491609593938394
48.600000000000044; 0.28624770201053334
48.700000000000045; 0.2875747813471754
48.80000000000004; 0.28889732458133527
48.90000000000004; 0.29021532296211217
49.00000000000004; 0.2915287683441284
49.100000000000044; 0.29283765317612764
49.200000000000045; 0.2941419704896998
49.30000000000004; 0.29544171388816126
49.40000000000004; 0.2967368775355693
49.50000000000004; 0.2980274561458704
49.600000000000044; 0.2993134449722071
49.700000000000045; 0.30059483979634055
49.80000000000004; 0.3018716369182337
49.90000000000004; 0.3031438331457625
50.00000000000004; 0.3044114257845597
50.100000000000044; 0.305674859662064
50.200000000000045; 0.3069336880089499
50.30000000000005; 0.30818790444537825
50.40000000000004; 0.3094375079783493
50.50000000000004; 0.3106824980698626
50.600000000000044; 0.31192287462751367
50.700000000000045; 0.3131586379952226
50.80000000000005; 0.31438978894409697
50.90000000000004; 0.31561632866342343
51.00000000000004; 0.31683825875178984
51.100000000000044; 0.3180555812083328
51.200000000000045; 0.31926829842411697
51.30000000000005; 0.3204764131736356
51.40000000000005; 0.3216799286064465
51.50000000000004; 0.322878848238916
51.600000000000044; 0.3240731759461054
51.700000000000045; 0.3252629159537668
51.80000000000005; 0.3264480728304633
51.90000000000005; 0.3276286514798161
52.00000000000004; 0.3288046571328573
52.100000000000044; 0.32997609534051614
52.200000000000045; 0.331142971966212
52.30000000000005; 0.3323052931785666
52.40000000000005; 0.33346306544423043
52.50000000000004; 0.33461629552082683
52.600000000000044; 0.33576499044999913
52.700000000000045; 0.33690915755057627
52.80000000000005; 0.33804880441185114
52.90000000000005; 0.33918393888695886
53.00000000000004; 0.34031456908636915
53.100000000000044; 0.3414407033714834
53.200000000000045; 0.3425623503483381
53.30000000000005; 0.34367951886141107
53.40000000000005; 0.3447922179875296
53.50000000000005; 0.3459004570298832
53.600000000000044; 0.3470042455121388
53.700000000000045; 0.3481035931726442
53.80000000000005; 0.3491985099587438
53.90000000000005; 0.35028900602118335
54.00000000000005; 0.3513750917086121
54.100000000000044; 0.3524567775621766
54.200000000000045; 0.3535340743102158
54.30000000000005; 0.3546069928630393
54.40000000000005; 0.3556755443078008
54.50000000000005; 0.3567397399034649
54.60000000000005; 0.35779959107585174
54.700000000000045; 0.35885510941278304
54.80000000000005; 0.3599063066593044
54.90000000000005; 0.36095319471299464
55.00000000000005; 0.3619957856193658
55.10000000000005; 0.3630340915673333
55.200000000000045; 0.36406812488478074
55.30000000000005; 0.3650978980341995
55.40000000000005; 0.3661234236084038
55.50000000000005; 0.36714471432633394
55.60000000000005; 0.3681617830289301
55.700000000000045; 0.36917464267508177
55.80000000000005; 0.3701833063376553
55.90000000000005; 0.3711877871995964
56.00000000000005; 0.3721880985500994
56.10000000000005; 0.3731842537808594
56.200000000000045; 0.37417626638238105
56.30000000000005; 0.3751641499403715
56.40000000000005; 0.3761479181321907
56.50000000000005; 0.37712758472337704
56.60000000000005; 0.37810316356423457
56.70000000000005; 0.3790746685864922
56.80000000000005; 0.3800421138000212
56.90000000000005; 0.3810055132896166
57.00000000000005; 0.3819648812118499
57.10000000000005; 0.38292023179197493
57.20000000000005; 0.3838715793208949
57.30000000000005; 0.38481893815219714
57.40000000000005; 0.3857623226992392
57.50000000000005; 0.3867017474322918
57.60000000000005; 0.38763722687575136
57.70000000000005; 0.3885687756053921
57.800000000000054; 0.3894964082456864
57.90000000000005; 0.3904201394671752
58.00000000000005; 0.39133998398388775
58.10000000000005; 0.39225595655082485
58.20000000000005; 0.39316807196148185
58.300000000000054; 0.3940763450454303
58.40000000000005; 0.3949807906659506
58.50000000000005; 0.3958814237177099
58.60000000000005; 0.3967782591244872
58.70000000000005; 0.3976713118369581
58.800000000000054; 0.39856059683050815
58.90000000000005; 0.39944612910311034
59.00000000000005; 0.40032792367323505
59.10000000000005; 0.40120599557781417
59.20000000000005; 0.4020803598702429
59.300000000000054; 0.40295103161842777
59.40000000000005; 0.40381802590287585
59.50000000000005; 0.4046813578148277
59.60000000000005; 0.4055410424544306
59.70000000000005; 0.40639709492894993
59.800000000000054; 0.407249530351024
59.900000000000055; 0.40809836383695924
60.00000000000005; 0.40894361050505296
60.10000000000005; 0.40978513190766486
60.20000000000005; 0.41062309782418127
60.300000000000054; 0.41145752334207364
60.400000000000055; 0.41228842352825773
60.50000000000005; 0.4131158134423333
60.60000000000005; 0.4139397081351657
60.70000000000005; 0.41476012264750506
60.800000000000054; 0.415577072008635
60.900000000000055; 0.41639057123505635
61.00000000000006; 0.4172006353292016
61.10000000000005; 0.4180072792781797
61.20000000000005; 0.4188105180525534
61.300000000000054; 0.41961036660514617
61.400000000000055; 0.4204068398698747
61.50000000000006; 0.42119995276061994
61.60000000000005; 0.4219897201701152
61.70000000000005; 0.422776156968869
61.800000000000054; 0.42355927800411375
61.900000000000055; 0.4243390980987854
62.00000000000006; 0.4251156320505177
62.10000000000005; 0.42588889463067814
62.20000000000005; 0.4266589005834175
62.300000000000054; 0.42742566462474785
62.400000000000055; 0.4281892014416501
62.50000000000006; 0.42894952569119443
62.60000000000005; 0.4297066519996984
62.70000000000005; 0.4304605949618956
62.800000000000054; 0.43121136914013364
62.900000000000055; 0.4319589890635968
63.00000000000006; 0.4327034692275402
63.10000000000006; 0.4334448240925587
63.20000000000005; 0.43418306808386625
63.300000000000054; 0.4349182155906008
63.400000000000055; 0.4356502809651509
63.50000000000006; 0.4363792785224979
63.60000000000006; 0.43710522253957773
63.70000000000005; 0.4378281272546685
63.800000000000054; 0.4385480068667891
63.900000000000055; 0.43926487553511717
64.00000000000006; 0.4399787473784326
64.10000000000005; 0.4406896364745682
64.20000000000006; 0.44139755685988336
64.30000000000005; 0.4421025225287564
64.40000000000006; 0.44280454743308945
64.50000000000006; 0.4435036454818297
64.60000000000005; 0.44419983054051143
64.70000000000006; 0.4448931164308079
64.80000000000005; 0.4455835169301012
64.90000000000006; 0.44627104577107113
65.00000000000006; 0.44695571664128647
65.10000000000005; 0.44763754318282933
65.20000000000006; 0.4483165389919145
65.30000000000005; 0.4489927176185355
65.40000000000006; 0.44966609256612156
65.50000000000006; 0.4503366772912017
65.60000000000005; 0.4510044852030915
65.70000000000006; 0.45166952966358676
65.80000000000005; 0.45233182398666705
65.90000000000006; 0.4529913814382188
66.00000000000006; 0.45364821523576737
66.10000000000005; 0.45430233854821583
66.20000000000006; 0.454953764495604
66.30000000000005; 0.45560250614887216
66.40000000000006; 0.45624857652963824
66.50000000000006; 0.4568919886099848
66.60000000000005; 0.457532755312258
66.70000000000006; 0.45817088950887735
66.80000000000005; 0.45880640402215084
66.90000000000006; 0.4594393116241081
67.00000000000006; 0.460069625036332
67.10000000000007; 0.46069735692981484
67.20000000000006; 0.4613225199248063
67.30000000000005; 0.4619451265906875
67.40000000000006; 0.4625651894458382
67.50000000000006; 0.4631827209575273
67.60000000000007; 0.4637977335417995
67.70000000000006; 0.4644102395633772
67.80000000000005; 0.46502025133556946
67.90000000000006; 0.46562778112018893
68.00000000000006; 0.46623284112747293
68.10000000000007; 0.46683544351601725
68.20000000000006; 0.4674356003927149
68.30000000000005; 0.4680333238127004
68.40000000000006; 0.46862862577930625
68.50000000000006; 0.46922151824402003
68.60000000000007; 0.46981201310645293
68.70000000000006; 0.4704001222143124
68.80000000000005; 0.47098585736338194
68.90000000000006; 0.47156923029750897
69.00000000000006; 0.47215025270859406
69.10000000000007; 0.47272893623659135
69.20000000000006; 0.4733052924695127
69.30000000000005; 0.4738793329434373
69.40000000000006; 0.4744510691425256
69.50000000000006; 0.4750205124990418
69.60000000000007; 0.47558767439338007
69.70000000000006; 0.4761525661540954
69.80000000000007; 0.47671519905793913
69.90000000000006; 0.4772755843299018
70.00000000000006; 0.4778337331432584
70.10000000000007; 0.47838965661961835
70.20000000000006; 0.4789433658289834
70.30000000000007; 0.4794948717898053
70.40000000000006; 0.4800441854690492
70.50000000000006; 0.4805913177822651
70.60000000000007; 0.48113627959365707
70.70000000000006; 0.4816790817161635
70.80000000000007; 0.48221973491153214
70.90000000000006; 0.4827582498904101
71.00000000000006; 0.4832946373124279
71.10000000000007; 0.48382890778629256
71.20000000000006; 0.48436107186988264
71.30000000000007; 0.4848911400703464
71.40000000000006; 0.48541912284420224
71.50000000000006; 0.48594503059744704
71.60000000000007; 0.4864688736856606
71.70000000000006; 0.4869906624141206
71.80000000000007; 0.4875104070379132
71.90000000000006; 0.48802811776205224
72.00000000000006; 0.4885438047415978
72.10000000000007; 0.4890574780817808
72.20000000000006; 0.48956914783812616
72.30000000000007; 0.4900788240165823
72.40000000000006; 0.4905865165736482
72.50000000000006; 0.4910922354165118
72.60000000000007; 0.4915959904031782
72.70000000000006; 0.4920977913426132
72.80000000000007; 0.4925976479948781
72.90000000000006; 0.49309557007127425
73.00000000000006; 0.4935915672344851
73.10000000000007; 0.4940856490987223
73.20000000000006; 0.49457782522987437
73.30000000000007; 0.49506810514565397
73.40000000000006; 0.4955564983157519
73.50000000000007; 0.496043014161988
73.60000000000007; 0.496527662058466
73.70000000000006; 0.4970104513317312
73.80000000000007; 0.49749139126092745
73.90000000000006; 0.4979704910779562
74.00000000000007; 0.49844775996763924
74.10000000000007; 0.49892320706787746
74.20000000000006; 0.49939684146981833
74.30000000000007; 0.4998686722180182
74.40000000000006; 0.5003387083106103
74.50000000000007; 0.5008069586994699
74.60000000000007; 0.5012734322903857
74.70000000000006; 0.5017381379432273
74.80000000000007; 0.5022010844721156
74.90000000000006; 0.5026622806455959
75.00000000000007; 0.5031217351868114
75.10000000000007; 0.5035794567736739
75.20000000000006; 0.5040354540390407
75.30000000000007; 0.5044897355708884
75.40000000000006; 0.5049423099124903
75.50000000000007; 0.5053931855625932
75.60000000000007; 0.5058423709755936
75.70000000000006; 0.5062898745617168
75.80000000000007; 0.5067357046871975
75.90000000000006; 0.5071798696744554
76.00000000000007; 0.5076223778022808
76.10000000000007; 0.5080632373060087
76.20000000000007; 0.5085024563777069
76.30000000000007; 0.5089400431663513
76.40000000000006; 0.5093760057780135
76.50000000000007; 0.5098103522760392
76.60000000000007; 0.5102430906812325
76.70000000000007; 0.5106742289720402
76.80000000000007; 0.5111037750847333
76.90000000000006; 0.5115317369135928
77.00000000000007; 0.5119581223110934
77.10000000000007; 0.5123829390880845
77.20000000000007; 0.5128061950139807
77.30000000000007; 0.5132278978169423
77.40000000000006; 0.51364805518406
77.50000000000007; 0.5140666747615434
77.60000000000007; 0.5144837641549013
77.70000000000007; 0.5148993309291313
77.80000000000007; 0.5153133826089018
77.90000000000006; 0.5157259266787398
78.00000000000007; 0.5161369705832134
78.10000000000007; 0.51654652172712
78.20000000000007; 0.5169545874756692
78.30000000000007; 0.517361175154669
78.40000000000006; 0.5177662920507113
78.50000000000007; 0.5181699454113561
78.60000000000007; 0.5185721424453165
78.70000000000007; 0.5189728903226433
78.80000000000007; 0.5193721961749119
78.90000000000006; 0.5197700670954022
79.00000000000007; 0.5201665101392873
79.10000000000007; 0.5205615323238153
79.20000000000007; 0.5209551406284936
79.30000000000007; 0.5213473419952722
79.40000000000006; 0.5217381433287278
79.50000000000007; 0.5221275514962466
79.60000000000007; 0.5225155733282062
79.70000000000007; 0.5229022156181604
79.80000000000007; 0.5232874851230189
79.90000000000008; 0.5236713885632294
80.00000000000007; 0.5240539326229627
80.10000000000007; 0.5244352285228181
80.20000000000007; 0.5248151792257546
80.30000000000007; 0.5251937897933091
80.40000000000008; 0.5255710667913414
80.50000000000007; 0.5259470167503332
80.60000000000007; 0.5263216461655651
80.70000000000007; 0.5266949614972941
80.80000000000007; 0.5270669691709263
80.90000000000008; 0.5274376755771943
81.00000000000007; 0.5278070870723311
81.10000000000007; 0.5281752099782432
81.20000000000007; 0.528542050582687
81.30000000000007; 0.5289076151394406
81.40000000000008; 0.5292719098684763
81.50000000000007; 0.5296349409561367
81.60000000000007; 0.5299967145553026
81.70000000000007; 0.5303572367855665
81.80000000000007; 0.5307165137334041
81.90000000000008; 0.5310745514523462
82.00000000000007; 0.531431355963146
82.10000000000007; 0.5317869332539509
82.20000000000007; 0.532141289280473
82.30000000000007; 0.5324944299661545
82.40000000000008; 0.5328463612023391
82.50000000000007; 0.533197088848438
82.60000000000008; 0.533546618732098
82.70000000000007; 0.5338949566493681
82.80000000000007; 0.5342421083648655
82.90000000000008; 0.5345880796119401
83.00000000000007; 0.5349328760928416
83.10000000000008; 0.5352765034788839
83.20000000000007; 0.5356189674106066
83.30000000000007; 0.5359602734979413
83.40000000000008; 0.5363004273203716
83.50000000000007; 0.536639434427098
83.60000000000008; 0.5369773003371987
83.70000000000007; 0.5373140305397897
83.80000000000007; 0.537649630494185
83.90000000000008; 0.5379841056300587
84.00000000000007; 0.5383174613476025
84.10000000000008; 0.5386497030176846
84.20000000000007; 0.5389808359820075
84.30000000000007; 0.5393108655532676
84.40000000000008; 0.539639797015308
84.50000000000007; 0.5399676356232777
84.60000000000008; 0.5402943866037878
84.70000000000007; 0.5406200551550641
84.80000000000007; 0.540944646447102
84.90000000000008; 0.5412681656218218
85.00000000000007; 0.5415906177932195
85.10000000000008; 0.5419120080475223
85.20000000000007; 0.5422323414433361
85.30000000000007; 0.5425516230118015
85.40000000000008; 0.5428698577567401
85.50000000000007; 0.5431870506548069
85.60000000000008; 0.5435032066556404
85.70000000000007; 0.5438183306820074
85.80000000000007; 0.5441324276299544
85.90000000000008; 0.5444455023689533
86.00000000000007; 0.5447575597420498
86.10000000000008; 0.5450686045660066
86.20000000000007; 0.5453786416314513
86.30000000000008; 0.54568767570302
86.40000000000008; 0.5459957115195015
86.50000000000007; 0.5463027537939805
86.60000000000008; 0.5466088072139805
86.70000000000007; 0.5469138764416068
86.80000000000008; 0.5472179661136866
86.90000000000008; 0.5475210808419093
87.00000000000007; 0.5478232252129691
87.10000000000008; 0.5481244037887025
87.20000000000007; 0.5484246211062277
87.30000000000008; 0.5487238816780826
87.40000000000008; 0.5490221899923622
87.50000000000007; 0.5493195505128561
87.60000000000008; 0.5496159676791846
87.70000000000007; 0.5499114459069322
87.80000000000008; 0.5502059895877859
87.90000000000008; 0.5504996030896675
88.00000000000007; 0.5507922907568663
88.10000000000008; 0.5510840569101749
88.20000000000007; 0.5513749058470182
88.30000000000008; 0.5516648418415864
88.40000000000008; 0.5519538691449676
88.50000000000007; 0.552241991985275
88.60000000000008; 0.5525292145677794
88.70000000000007; 0.552815541075036
88.80000000000008; 0.5531009756670148
88.90000000000008; 0.5533855224812255
89.00000000000009; 0.5536691856328487
89.10000000000008; 0.5539519692148577
89.20000000000007; 0.5542338772981488
89.30000000000008; 0.5545149139316624
89.40000000000008; 0.5547950831425097
89.50000000000009; 0.555074388936097
89.60000000000008; 0.5553528352962472
89.70000000000007; 0.5556304261853237
89.80000000000008; 0.555907165544352
89.90000000000008; 0.5561830572931402
90.00000000000009; 0.5564581053304026
90.10000000000008; 0.5567323135338742
90.20000000000007; 0.557005685760437
90.30000000000008; 0.5572782258462323
90.40000000000008; 0.5575499376067841
90.50000000000009; 0.5578208248371131
90.60000000000008; 0.5580908913118555
90.70000000000007; 0.558360140785379
90.80000000000008; 0.5586285769918975
90.90000000000008; 0.5588962036455869
91.00000000000009; 0.5591630244407005
91.10000000000008; 0.5594290430516804
91.20000000000007; 0.5596942631332735
91.30000000000008; 0.5599586883206423
91.40000000000008; 0.5602223222294767
91.50000000000009; 0.5604851684561066
91.60000000000008; 0.5607472305776126
91.70000000000007; 0.5610085121519351
91.80000000000008; 0.5612690167179849
91.90000000000008; 0.5615287477957511
92.00000000000009; 0.5617877088864112
92.10000000000008; 0.5620459034724368
92.20000000000007; 0.5623033350177031
92.30000000000008; 0.562560006967593
92.40000000000008; 0.562815922749106
92.50000000000009; 0.5630710857709605
92.60000000000008; 0.5633254994237015
92.70000000000009; 0.5635791670798026
92.80000000000008; 0.5638320920937714
92.90000000000008; 0.5640842778022513
93.00000000000009; 0.5643357275241254
93.10000000000008; 0.5645864445606176
93.20000000000009; 0.5648364321953937
93.30000000000008; 0.565085693694663
93.40000000000008; 0.5653342323072782
93.50000000000009; 0.5655820512648352
93.60000000000008; 0.5658291537817723
93.70000000000009; 0.5660755430554685
93.80000000000008; 0.5663212222663423
93.90000000000008; 0.5665661945779472
94.00000000000009; 0.566810463137072
94.10000000000008; 0.5670540310738337
94.20000000000009; 0.5672969015017761
94.30000000000008; 0.5675390775179625
94.40000000000008; 0.5677805622030724
94.50000000000009; 0.5680213586214959
94.60000000000008; 0.5682614698214248
94.70000000000009; 0.5685008988349497
94.80000000000008; 0.5687396486781483
94.90000000000008; 0.5689777223511814
95.00000000000009; 0.5692151228383806
95.10000000000008; 0.5694518531083438
95.20000000000009; 0.5696879161140206
95.30000000000008; 0.5699233147928078
95.40000000000009; 0.5701580520666335
95.50000000000009; 0.5703921308420492
95.60000000000008; 0.5706255540103186
95.70000000000009; 0.5708583244475033
95.80000000000008; 0.5710904450145519
95.90000000000009; 0.5713219185573868
96.00000000000009; 0.5715527479069888
96.10000000000008; 0.5717829358794857
96.20000000000009; 0.5720124852762365
96.30000000000008; 0.5722413988839151
96.40000000000009; 0.5724696794745965
96.50000000000009; 0.5726973298058406
96.60000000000008; 0.5729243526207738
96.70000000000009; 0.5731507506481744
96.80000000000008; 0.5733765266025539
96.90000000000009; 0.5736016831842379
97.00000000000009; 0.5738262230794496
97.10000000000008; 0.5740501489603895
97.20000000000009; 0.5742734634853169
97.30000000000008; 0.574496169298629
97.40000000000009; 0.5747182690309413
97.50000000000009; 0.5749397652991663
97.60000000000008; 0.5751606607065916
97.70000000000009; 0.5753809578429602
97.80000000000008; 0.5756006592845461
97.90000000000009; 0.575819767594232
98.00000000000009; 0.5760382853215875
98.10000000000008; 0.5762562150029442
98.20000000000009; 0.5764735591614714
98.30000000000008; 0.5766903203072523
98.40000000000009; 0.5769065009373603
98.50000000000009; 0.5771221035359302
98.60000000000008; 0.5773371305742355
98.70000000000009; 0.5775515845107617
98.80000000000008; 0.5777654677912776
98.90000000000009; 0.57797878284891
99.00000000000009; 0.5781915321042155
99.1000000000001; 0.5784037179652535
99.20000000000009; 0.5786153428276554
99.30000000000008; 0.5788264090746992
99.40000000000009; 0.5790369190773759
99.50000000000009; 0.579246875194464
99.6000000000001; 0.5794562797725968
99.70000000000009; 0.5796651351463332
99.80000000000008; 0.5798734436382257
99.90000000000009; 0.5800812075588894
100.00000000000009; 0.5802884276753332
100.1000000000001; 0.5804950493261268
100.20000000000009; 0.5807011335367297
100.30000000000008; 0.5809066825673294
100.40000000000009; 0.5811116986665361
100.50000000000009; 0.5813161840714481
100.6000000000001; 0.5815201410077151
100.70000000000009; 0.5817235716896065
100.80000000000008; 0.5819264783200759
100.90000000000009; 0.5821288630908236
101.00000000000009; 0.5823307281823636
101.1000000000001; 0.582532075764085
101.20000000000009; 0.5827329079943167
101.30000000000008; 0.5829332270203909
101.40000000000009; 0.5831330349787035
101.50000000000009; 0.5833323339947791
101.6000000000001; 0.5835311261833316
101.70000000000009; 0.5837294136483251
101.8000000000001; 0.5839271984830359
101.90000000000009; 0.5841244827701144
102.00000000000009; 0.5843212685816421
102.1000000000001; 0.5845175579791959
102.20000000000009; 0.5847133530139053
102.3000000000001; 0.5849086557265115
102.40000000000009; 0.5851034681474279
102.50000000000009; 0.5852977922967973
102.6000000000001; 0.5854916301845514
102.70000000000009; 0.5856849838104686
102.8000000000001; 0.5858778551642305
102.90000000000009; 0.5860702462254797
103.00000000000009; 0.5862621589638782
103.1000000000001; 0.5864535953391609
103.20000000000009; 0.5866445573011946
103.3000000000001; 0.5868350467900326
103.40000000000009; 0.5870250657359707
103.50000000000009; 0.5872146160596016
103.6000000000001; 0.5874036996718717
103.70000000000009; 0.5875923184741328
103.8000000000001; 0.5877804743581988
103.90000000000009; 0.5879681692063984
104.00000000000009; 0.5881554048916289
104.1000000000001; 0.5883421832774095
104.20000000000009; 0.5885285062179347
104.3000000000001; 0.588714375558126
104.40000000000009; 0.5888997931336845
104.50000000000009; 0.5890847607711439
104.6000000000001; 0.5892692802879198
104.70000000000009; 0.5894533534923647
104.8000000000001; 0.5896369821838147
104.90000000000009; 0.5898201681526443
105.00000000000009; 0.5900029131803136
105.1000000000001; 0.5901852190394211
105.20000000000009; 0.5903670874937512
105.3000000000001; 0.5905485202983254
105.40000000000009; 0.5907295191994512
105.5000000000001; 0.59091008593477
105.6000000000001; 0.5910902222333075
105.70000000000009; 0.5912699298155207
105.8000000000001; 0.5914492103933457
105.90000000000009; 0.5916280656702476
106.0000000000001; 0.5918064973412648
106.1000000000001; 0.5919845070930594
106.20000000000009; 0.5921620966039621
106.3000000000001; 0.5923392675440191
106.40000000000009; 0.5925160215750394
106.5000000000001; 0.5926923603506397
106.6000000000001; 0.5928682855162904
106.70000000000009; 0.5930437987093623
106.8000000000001; 0.5932189015591708
106.90000000000009; 0.5933935956870201
107.0000000000001; 0.5935678827062503
107.1000000000001; 0.5937417642222796
107.20000000000009; 0.5939152418326495
107.3000000000001; 0.5940883171270681
107.40000000000009; 0.594260991687455
107.5000000000001; 0.5944332670879824
107.6000000000001; 0.5946051448951215
107.70000000000009; 0.5947766266676816
107.8000000000001; 0.5949477139568563
107.90000000000009; 0.5951184083062626
108.0000000000001; 0.5952887112519862
108.1000000000001; 0.5954586243226198
108.2000000000001; 0.5956281490393079
108.3000000000001; 0.5957972869157866
108.40000000000009; 0.5959660394584244
108.5000000000001; 0.596134408166264
108.6000000000001; 0.5963023945310625
108.7000000000001; 0.5964700000373312
108.8000000000001; 0.5966372261623764
108.90000000000009; 0.5968040743763396
109.0000000000001; 0.596970546142236
109.1000000000001; 0.5971366429159942
109.2000000000001; 0.597302366146497
109.3000000000001; 0.5974677172756176
109.40000000000009; 0.5976326977382601
109.5000000000001; 0.5977973089623978
109.6000000000001; 0.5979615523691112
109.7000000000001; 0.5981254293726258
109.8000000000001; 0.5982889413803503
109.90000000000009; 0.598452089792913
110.0000000000001; 0.5986148760042012
110.1000000000001; 0.5987773014013963
110.2000000000001; 0.5989393673650116
110.3000000000001; 0.5991010752689295
110.40000000000009; 0.599262426480436
110.5000000000001; 0.5994234223602598
110.6000000000001; 0.5995840642626058
110.7000000000001; 0.5997443535351911
110.8000000000001; 0.5999042915192827
110.90000000000009; 0.6000638795497304
111.0000000000001; 0.6002231189550034
111.1000000000001; 0.6003820110572246
111.2000000000001; 0.6005405571722059
111.3000000000001; 0.600698758609482
111.40000000000009; 0.600856616672345
111.5000000000001; 0.6010141326578787
111.6000000000001; 0.6011713078569926
111.7000000000001; 0.6013281435544554
111.8000000000001; 0.6014846410289282
111.9000000000001; 0.6016408015529982
112.0000000000001; 0.6017966263932117
112.1000000000001; 0.6019521168101075
112.2000000000001; 0.6021072740582483
112.3000000000001; 0.6022620993862549
112.4000000000001; 0.602416594036837
112.5000000000001; 0.6025707592468266
112.6000000000001; 0.6027245962472091
112.7000000000001; 0.6028781062631551
112.8000000000001; 0.6030312905140525
112.9000000000001; 0.6031841502135374
113.0000000000001; 0.6033366865695255
113.1000000000001; 0.6034889007842427
113.2000000000001; 0.6036407940542574
113.3000000000001; 0.6037923675705084
113.4000000000001; 0.603943622518338
113.5000000000001; 0.6040945600775212
113.6000000000001; 0.604245181422295
113.7000000000001; 0.6043954877213903
113.8000000000001; 0.6045454801380599
113.9000000000001; 0.604695159830108
114.0000000000001; 0.6048445279499216
114.1000000000001; 0.6049935856444973
114.2000000000001; 0.6051423340554717
114.3000000000001; 0.6052907743191498
114.4000000000001; 0.605438907566534
114.5000000000001; 0.6055867349233527
114.60000000000011; 0.6057342575100878
114.7000000000001; 0.6058814764420039
114.8000000000001; 0.606028392829176
114.9000000000001; 0.6061750077765174
115.0000000000001; 0.6063213223838071
115.10000000000011; 0.6064673377457173
115.2000000000001; 0.6066130549518414
115.3000000000001; 0.6067584750867203
115.4000000000001; 0.6069035992298707
115.5000000000001; 0.6070484284558104
115.60000000000011; 0.6071929638340863
115.7000000000001; 0.6073372064293009
115.8000000000001; 0.607481157301137
115.9000000000001; 0.6076248175043878
116.0000000000001; 0.6077681880889774
116.10000000000011; 0.6079112700999918
116.2000000000001; 0.6080540645777028
116.3000000000001; 0.6081965725575926
116.4000000000001; 0.6083387950703809
116.5000000000001; 0.6084807331420499
116.60000000000011; 0.6086223877938688
116.7000000000001; 0.6087637600424188
116.8000000000001; 0.6089048508996194
116.9000000000001; 0.6090456613727522
117.0000000000001; 0.6091861924644851
117.10000000000011; 0.6093264451728969
117.2000000000001; 0.6094664204915027
117.3000000000001; 0.6096061194092771
117.4000000000001; 0.6097455429106782
117.5000000000001; 0.6098846919756721
117.60000000000011; 0.6100235675797557
117.7000000000001; 0.6101621706939819
117.8000000000001; 0.6103005022849812
117.9000000000001; 0.6104385633149861
118.0000000000001; 0.6105763547418548
118.10000000000011; 0.6107138775190929
118.2000000000001; 0.6108511325958778
118.30000000000011; 0.6109881209170797
118.4000000000001; 0.611124843423286
118.5000000000001; 0.6112613010508235
118.60000000000011; 0.6113974947317802
118.7000000000001; 0.6115334253940276
118.80000000000011; 0.6116690939612428
118.9000000000001; 0.6118045013529319
119.0000000000001; 0.6119396484844501
119.10000000000011; 0.612074536267024
119.2000000000001; 0.6122091656077743
119.30000000000011; 0.6123435374097351
119.4000000000001; 0.6124776525718776
119.5000000000001; 0.6126115119891298
119.60000000000011; 0.6127451165523987
119.7000000000001; 0.6128784671485906
119.80000000000011; 0.6130115646606322
119.9000000000001; 0.6131444099674909
120.0000000000001; 0.6132770039441966
120.10000000000011; 0.6134093474618616
120.2000000000001; 0.6135414413877
120.30000000000011; 0.6136732865850504
120.4000000000001; 0.6138048839133926
120.5000000000001; 0.6139362342283723
120.60000000000011; 0.6140673383818165
120.7000000000001; 0.6141981972217555
120.80000000000011; 0.6143288115924435
120.9000000000001; 0.6144591823343755
121.00000000000011; 0.6145893102843099
121.10000000000011; 0.6147191962752845
121.2000000000001; 0.61484884113664
121.30000000000011; 0.6149782456940347
121.4000000000001; 0.6151074107694663
121.50000000000011; 0.6152363371812902
121.60000000000011; 0.6153650257442389
121.7000000000001; 0.6154934772694383
121.80000000000011; 0.6156216925644301
121.9000000000001; 0.6157496724331867
122.00000000000011; 0.6158774176761319
122.10000000000011; 0.6160049290901587
122.2000000000001; 0.6161322074686464
122.30000000000011; 0.6162592536014802
122.4000000000001; 0.616386068275068
122.50000000000011; 0.6165126522723596
122.60000000000011; 0.6166390063728626
122.7000000000001; 0.6167651313526612
122.80000000000011; 0.6168910279844347
122.9000000000001; 0.6170166970374727
123.00000000000011; 0.6171421392776949
123.10000000000011; 0.6172673554676661
123.2000000000001; 0.6173923463666141
123.30000000000011; 0.6175171127304486
123.4000000000001; 0.6176416553117761
123.50000000000011; 0.6177659748599164
123.60000000000011; 0.6178900721209211
123.7000000000001; 0.6180139478375898
123.80000000000011; 0.6181376027494863
123.9000000000001; 0.6182610375929543
124.00000000000011; 0.6183842531011352
124.10000000000011; 0.6185072500039844
124.2000000000001; 0.6186300290282867
124.30000000000011; 0.6187525908976724
124.4000000000001; 0.6188749363326342
124.50000000000011; 0.6189970660505418
124.60000000000011; 0.6191189807656593
124.70000000000012; 0.6192406811891602
124.80000000000011; 0.6193621680291427
124.9000000000001; 0.6194834419906452
125.00000000000011; 0.6196045037756637
125.10000000000011; 0.6197253540831645
125.20000000000012; 0.6198459936091011
125.30000000000011; 0.619966423046429
125.4000000000001; 0.6200866430851216
125.50000000000011; 0.6202066544121835
125.60000000000011; 0.6203264577116676
125.70000000000012; 0.6204460536646883
125.80000000000011; 0.6205654429494375
125.9000000000001; 0.620684626241198
126.00000000000011; 0.6208036042123597
126.10000000000011; 0.620922377532433
126.20000000000012; 0.621040946868064
126.30000000000011; 0.621159312883048
126.4000000000001; 0.621277476238345
126.50000000000011; 0.6213954375920924
126.60000000000011; 0.6215131975996209
126.70000000000012; 0.6216307569134675
126.80000000000011; 0.6217481161833891
126.9000000000001; 0.6218652760563783
127.00000000000011; 0.6219822371766747
127.10000000000011; 0.6220990001857801
127.20000000000012; 0.6222155657224727
127.30000000000011; 0.6223319344228196
127.40000000000012; 0.6224481069201905
127.50000000000011; 0.6225640838452714
127.60000000000011; 0.6226798658260781
127.70000000000012; 0.6227954534879697
127.80000000000011; 0.6229108474536605
127.90000000000012; 0.6230260483432356
128.0000000000001; 0.6231410567741608
128.1000000000001; 0.6232558733612987
128.2000000000001; 0.6233704987169193
128.30000000000013; 0.6234849334507148
128.40000000000012; 0.6235991781698103
128.5000000000001; 0.6237132334787786
128.6000000000001; 0.623827099979651
128.7000000000001; 0.6239407782719312
128.80000000000013; 0.6240542689526078
128.90000000000012; 0.6241675726161655
129.0000000000001; 0.6242806898545986
129.1000000000001; 0.6243936212574229
129.2000000000001; 0.6245063674116885
129.30000000000013; 0.6246189289019901
129.40000000000012; 0.6247313063104825
129.5000000000001; 0.6248435002168884
129.6000000000001; 0.6249555111985142
129.7000000000001; 0.6250673398302599
129.80000000000013; 0.6251789866846301
129.90000000000012; 0.6252904523317487
130.0000000000001; 0.6254017373393677
130.1000000000001; 0.6255128422728807
130.2000000000001; 0.6256237676953328
130.30000000000013; 0.6257345141674339
130.40000000000012; 0.625845082247569
130.5000000000001; 0.6259554724918098
130.6000000000001; 0.6260656854539264
130.7000000000001; 0.6261757216853979
130.80000000000013; 0.6262855817354243
130.90000000000012; 0.6263952661509369
131.0000000000001; 0.62650477547661
131.1000000000001; 0.6266141102548719
131.2000000000001; 0.6267232710259146
131.30000000000013; 0.6268322583277076
131.40000000000012; 0.6269410726960049
131.5000000000001; 0.6270497146643587
131.6000000000001; 0.6271581847641288
131.7000000000001; 0.6272664835244935
131.80000000000013; 0.6273746114724611
131.90000000000012; 0.6274825691328786
132.0000000000001; 0.6275903570284435
132.1000000000001; 0.6276979756797137
132.2000000000001; 0.6278054256051186
132.30000000000013; 0.6279127073209686
132.40000000000012; 0.6280198213414655
132.5000000000001; 0.6281267681787129
132.6000000000001; 0.6282335483427262
132.70000000000013; 0.6283401623414431
132.80000000000013; 0.6284466106807325
132.90000000000012; 0.6285528938644062
133.0000000000001; 0.628659012394227
133.1000000000001; 0.62876496676992
133.20000000000013; 0.6288707574891818
133.30000000000013; 0.6289763850476902
133.40000000000012; 0.6290818499391138
133.5000000000001; 0.6291871526551222
133.6000000000001; 0.6292922936853951
133.70000000000013; 0.629397273517632
133.80000000000013; 0.629502092637562
133.90000000000012; 0.6296067515289524
134.0000000000001; 0.6297112506736193
134.1000000000001; 0.6298155905514359
134.20000000000013; 0.6299197716403423
134.30000000000013; 0.6300237944163543
134.40000000000012; 0.6301276593535736
134.5000000000001; 0.6302313669241959
134.6000000000001; 0.6303349175985204
134.70000000000013; 0.6304383118449587
134.80000000000013; 0.6305415501300441
134.90000000000012; 0.6306446329184402
135.0000000000001; 0.63074756067295
135.1000000000001; 0.6308503338545248
135.20000000000013; 0.6309529529222732
135.30000000000013; 0.6310554183334687
135.40000000000012; 0.6311577305435602
135.5000000000001; 0.6312598900061789
135.6000000000001; 0.6313618971731485
135.70000000000013; 0.6314637524944932
135.80000000000013; 0.6315654564184446
135.90000000000012; 0.6316670093914534
136.0000000000001; 0.6317684118581952
136.1000000000001; 0.6318696642615796
136.20000000000013; 0.6319707670427591
136.30000000000013; 0.6320717206411373
136.40000000000012; 0.6321725254943753
136.5000000000001; 0.6322731820384032
136.6000000000001; 0.6323736907074262
136.70000000000013; 0.632474051933932
136.80000000000013; 0.6325742661487013
136.90000000000012; 0.6326743337808134
137.0000000000001; 0.6327742552576558
137.1000000000001; 0.6328740310049316
137.20000000000013; 0.6329736614466673
137.30000000000013; 0.6330731470052204
137.40000000000012; 0.6331724881012885
137.5000000000001; 0.6332716851539151
137.6000000000001; 0.6333707385804994
137.70000000000013; 0.6334696487968029
137.80000000000013; 0.6335684162169561
137.90000000000012; 0.633667041253469
138.0000000000001; 0.6337655243172348
138.1000000000001; 0.6338638658175415
138.20000000000013; 0.6339620661620761
138.30000000000013; 0.6340601257569342
138.40000000000012; 0.634158045006626
138.5000000000001; 0.6342558243140848
138.60000000000014; 0.6343534640806732
138.70000000000013; 0.6344509647061914
138.80000000000013; 0.6345483265888846
138.90000000000012; 0.6346455501254485
139.0000000000001; 0.6347426357110387
139.10000000000014; 0.6348395837392763
139.20000000000013; 0.634936394602256
139.30000000000013; 0.6350330686905524
139.40000000000012; 0.6351296063932279
139.5000000000001; 0.6352260080978385
139.60000000000014; 0.6353222741904412
139.70000000000013; 0.6354184050556024
139.80000000000013; 0.6355144010764024
139.90000000000012; 0.6356102626344444
140.0000000000001; 0.6357059901098591
140.10000000000014; 0.6358015838813139
140.20000000000013; 0.6358970443260173
140.30000000000013; 0.6359923718197281
140.40000000000012; 0.6360875667367594
140.5000000000001; 0.6361826294499877
140.60000000000014; 0.636277560330858
140.70000000000013; 0.6363723597493902
140.80000000000013; 0.6364670280741872
140.90000000000012; 0.6365615656724396
141.0000000000001; 0.6366559729099333
141.10000000000014; 0.6367502501510556
141.20000000000013; 0.6368443977588018
141.30000000000013; 0.6369384160947809
141.40000000000012; 0.637032305519223
141.5000000000001; 0.6371260663909847
141.60000000000014; 0.6372196990675555
141.70000000000013; 0.6373132039050649
141.80000000000013; 0.6374065812582871
141.90000000000012; 0.6374998314806488
142.0000000000001; 0.637592954924234
142.10000000000014; 0.6376859519397907
142.20000000000013; 0.6377788228767376
142.30000000000013; 0.6378715680831686
142.40000000000012; 0.6379641879058602
142.5000000000001; 0.6380566826902772
142.60000000000014; 0.6381490527805774
142.70000000000013; 0.6382412985196197
142.80000000000013; 0.6383334202489688
142.90000000000012; 0.6384254183089004
143.0000000000001; 0.6385172930384082
143.10000000000014; 0.6386090447752092
143.20000000000013; 0.6387006738557492
143.30000000000013; 0.6387921806152098
143.40000000000012; 0.6388835653875121
143.5000000000001; 0.638974828505324
143.60000000000014; 0.6390659703000653
143.70000000000013; 0.6391569911019129
143.80000000000013; 0.6392478912398076
143.90000000000012; 0.6393386710414583
144.0000000000001; 0.6394293308333481
144.10000000000014; 0.6395198709407404
144.20000000000013; 0.6396102916876834
144.30000000000013; 0.6397005933970159
144.40000000000012; 0.6397907763903731
144.5000000000001; 0.6398808409881918
144.60000000000014; 0.639970787509715
144.70000000000013; 0.6400606162729987
144.80000000000013; 0.640150327594916
144.90000000000012; 0.6402399217911628
145.0000000000001; 0.6403293991762635
145.10000000000014; 0.6404187600635753
145.20000000000013; 0.640508004765294
145.30000000000013; 0.6405971335924598
145.40000000000012; 0.6406861468549607
145.50000000000014; 0.6407750448615395
145.60000000000014; 0.6408638279197975
145.70000000000013; 0.6409524963362009
145.80000000000013; 0.6410410504160845
145.90000000000012; 0.6411294904636573
146.00000000000014; 0.6412178167820083
146.10000000000014; 0.6413060296731098
146.20000000000013; 0.6413941294378235
146.30000000000013; 0.6414821163759058
146.40000000000012; 0.6415699907860116
146.50000000000014; 0.6416577529656996
146.60000000000014; 0.6417454032114374
146.70000000000013; 0.6418329418186061
146.80000000000013; 0.6419203690815051
146.90000000000012; 0.642007685293357
147.00000000000014; 0.6420948907463124
147.10000000000014; 0.6421819857314539
147.20000000000013; 0.642268970538802
147.30000000000013; 0.6423558454573195
147.40000000000012; 0.6424426107749147
147.50000000000014; 0.6425292667784483
147.60000000000014; 0.6426158137537362
147.70000000000013; 0.6427022519855552
147.80000000000013; 0.6427885817576469
147.90000000000012; 0.6428748033527225
148.00000000000014; 0.6429609170524674
148.10000000000014; 0.6430469231375454
148.20000000000013; 0.6431328218876039
148.30000000000013; 0.643218613581277
148.40000000000012; 0.643304298496192
148.50000000000014; 0.6433898769089705
148.60000000000014; 0.6434753490952373
148.70000000000013; 0.6435607153296206
148.80000000000013; 0.6436459758857586
148.90000000000012; 0.6437311310363032
149.00000000000014; 0.6438161810529245
149.10000000000014; 0.6439011262063151
149.20000000000013; 0.6439859667661936
149.30000000000013; 0.6440707030013101
149.40000000000012; 0.644155335179449
149.50000000000014; 0.6442398635674348
149.60000000000014; 0.6443242884311348
149.70000000000013; 0.644408610035464
149.80000000000013; 0.6444928286443894
149.90000000000012; 0.6445769445209332
150.00000000000014; 0.644660957927178
150.10000000000014; 0.6447448668922913
150.20000000000013; 0.6448286738731469
150.30000000000013; 0.6449123791584972
150.40000000000012; 0.6449959830041866
150.50000000000014; 0.6450794856651563
150.60000000000014; 0.6451628873954507
150.70000000000013; 0.6452461884482192
150.80000000000013; 0.6453293890757205
150.90000000000012; 0.6454124895293273
151.00000000000014; 0.6454954900595284
151.10000000000014; 0.6455783909159342
151.20000000000013; 0.6456611923472788
151.30000000000013; 0.6457438946014254
151.40000000000015; 0.6458264979253685
151.50000000000014; 0.6459090025652384
151.60000000000014; 0.6459914087663048
151.70000000000013; 0.6460737167729801
151.80000000000013; 0.6461559268288228
151.90000000000015; 0.646238039176543
152.00000000000014; 0.646320054058003
152.10000000000014; 0.646401971714223
152.20000000000013; 0.6464837923853843
152.30000000000013; 0.6465655163108325
152.40000000000015; 0.6466471437290806
152.50000000000014; 0.6467286748778136
152.60000000000014; 0.6468101099938913
152.70000000000013; 0.6468914493133521
152.80000000000013; 0.6469726930714159
152.90000000000015; 0.6470538415024879
153.00000000000014; 0.6471348948401625
153.10000000000014; 0.6472158533172253
153.20000000000013; 0.6472967171656584
153.30000000000013; 0.647377486616642
153.40000000000015; 0.6474581619005593
153.50000000000014; 0.6475387432469984
153.60000000000014; 0.6476192308847568
153.70000000000013; 0.6476996250418439
153.80000000000013; 0.6477799259454845
153.90000000000015; 0.6478601338221226
154.00000000000014; 0.6479402488974241
154.10000000000014; 0.6480202713962799
154.20000000000013; 0.6481002015428098
154.30000000000013; 0.6481800395603654
154.40000000000015; 0.6482597856715326
154.50000000000014; 0.6483394400981362
154.60000000000014; 0.6484190030612418
154.70000000000013; 0.6484984747811594
154.80000000000013; 0.6485778554774472
154.90000000000015; 0.6486571453689134
155.00000000000014; 0.6487363446736205
155.10000000000014; 0.6488154536088874
155.20000000000013; 0.6488944723912937
155.30000000000013; 0.6489734012366816
155.40000000000015; 0.6490522403601595
155.50000000000014; 0.6491309899761045
155.60000000000014; 0.6492096502981674
155.70000000000013; 0.6492882215392718
155.80000000000013; 0.6493667039116217
155.90000000000015; 0.6494450976267008
156.00000000000014; 0.6495234028952777
156.10000000000014; 0.6496016199274076
156.20000000000013; 0.6496797489324363
156.30000000000013; 0.6497577901190016
156.40000000000015; 0.6498357436950379
156.50000000000014; 0.6499136098677782
156.60000000000014; 0.6499913888437572
156.70000000000013; 0.6500690808288134
156.80000000000013; 0.6501466860280933
156.90000000000015; 0.6502242046460537
157.00000000000014; 0.650301636886464
157.10000000000014; 0.6503789829524094
157.20000000000013; 0.6504562430462939
157.30000000000013; 0.650533417369843
157.40000000000015; 0.6506105061241064
157.50000000000014; 0.6506875095094605
157.60000000000014; 0.6507644277256114
157.70000000000013; 0.6508412609715979
157.80000000000013; 0.650918009445794
157.90000000000015; 0.6509946733459112
158.00000000000014; 0.6510712528690018
158.10000000000014; 0.6511477482114617
158.20000000000013; 0.6512241595690317
158.30000000000015; 0.6513004871368022
158.40000000000015; 0.6513767311092149
158.50000000000014; 0.6514528916800645
158.60000000000014; 0.6515289690425028
158.70000000000013; 0.6516049633890404
158.80000000000015; 0.6516808749115499
158.90000000000015; 0.6517567038012685
159.00000000000014; 0.6518324502487994
159.10000000000014; 0.6519081144441157
159.20000000000013; 0.6519836965765629
159.30000000000015; 0.6520591968348602
159.40000000000015; 0.6521346154071043
159.50000000000014; 0.6522099524807716
159.60000000000014; 0.6522852082427205
159.70000000000013; 0.6523603828791934
159.80000000000015; 0.6524354765758208
159.90000000000015; 0.6525104895176218
160.00000000000014; 0.6525854218890078
