energy (keV); transmission
1.0; 0.0
1.1; 0.0
1.2000000000000002; 0.0
1.3000000000000003; 0.0
1.4000000000000004; 0.0
1.5000000000000004; 0.0
1.6000000000000005; 0.0
1.7000000000000006; 0.0
1.8000000000000007; 0.0
1.9000000000000008; 0.0
2.000000000000001; 0.0
2.100000000000001; 0.0
2.200000000000001; 0.0
2.300000000000001; 0.0
2.4000000000000012; 0.0
2.5000000000000013; 0.0
2.6000000000000014; 0.0
2.7000000000000015; 0.0
2.8000000000000016; 0.0
2.9000000000000017; 0.0
3.0000000000000018; 0.0
3.100000000000002; 0.0
3.200000000000002; 0.0
3.300000000000002; 0.0
3.400000000000002; 0.0
3.500000000000002; 0.0
3.6000000000000023; 0.0
3.7000000000000024; 0.0
3.8000000000000025; 0.0
3.9000000000000026; 0.0
4.000000000000003; 0.0
4.100000000000003; 0.0
4.200000000000003; 0.0
4.3000000000000025; 0.0
4.400000000000003; 0.0
4.5000000000000036; 0.0
4.600000000000003; 0.0
4.700000000000003; 0.0
4.800000000000003; 0.0
4.900000000000004; 0.0
5.0000000000000036; 1.43877e-319
5.100000000000003; 2.8907011263479615e-302
5.200000000000004; 3.434763857158368e-286
5.300000000000004; 3.091427518968473e-271
5.400000000000004; 2.6310386637607218e-257
5.5000000000000036; 2.5841764799803958e-244
5.600000000000004; 3.5042958991777716e-232
5.700000000000005; 7.711804205272389e-221
5.800000000000004; 3.187033183482675e-210
5.900000000000004; 2.822639011714268e-200
6.000000000000004; 6.03881477103282e-191
6.100000000000005; 3.476129768439889e-182
6.200000000000005; 5.946581674367613e-174
6.300000000000004; 3.3069618335672304e-166
6.400000000000005; 6.48840924569457e-159
6.500000000000005; 4.840472254424592e-152
6.600000000000005; 1.4703171142598816e-145
6.700000000000005; 1.9362050953694896e-139
6.800000000000005; 1.1708522509017274e-133
6.900000000000006; 3.427839823957048e-128
7.000000000000005; 5.1005721729347267e-123
7.100000000000005; 4.0339937797515435e-118
7.2000000000000055; 1.6165962192400258e-113
7.300000000000006; 4.086659122999326e-109
7.400000000000006; 6.156301298291304e-105
7.500000000000005; 5.709279713746135e-101
7.600000000000006; 3.3591344661717507e-97
7.700000000000006; 1.2893534169783635e-93
7.800000000000006; 3.3132151232936433e-90
7.900000000000006; 5.838336827359332e-87
8.000000000000007; 7.214066381282696e-84
8.100000000000007; 6.383896536467286e-81
8.200000000000006; 4.12281597786404e-78
8.300000000000006; 1.9782935440112484e-75
8.400000000000006; 7.171987827581032e-73
8.500000000000007; 1.99535947223385e-70
8.600000000000007; 4.322854084773432e-68
8.700000000000006; 7.392831601828434e-66
8.800000000000008; 1.0108427510162196e-63
8.900000000000007; 1.1183497765515387e-61
9.000000000000007; 1.012405574127851e-59
9.100000000000007; 7.57830929565921e-58
9.200000000000006; 4.737044882936365e-56
9.300000000000008; 2.495599300659084e-54
9.400000000000007; 1.1177533334916056e-52
9.500000000000007; 4.291075546324704e-51
9.600000000000009; 1.4228858637971808e-49
9.700000000000008; 4.1048385584841094e-48
9.800000000000008; 1.0372886878087168e-46
9.900000000000007; 2.310816661457946e-45
10.000000000000007; 4.565822525389704e-44
10.100000000000009; 8.04607026074725e-43
10.200000000000008; 1.2716404992489931e-41
10.300000000000008; 1.8116587887642807e-40
10.40000000000001; 2.3378271992323563e-39
10.500000000000009; 2.745044295665342e-38
10.600000000000009; 2.9454807846926805e-37
10.700000000000008; 2.9000175522768978e-36
10.800000000000008; 2.6299983299820884e-35
10.90000000000001; 2.204979475351726e-34
11.000000000000009; 1.7149369487098086e-33
11.100000000000009; 1.2413897565263493e-32
11.20000000000001; 8.389435329600954e-32
11.30000000000001; 5.308854055232073e-31
11.40000000000001; 3.1544676735925427e-30
11.500000000000009; 1.7646600667668577e-29
11.600000000000009; 9.317522049532198e-29
11.70000000000001; 4.654623119481624e-28
11.80000000000001; 2.2049685824606e-27
11.90000000000001; 9.926469461630397e-27
12.00000000000001; 4.255561436616489e-26
12.10000000000001; 1.7407670141229545e-25
12.20000000000001; 6.807028875879712e-25
12.30000000000001; 2.5490638915505275e-24
12.40000000000001; 9.156863775167441e-24
12.50000000000001; 3.1605166274665895e-23
12.60000000000001; 1.0497469228844799e-22
12.70000000000001; 3.3602030001260536e-22
12.800000000000011; 1.0380322711898467e-21
12.900000000000011; 3.0988682861999924e-21
13.00000000000001; 8.951558537488559e-21
13.10000000000001; 2.505122979465877e-20
13.20000000000001; 6.799897763479909e-20
13.300000000000011; 1.7922741405810367e-19
13.400000000000011; 4.591978432887991e-19
13.50000000000001; 1.1448092025347468e-18
13.600000000000012; 2.7799033129809156e-18
13.700000000000012; 6.581075484867848e-18
13.800000000000011; 1.520283927392612e-17
13.900000000000011; 3.429942469142288e-17
14.00000000000001; 7.563822232154975e-17
14.100000000000012; 1.6316662705496739e-16
14.200000000000012; 3.445767474233574e-16
14.300000000000011; 7.128871879645953e-16
14.400000000000013; 1.4459012797970883e-15
14.500000000000012; 2.876934824809131e-15
14.600000000000012; 5.619191882337063e-15
14.700000000000012; 1.0780476577070324e-14
14.800000000000011; 2.0327291781125123e-14
14.900000000000013; 3.7691692422031414e-14
15.000000000000012; 6.876599875553689e-14
15.100000000000012; 1.2350887526313618e-13
15.200000000000014; 2.1848998397436587e-13
15.300000000000013; 3.808767869453611e-13
15.400000000000013; 6.545755069835641e-13
15.500000000000012; 1.1095638548017477e-12
15.600000000000012; 1.855879946488642e-12
15.700000000000014; 3.064313687356866e-12
15.800000000000013; 4.996620588918779e-12
15.900000000000013; 8.049093630985107e-12
16.000000000000014; 1.2814644215133996e-11
16.100000000000016; 2.0170224683635854e-11
16.200000000000014; 3.13985466036954e-11
16.30000000000001; 4.835569271376695e-11
16.400000000000013; 7.369947387871739e-11
16.500000000000014; 1.1119733765117749e-10
16.600000000000016; 1.661373859407129e-10
16.700000000000014; 2.4587169843421723e-10
16.800000000000015; 3.605277734393987e-10
16.900000000000013; 5.239315672679656e-10
17.000000000000014; 7.547944019394521e-10
17.100000000000016; 1.0782259650732357e-09
17.200000000000014; 1.5276467679352814e-09
17.300000000000015; 2.147185751827698e-09
17.400000000000013; 2.9946622003415697e-09
17.500000000000014; 4.145265649303642e-09
17.600000000000016; 5.696062970883603e-09
17.700000000000014; 7.771478083921461e-09
17.800000000000015; 1.0529906605633645e-08
17.900000000000016; 1.4171644963262193e-08
18.000000000000014; 1.8948330738357182e-08
18.100000000000016; 2.5174107992473555e-08
18.200000000000017; 3.3238747657482345e-08
18.300000000000015; 4.3622968374236245e-08
18.400000000000016; 5.6916217015865514e-08
18.500000000000014; 7.383718011000144e-08
18.600000000000016; 9.525730704648572e-08
18.700000000000017; 1.2222763289997636e-07
18.800000000000015; 1.560091925023201e-07
18.900000000000016; 1.9810731768815005e-07
19.000000000000014; 2.503101060661983e-07
19.100000000000016; 3.147313419441608e-07
19.200000000000017; 3.9385813791906847e-07
19.300000000000015; 4.906035489635044e-07
19.400000000000016; 6.083643894911102e-07
19.500000000000018; 7.5108445784456e-07
19.600000000000016; 9.233233419716507e-07
19.700000000000017; 1.1303309448749404e-06
19.80000000000002; 1.3781278289552424e-06
19.900000000000016; 1.6735914349138511e-06
20.000000000000018; 2.0245481838067767e-06
20.100000000000016; 2.4398180959071397e-06
20.200000000000017; 2.929459820226462e-06
20.30000000000002; 3.504753812793611e-06
20.400000000000016; 4.178354910041877e-06
20.500000000000018; 4.964412258177663e-06
20.600000000000016; 5.878694062643159e-06
20.700000000000017; 6.938716807322459e-06
20.80000000000002; 8.163878515469706e-06
20.900000000000016; 9.575595570555301e-06
21.000000000000018; 1.1197442563885878e-05
21.10000000000002; 1.3055294587596526e-05
21.200000000000017; 1.5177471346993554e-05
21.30000000000002; 1.759488242579999e-05
21.40000000000002; 2.0341173002097078e-05
21.500000000000018; 2.34528692820864e-05
21.60000000000002; 2.6969522893587667e-05
21.700000000000017; 3.093385346169855e-05
21.80000000000002; 3.539188857552757e-05
21.90000000000002; 4.0393100347518155e-05
22.000000000000018; 4.5990537765590276e-05
22.10000000000002; 5.224095404337998e-05
22.200000000000017; 5.920492818478251e-05
22.30000000000002; 6.69469799962158e-05
22.40000000000002; 7.553567780274474e-05
22.500000000000018; 8.504373815264307e-05
22.60000000000002; 9.554811682861566e-05
22.70000000000002; 0.00010713009052237826
22.80000000000002; 0.00011987532857228021
22.90000000000002; 0.00013387395421080888
23.00000000000002; 0.00014922059481939126
23.10000000000002; 0.0001660144207418022
23.20000000000002; 0.00018435917226396087
23.30000000000002; 0.0002043631744263788
23.40000000000002; 0.00022613933939604971
23.50000000000002; 0.0002498051561856014
23.60000000000002; 0.00027548266756987564
23.70000000000002; 0.00030329843411213445
23.80000000000002; 0.0003333834852739916
23.90000000000002; 0.00036587325764443575
24.00000000000002; 0.0004009075203832247
24.10000000000002; 0.0004386302880321867
24.20000000000002; 0.0004791897209049865
24.300000000000022; 0.0005227380133194459
24.40000000000002; 0.0005694312699889946
24.50000000000002; 0.0006194293709380878
24.600000000000023; 0.0006728958253527114
24.70000000000002; 0.0007299976148195046
24.800000000000022; 0.0007909050264462051
24.90000000000002; 0.0008557914763921568
25.00000000000002; 0.0009248333243693049
25.100000000000023; 0.000998209679702482
25.20000000000002; 0.001076102199563015
25.300000000000022; 0.00115869488000977
25.40000000000002; 0.0012461738404901087
25.50000000000002; 0.0013387271024653984
25.600000000000023; 0.0014365443628373315
25.70000000000002; 0.0015398167628564777
25.800000000000022; 0.0016487366531988243
25.900000000000023; 0.0017634973558949623
26.00000000000002; 0.0018842929237942265
26.100000000000023; 0.0020113178982390494
26.200000000000024; 0.0021447670656173246
26.300000000000022; 0.0022848352134476843
26.400000000000023; 0.002431716886638354
26.50000000000002; 0.002585606144546922
26.600000000000023; 0.0027466963194455536
26.700000000000024; 0.0029151797769804955
26.800000000000022; 0.0030912476791899288
26.900000000000023; 0.0032750897506228062
27.00000000000002; 0.0034668940480751037
27.100000000000023; 0.003666846734435999
27.200000000000024; 0.0038751318571089402
27.300000000000022; 0.0040919311314442175
27.400000000000023; 0.004317423729594996
27.500000000000025; 0.004551786075175711
27.600000000000023; 0.004795191644077649
27.700000000000024; 0.005047810771764407
27.800000000000026; 0.005309810467342159
27.900000000000023; 0.00558135423467359
28.000000000000025; 0.005862601900769748
28.100000000000023; 0.006153709451673451
28.200000000000024; 0.006454828876014624
28.300000000000026; 0.006766108016393563
28.400000000000023; 0.007087690428721838
28.500000000000025; 0.007419715249622481
28.600000000000023; 0.007762317071970747
28.700000000000024; 0.008115625828626778
28.800000000000026; 0.00847976668439306
28.900000000000023; 0.008854859936206962
29.000000000000025; 0.009241020921553727
29.100000000000026; 0.00963835993506871
29.200000000000024; 0.010046982153277022
29.300000000000026; 0.010466987567402943
29.400000000000027; 0.010898470924156413
29.500000000000025; 0.01134152167440227
29.600000000000026; 0.011796223929584595
29.700000000000024; 0.012262656425783156
29.800000000000026; 0.012740892495250318
29.900000000000027; 0.013231000045275434
30.000000000000025; 0.013733041544209616
30.100000000000026; 0.014247280629040513
30.200000000000024; 0.01477357549636468
30.300000000000026; 0.015311969440176489
30.400000000000027; 0.015862503223488884
30.500000000000025; 0.01642521219412421
30.600000000000026; 0.017000126310107777
30.700000000000028; 0.017587270170849514
30.800000000000026; 0.018186663053889465
30.900000000000027; 0.018798318956982293
31.00000000000003; 0.019422246645295863
31.100000000000026; 0.020058449703488742
31.200000000000028; 0.020706926592444046
31.300000000000026; 0.021367670710424
31.400000000000027; 0.022040670458418992
31.50000000000003; 0.022725909309460418
31.600000000000026; 0.023423365881670953
31.700000000000028; 0.024133014014826624
31.800000000000026; 0.02485482285021201
31.900000000000027; 0.02558875691353926
32.00000000000003; 0.02633477620072449
32.10000000000002; 0.027092836266304092
32.20000000000003; 0.027862888314278925
32.300000000000026; 0.028644879291187194
32.40000000000003; 0.029438751981200825
32.50000000000003; 0.03024444510305404
32.60000000000003; 0.031061893408606326
32.70000000000003; 0.03189102778286063
32.800000000000026; 0.0327317753452549
32.90000000000003; 0.033584059552046935
33.00000000000003; 0.03444780029962934
33.10000000000003; 0.03532291402860502
33.20000000000003; 0.03620931382846861
33.300000000000026; 0.037106909542736655
33.40000000000003; 0.038015607874385765
33.50000000000003; 0.03893531249144771
33.60000000000003; 0.03986592413263921
33.70000000000003; 0.04080734071287938
33.800000000000026; 0.04175945742858753
33.90000000000003; 0.04272216686262881
34.00000000000003; 0.04369535908880767
34.10000000000003; 0.04467892177578617
34.20000000000003; 0.04567274029033967
34.30000000000003; 0.04667669779984663
34.40000000000003; 0.047690675373918065
34.50000000000003; 0.04871455208508868
34.60000000000003; 0.049748205108478986
34.70000000000003; 0.05079150982036441
34.80000000000003; 0.05184433989556356
34.90000000000003; 0.052906567403600155
35.00000000000003; 0.05397806290355656
35.10000000000003; 0.05505869553757346
35.20000000000003; 0.05614833312294408
35.30000000000003; 0.05724684224274209
35.400000000000034; 0.05835408833495689
35.50000000000003; 0.05946993578007522
35.60000000000003; 0.06059424798709329
35.70000000000003; 0.06172688747790887
35.80000000000003; 0.06286771597007365
35.900000000000034; 0.06401659445788108
36.00000000000003; 0.06517338329175759
36.10000000000003; 0.06633794225595102
36.20000000000003; 0.06751013064448864
36.30000000000003; 0.06868980733539734
36.400000000000034; 0.06987683086317434
36.50000000000003; 0.07107105948950111
36.60000000000003; 0.07227235127219166
36.70000000000003; 0.07348056413238029
36.80000000000003; 0.07469555591993966
36.900000000000034; 0.07591718447713197
37.00000000000003; 0.0771453077005074
37.10000000000003; 0.07837978360103885
37.20000000000003; 0.07962047036251581
37.30000000000003; 0.08086722639819742
37.400000000000034; 0.08211991040574089
37.500000000000036; 0.0833783814204084
37.60000000000003; 0.08464249886658702
37.70000000000003; 0.08591212260761041
37.80000000000003; 0.08718711299392194
37.900000000000034; 0.08846733090958109
38.000000000000036; 0.08975263781714211
38.10000000000003; 0.09104289580092122
38.20000000000003; 0.09233796760867188
38.30000000000003; 0.09363771669169434
38.400000000000034; 0.09494200724339374
38.500000000000036; 0.09625070423632304
38.60000000000004; 0.09756367345771796
38.70000000000003; 0.09888078154356987
38.80000000000003; 0.10020189601123601
38.900000000000034; 0.10152688529063603
39.000000000000036; 0.1028556187540453
39.10000000000004; 0.10418796674452102
39.20000000000003; 0.10552380060297716
39.30000000000003; 0.10686299269394961
39.400000000000034; 0.10820541643006128
39.500000000000036; 0.10955094629522989
39.60000000000004; 0.11089945786663759
39.70000000000003; 0.11225082783548601
39.80000000000003; 0.11360493402657856
39.900000000000034; 0.11496165541674097
40.000000000000036; 0.11632086200357264
40.10000000000004; 0.11768172291299213
40.20000000000003; 0.11904483902092605
40.30000000000003; 0.12041009404017895
40.400000000000034; 0.12177737290220693
40.500000000000036; 0.12314656176929455
40.60000000000004; 0.12451754804577858
40.70000000000004; 0.12589022038832912
40.80000000000003; 0.12726446871533592
40.900000000000034; 0.12864018421539752
41.000000000000036; 0.13001725935496772
41.10000000000004; 0.13139558788516542
41.20000000000004; 0.13277506484777213
41.30000000000003; 0.1341555865804538
41.400000000000034; 0.1355370507212217
41.500000000000036; 0.13691935621215207
41.60000000000004; 0.13830240330240695
41.70000000000004; 0.13968609355055028
41.80000000000004; 0.14107032982620724
41.900000000000034; 0.14245501631108046
42.000000000000036; 0.14384005849933423
42.10000000000004; 0.14522536319738658
42.20000000000004; 0.14661083852312057
42.30000000000004; 0.14799639390452513
42.400000000000034; 0.14938194007781758
42.500000000000036; 0.15076738908502205
42.60000000000004; 0.15215265427106792
42.70000000000004; 0.1535376502804002
42.80000000000004; 0.15492229305312216
42.900000000000034; 0.15630649982070577
43.000000000000036; 0.15769018910126484
43.10000000000004; 0.1590732806944283
43.20000000000004; 0.16045569567581655
43.30000000000004; 0.1618373563911451
43.400000000000034; 0.1632181864499719
43.500000000000036; 0.16459811071909472
43.60000000000004; 0.16597705531563195
43.70000000000004; 0.16735494759978542
43.80000000000004; 0.16873171616730442
43.90000000000004; 0.17010729084166842
44.000000000000036; 0.17148160266600795
44.10000000000004; 0.1728545838947601
44.20000000000004; 0.17422616798508397
44.30000000000004; 0.17559628958805587
44.40000000000004; 0.17696488453963916
44.500000000000036; 0.1783318898514501
44.60000000000004; 0.1796972437013381
44.70000000000004; 0.18106088542378054
44.80000000000004; 0.1824227555001059
44.90000000000004; 0.1837827955485637
45.00000000000004; 0.18514094831424185
45.10000000000004; 0.1864971576588493
45.20000000000004; 0.18785136855036705
45.30000000000004; 0.18920352705258522
45.40000000000004; 0.19055358031452702
45.50000000000004; 0.1919014765597719
45.60000000000004; 0.1932471650756942
45.70000000000004; 0.1945905962026132
45.80000000000004; 0.19593172132286402
45.90000000000004; 0.19727049284981543
46.00000000000004; 0.19860686421681145
46.10000000000004; 0.19994078986607589
46.20000000000004; 0.20127222523756222
46.30000000000004; 0.20260112675777286
46.40000000000004; 0.20392745182853728
46.50000000000004; 0.20525115881577488
46.60000000000004; 0.20657220703823442
46.70000000000004; 0.20789055675622284
46.80000000000004; 0.20920616916032345
46.90000000000004; 0.21051900636011434
47.00000000000004; 0.2118290313728901
47.100000000000044; 0.21313620811239553
47.20000000000004; 0.21444050137756307
47.30000000000004; 0.2157418768412831
47.40000000000004; 0.21704030103918165
47.50000000000004; 0.2183357413584336
47.600000000000044; 0.21962816602660887
47.70000000000004; 0.2209175441005432
47.80000000000004; 0.22220384545526004
47.90000000000004; 0.22348704077292672
48.00000000000004; 0.22476710153185905
48.100000000000044; 0.22604399999557015
48.200000000000045; 0.22731770920188174
48.30000000000004; 0.2285882029520815
48.40000000000004; 0.22985545580014094
48.50000000000004; 0.23111944304199308
48.600000000000044; 0.23238014070487553
48.700000000000045; 0.23363752553673858
48.80000000000004; 0.23489157499572025
48.90000000000004; 0.23614226723969067
49.00000000000004; 0.23738958111586744
49.100000000000044; 0.2386334961505136
49.200000000000045; 0.23987399253869693
49.30000000000004; 0.24111105113414077
49.40000000000004; 0.24234465343914788
49.50000000000004; 0.24357478159459856
49.600000000000044; 0.24480141837004876
49.700000000000045; 0.24602454715388858
49.80000000000004; 0.24724415194360555
49.90000000000004; 0.24846021733612458
50.00000000000004; 0.24967272851822847
50.100000000000044; 0.2508820993098362
50.200000000000045; 0.2520878904929604
50.30000000000005; 0.2532900840565469
50.40000000000004; 0.254488667257454
50.50000000000004; 0.255683627901239
50.600000000000044; 0.2568749543330852
50.700000000000045; 0.2580626354288182
50.80000000000005; 0.2592466605860158
50.90000000000004; 0.2604270197152089
51.00000000000004; 0.26160370323117366
51.100000000000044; 0.2627767020443146
51.200000000000045; 0.2639460075521423
51.30000000000005; 0.2651116116308405
51.40000000000005; 0.2662735066269339
51.50000000000004; 0.26743168534903344
51.600000000000044; 0.2685861410596939
51.700000000000045; 0.26973686746734993
51.80000000000005; 0.27088385871835013
51.90000000000005; 0.27202710938908864
52.00000000000004; 0.2731666144782176
52.100000000000044; 0.2743023693989674
52.200000000000045; 0.27543436997154874
52.30000000000005; 0.276562612415651
52.40000000000005; 0.27768709334303204
52.50000000000004; 0.2788078097502041
52.600000000000044; 0.27992475901120184
52.700000000000045; 0.28103793887044937
52.80000000000005; 0.28214734743571956
52.90000000000005; 0.28325298317117675
53.00000000000004; 0.28435484489051455
53.100000000000044; 0.2854529317501818
53.200000000000045; 0.28654724324269937
53.30000000000005; 0.2876377791900634
53.40000000000005; 0.28872453973723666
53.50000000000005; 0.28980752534573
53.600000000000044; 0.2908867367872721
53.700000000000045; 0.29196217513755696
53.80000000000005; 0.29303384177008857
53.90000000000005; 0.2941017383501053
54.00000000000005; 0.29516586682858953
54.100000000000044; 0.2962262294363593
54.200000000000045; 0.2972828286782502
54.30000000000005; 0.2983356673273727
54.40000000000005; 0.29938474841945395
54.50000000000005; 0.30043007524726656
54.60000000000005; 0.3014716513551256
54.700000000000045; 0.3025094805334806
54.80000000000005; 0.3035435668135768
54.90000000000005; 0.30457391446219645
55.00000000000005; 0.3056005279764854
55.10000000000005; 0.30662341207884325
55.200000000000045; 0.3076425717119041
55.30000000000005; 0.3086580120335858
55.40000000000005; 0.30966973841221146
55.50000000000005; 0.310677756421714
55.60000000000005; 0.3116820718369082
55.700000000000045; 0.3126826906288343
55.80000000000005; 0.3136796189601772
55.90000000000005; 0.3146728631807572
56.00000000000005; 0.31566242982308534
56.10000000000005; 0.31664832559799955
56.200000000000045; 0.31763055739035495
56.30000000000005; 0.3186091322547974
56.40000000000005; 0.31958405741159235
56.50000000000005; 0.32055534024252846
56.60000000000005; 0.3215229882868814
56.70000000000005; 0.3224870092374492
56.80000000000005; 0.32344741093664603
56.90000000000005; 0.3244042013726584
57.00000000000005; 0.3253573886756742
57.10000000000005; 0.3263069811141642
57.20000000000005; 0.3272529870912249
57.30000000000005; 0.3281954151409911
57.40000000000005; 0.32913427392509875
57.50000000000005; 0.33006957222920735
57.60000000000005; 0.33100131895959156
57.70000000000005; 0.33192952313977553
57.800000000000054; 0.3328541939072346
57.90000000000005; 0.3337753405101509
58.00000000000005; 0.33469297230421885
58.10000000000005; 0.335607098749516
58.20000000000005; 0.3365177294074163
58.300000000000054; 0.33742487393756404
58.40000000000005; 0.3383285420949005
58.50000000000005; 0.3392287437267385
58.60000000000005; 0.3401254887698877
58.70000000000005; 0.34101878724784007
58.800000000000054; 0.34190864926798914
58.90000000000005; 0.34279508501891376
59.00000000000005; 0.34367810476769906
59.10000000000005; 0.34455771885731407
59.20000000000005; 0.3454339377040294
59.300000000000054; 0.3463067717948856
59.40000000000005; 0.3471762316852042
59.50000000000005; 0.34804232799614776
59.60000000000005; 0.34890507141232174
59.70000000000005; 0.34976447267941974
59.800000000000054; 0.3506205426019141
59.900000000000055; 0.35147329204079086
60.00000000000005; 0.3523227319113167
60.10000000000005; 0.35316871877322764
60.20000000000005; 0.3540114190483422
60.300000000000054; 0.3548508437765524
60.400000000000055; 0.3556870040271298
60.50000000000005; 0.35651991091150204
60.60000000000005; 0.3573495755812993
60.70000000000005; 0.35817600922644277
60.800000000000054; 0.35899922307326554
60.900000000000055; 0.3598192283826743
61.00000000000006; 0.3606360364483443
61.10000000000005; 0.3614496585949492
61.20000000000005; 0.3622601061764284
61.300000000000054; 0.36306739057428633
61.400000000000055; 0.36387152319592314
61.50000000000006; 0.36467251547300766
61.60000000000005; 0.3654703788598702
61.70000000000005; 0.36626512483193663
61.800000000000054; 0.36705676488419
61.900000000000055; 0.36784531052966973
62.00000000000006; 0.36863077329798744
62.10000000000005; 0.36941316473388947
62.20000000000005; 0.3701924963958383
62.300000000000054; 0.3709687798546242
62.400000000000055; 0.3717420266920131
62.50000000000006; 0.37251224849940967
62.60000000000005; 0.37327945687656316
62.70000000000005; 0.37404366343028794
62.800000000000054; 0.3748048797732169
62.900000000000055; 0.37556311752258426
63.00000000000006; 0.376318388299024
63.10000000000006; 0.3770707037254066
63.20000000000005; 0.3778200754256911
63.300000000000054; 0.37856651502380617
63.400000000000055; 0.37931003414255743
63.50000000000006; 0.38005064440255387
63.60000000000006; 0.3807883574211585
63.70000000000005; 0.38152318481146874
63.800000000000054; 0.3822551381813113
63.900000000000055; 0.3829842291322613
64.00000000000006; 0.3837104692586899
64.10000000000005; 0.3844338701468239
64.20000000000006; 0.3851544433738321
64.30000000000005; 0.38587220050693394
64.40000000000006; 0.38658715310252445
64.50000000000006; 0.38729931270532053
64.60000000000005; 0.3880086908475306
64.70000000000006; 0.38871529904803837
64.80000000000005; 0.38941914881160866
64.90000000000006; 0.3901202516281162
65.00000000000006; 0.3908186189717794
65.10000000000005; 0.39151426230043246
65.20000000000006; 0.3922071930547954
65.30000000000005; 0.39289742265777433
65.40000000000006; 0.39358496251377706
65.50000000000006; 0.3942698240080384
65.60000000000005; 0.3949520185059729
65.70000000000006; 0.39563155735253697
65.80000000000005; 0.39630845187160574
65.90000000000006; 0.39698271336537155
66.00000000000006; 0.39765435311375597
66.10000000000005; 0.3983233823738318
66.20000000000006; 0.3989898123792685
66.30000000000005; 0.399653654339786
66.40000000000006; 0.40031491944062514
66.50000000000006; 0.4009736188420318
66.60000000000005; 0.4016297636787556
66.70000000000006; 0.40228336505956336
66.80000000000005; 0.4029344340667608
66.90000000000006; 0.4035829817557363
67.00000000000006; 0.4042290191545046
67.10000000000007; 0.4048725572632809
67.20000000000006; 0.4055136070540472
67.30000000000005; 0.40615217947015
67.40000000000006; 0.40678828542589324
67.50000000000006; 0.4074219358061576
67.60000000000007; 0.4080531414660194
67.70000000000006; 0.40868191323038805
67.80000000000005; 0.40930826189365266
67.90000000000006; 0.4099321982193403
68.00000000000006; 0.4105537329397813
68.10000000000007; 0.4111728767557901
68.20000000000006; 0.41178964033635423
68.30000000000005; 0.4124040343183306
68.40000000000006; 0.41301606930615886
68.50000000000006; 0.41362575587157596
68.60000000000007; 0.4142331045533469
68.70000000000006; 0.41483812585700064
68.80000000000005; 0.41544083025457756
68.90000000000006; 0.41604122818438616
69.00000000000006; 0.4166393300507651
69.10000000000007; 0.4172351462238582
69.20000000000006; 0.41782868703939624
69.30000000000005; 0.41841996279848664
69.40000000000006; 0.4190089837674104
69.50000000000006; 0.41959576017742956
69.60000000000007; 0.42018030222460145
69.70000000000006; 0.42076262006959986
69.80000000000007; 0.4213427238375433
69.90000000000006; 0.4219206236178332
70.00000000000006; 0.42249632946399673
70.10000000000007; 0.42306985139353714
70.20000000000006; 0.4236411993877937
70.30000000000007; 0.42421038339180495
70.40000000000006; 0.4247774133141783
70.50000000000006; 0.42534229902697174
70.60000000000007; 0.4259050503655743
70.70000000000006; 0.4264656771286008
70.80000000000007; 0.42702418907778233
70.90000000000006; 0.4275805959378756
71.00000000000006; 0.4281349073965671
71.10000000000007; 0.4286871331043887
71.20000000000006; 0.4292372826746385
71.30000000000007; 0.429785365683305
71.40000000000006; 0.43033139166899737
71.50000000000006; 0.43087537013288446
71.60000000000007; 0.4314173105386331
71.70000000000006; 0.4319572223123575
71.80000000000007; 0.43249511484256786
71.90000000000006; 0.43303099748012813
72.00000000000006; 0.43356487953821643
72.10000000000007; 0.4340967702922921
72.20000000000006; 0.43462667898006413
72.30000000000007; 0.43515461480146794
72.40000000000006; 0.4356805869186405
72.50000000000006; 0.43620460445590986
72.60000000000007; 0.4367266764997757
72.70000000000006; 0.4372468120989072
72.80000000000007; 0.43776502026413355
72.90000000000006; 0.43828130996844666
73.00000000000006; 0.43879569014700265
73.10000000000007; 0.439308169697129
73.20000000000006; 0.43981875747833654
73.30000000000007; 0.4403274623123313
73.40000000000006; 0.4408342929830348
73.50000000000007; 0.44133925823660275
73.60000000000007; 0.4418423667814496
73.70000000000006; 0.4423436272882778
73.80000000000007; 0.442843048390107
73.90000000000006; 0.44334063868230794
74.00000000000007; 0.4438364067226407
74.10000000000007; 0.4443303610312913
74.20000000000006; 0.44482251009091794
74.30000000000007; 0.445312862346694
74.40000000000006; 0.44580142620635754
74.50000000000007; 0.4462882100402606
74.60000000000007; 0.4467732221814245
74.70000000000006; 0.44725647092559484
74.80000000000007; 0.4477379645312983
74.90000000000006; 0.44821771121990595
75.00000000000007; 0.44869571917569645
75.10000000000007; 0.44917199654591916
75.20000000000006; 0.44964655144086396
75.30000000000007; 0.4501193919339295
75.40000000000006; 0.450590526061697
75.50000000000007; 0.451059961824003
75.60000000000007; 0.45152770718401586
75.70000000000006; 0.45199377006831254
75.80000000000007; 0.4524581583669617
75.90000000000006; 0.4529208799336002
76.00000000000007; 0.45338194258552383
76.10000000000007; 0.45384135410376414
76.20000000000007; 0.4542991222331837
76.30000000000007; 0.45475525468255773
76.40000000000006; 0.4552097591246701
76.50000000000007; 0.4556626431964013
76.60000000000007; 0.45611391449882255
76.70000000000007; 0.4565635805972921
76.80000000000007; 0.4570116490215497
76.90000000000006; 0.45745812726581564
77.00000000000007; 0.4579030227888894
77.10000000000007; 0.4583463430142472
77.20000000000007; 0.45878809533014847
77.30000000000007; 0.45922828708973534
77.40000000000006; 0.4596669256111359
77.50000000000007; 0.46010401817757324
77.60000000000007; 0.460539572037466
77.70000000000007; 0.46097359440454133
77.80000000000007; 0.46140609245793845
77.90000000000006; 0.4618370733423218
78.00000000000007; 0.4622665441679883
78.10000000000007; 0.4626945120109806
78.20000000000007; 0.463120983913198
78.30000000000007; 0.46354596688250976
78.40000000000006; 0.4639694678928701
78.50000000000007; 0.4643914938844304
78.60000000000007; 0.46481205176365714
78.70000000000007; 0.46523114840344554
78.80000000000007; 0.46564879064324033
78.90000000000006; 0.46606498528914775
79.00000000000007; 0.46647973911405893
79.10000000000007; 0.46689305885776644
79.20000000000007; 0.4673049512270834
79.30000000000007; 0.4677154228959644
79.40000000000006; 0.468124480505626
79.50000000000007; 0.46853213066466787
79.60000000000007; 0.46893837994919363
79.70000000000007; 0.4693432349029351
79.80000000000007; 0.4697467020373725
79.90000000000008; 0.4701487878318574
80.00000000000007; 0.47054949873374
80.10000000000007; 0.4709489507170619
80.20000000000007; 0.4713470416008845
80.30000000000007; 0.47174377614998186
80.40000000000008; 0.4721391607107435
80.50000000000007; 0.47253320159819223
80.60000000000007; 0.4729259050961069
80.70000000000007; 0.47331727745714647
80.80000000000007; 0.47370732490297
80.90000000000008; 0.47409605362436225
81.00000000000007; 0.4744834697813556
81.10000000000007; 0.47486957950335273
81.20000000000007; 0.47525438888925287
81.30000000000007; 0.475637904007574
81.40000000000008; 0.47602013089657647
81.50000000000007; 0.4764010755643911
81.60000000000007; 0.47678074398913917
81.70000000000007; 0.477159142119059
81.80000000000007; 0.47753627587263103
81.90000000000008; 0.47791215113870394
82.00000000000007; 0.47828677377661666
82.10000000000007; 0.4786601496163257
82.20000000000007; 0.47903228445853085
82.30000000000007; 0.479403184074798
82.40000000000008; 0.47977285420768706
82.50000000000007; 0.4801413005708755
82.60000000000008; 0.4805085288492847
82.70000000000007; 0.4808745446992051
82.80000000000007; 0.48123935374842136
82.90000000000008; 0.48160296159633664
83.00000000000007; 0.48196537381410015
83.10000000000008; 0.48232659594473176
83.20000000000007; 0.4826866335032448
83.30000000000007; 0.48304549197677477
83.40000000000008; 0.48340317682470046
83.50000000000007; 0.48375969347877246
83.60000000000008; 0.48411504734323646
83.70000000000007; 0.48446924379495776
83.80000000000007; 0.48482228818354517
83.90000000000008; 0.485174185831477
84.00000000000007; 0.4855249420342246
84.10000000000008; 0.4858745620603764
84.20000000000007; 0.4862230511517617
84.30000000000007; 0.4865704145235761
84.40000000000008; 0.4869166573645018
84.50000000000007; 0.4872617848368337
84.60000000000008; 0.4876058020766029
84.70000000000007; 0.48794871419369806
84.80000000000007; 0.488290526271988
84.90000000000008; 0.48863124336944647
85.00000000000007; 0.4889708705182717
85.10000000000008; 0.48930941272501227
85.20000000000007; 0.4896468749706838
85.30000000000007; 0.4899832622108959
85.40000000000008; 0.4903185793759694
85.50000000000007; 0.490652831371059
85.60000000000008; 0.49098602307627676
85.70000000000007; 0.4913181593468065
85.80000000000007; 0.4916492450130296
85.90000000000008; 0.4919792848806421
86.00000000000007; 0.49230828373077634
86.10000000000008; 0.49263624632011777
86.20000000000007; 0.49296317738102635
86.30000000000008; 0.49328908162165386
86.40000000000008; 0.49361396372606337
86.50000000000007; 0.4939378283543462
86.60000000000008; 0.4942606801427401
86.70000000000007; 0.494582523703748
86.80000000000008; 0.4949033636262533
86.90000000000008; 0.49522320447563656
87.00000000000007; 0.49554205079389363
87.10000000000008; 0.49585990709975064
87.20000000000007; 0.49617677788878
87.30000000000008; 0.4964926676335152
87.40000000000008; 0.496807580783566
87.50000000000007; 0.49712152176573426
87.60000000000008; 0.49743449498412695
87.70000000000007; 0.4977465048202687
87.80000000000008; 0.49805755563321924
87.90000000000008; 0.4983676517596832
88.00000000000007; 0.49867679751412347
88.10000000000008; 0.4989849971888754
88.20000000000007; 0.4992922550542564
88.30000000000008; 0.49959857535867774
88.40000000000008; 0.499903962328759
88.50000000000007; 0.5002084201694341
88.60000000000008; 0.5005119530640657
88.70000000000007; 0.5008145651745528
88.80000000000008; 0.5011162606414417
88.90000000000008; 0.5014170435840336
89.00000000000009; 0.5017169181004961
89.10000000000008; 0.5020158882679686
89.20000000000007; 0.5023139581426732
89.30000000000008; 0.5026111317600195
89.40000000000008; 0.5029074131347131
89.50000000000009; 0.5032028062608634
89.60000000000008; 0.503497315112088
89.70000000000007; 0.5037909436416194
89.80000000000008; 0.5040836957824115
89.90000000000008; 0.5043755754472422
90.00000000000009; 0.5046665865288226
90.10000000000008; 0.5049567328998942
90.20000000000007; 0.5052460184133408
90.30000000000008; 0.5055344469022848
90.40000000000008; 0.5058220221801952
90.50000000000009; 0.5061087480409876
90.60000000000008; 0.5063946282591268
90.70000000000007; 0.5066796665897292
90.80000000000008; 0.506963866768663
90.90000000000008; 0.5072472325126491
91.00000000000009; 0.5075297675193637
91.10000000000008; 0.5078114754675342
91.20000000000007; 0.5080923600170429
91.30000000000008; 0.508372424809024
91.40000000000008; 0.5086516734659611
91.50000000000009; 0.5089301095917883
91.60000000000008; 0.5092077367719865
91.70000000000007; 0.5094845585736808
91.80000000000008; 0.5097605785457375
91.90000000000008; 0.5100358002188603
92.00000000000009; 0.5103102271056874
92.10000000000008; 0.5105838627008861
92.20000000000007; 0.510856710481249
92.30000000000008; 0.5111287739057875
92.40000000000008; 0.511400056415828
92.50000000000009; 0.5116705614351039
92.60000000000008; 0.5119402923698503
92.70000000000009; 0.5122092526088966
92.80000000000008; 0.5124774455237593
92.90000000000008; 0.5127448744687342
93.00000000000009; 0.5130115427809882
93.10000000000008; 0.5132774537806511
93.20000000000009; 0.5135426107709054
93.30000000000008; 0.5138070170380773
93.40000000000008; 0.5140706758517274
93.50000000000009; 0.5143335904647398
93.60000000000008; 0.5145957641134112
93.70000000000009; 0.5148572000175397
93.80000000000008; 0.5151179013805138
93.90000000000008; 0.515377871389399
94.00000000000009; 0.5156371132150268
94.10000000000008; 0.5158956300120809
94.20000000000009; 0.5161534249191849
94.30000000000008; 0.5164105010589859
94.40000000000008; 0.5166668615382436
94.50000000000009; 0.5169225094479143
94.60000000000008; 0.5171774478632345
94.70000000000009; 0.5174316798438089
94.80000000000008; 0.5176852084336904
94.90000000000008; 0.5179380366614673
95.00000000000009; 0.518190167540344
95.10000000000008; 0.5184416040682265
95.20000000000009; 0.5186923492278018
95.30000000000008; 0.5189424059866238
95.40000000000009; 0.5191917772971908
95.50000000000009; 0.5194404660970293
95.60000000000008; 0.5196884753087752
95.70000000000009; 0.5199358078402523
95.80000000000008; 0.520182466584554
95.90000000000009; 0.5204284544201226
96.00000000000009; 0.5206737742108268
96.10000000000008; 0.520918428806043
96.20000000000009; 0.5211624210407332
96.30000000000008; 0.521405753735521
96.40000000000009; 0.5216484296967714
96.50000000000009; 0.5218904517166678
96.60000000000008; 0.5221318225732869
96.70000000000009; 0.5223725450306783
96.80000000000008; 0.5226126218389376
96.90000000000009; 0.5228520557342828
97.00000000000009; 0.5230908494391313
97.10000000000008; 0.5233290056621714
97.20000000000009; 0.5235665270984405
97.30000000000008; 0.5238034164293967
97.40000000000009; 0.5240396763229931
97.50000000000009; 0.5242753094337512
97.60000000000008; 0.5245103184028331
97.70000000000009; 0.5247447058581164
97.80000000000008; 0.524978474414263
97.90000000000009; 0.525211626672793
98.00000000000009; 0.5254441652221559
98.10000000000008; 0.5256760926378014
98.20000000000009; 0.5259074114822492
98.30000000000008; 0.5261381243051604
98.40000000000009; 0.5263682336434077
98.50000000000009; 0.5265977420211428
98.60000000000008; 0.5268266519498681
98.70000000000009; 0.5270549659285044
98.80000000000008; 0.5272826864434585
98.90000000000009; 0.5275098159686924
99.00000000000009; 0.52773635696579
99.1000000000001; 0.5279623118840265
99.20000000000009; 0.5281876831604322
99.30000000000008; 0.5284124732198625
99.40000000000009; 0.5286366844750598
99.50000000000009; 0.5288603193267248
99.6000000000001; 0.5290833801635774
99.70000000000009; 0.5293058693624244
99.80000000000008; 0.5295277892882237
99.90000000000009; 0.5297491422941479
100.00000000000009; 0.5299699290895812
100.1000000000001; 0.5301900913218425
100.20000000000009; 0.5304096939039765
100.30000000000008; 0.5306287391391624
100.40000000000009; 0.5308472293191342
100.50000000000009; 0.531065166724243
100.6000000000001; 0.5312825536235165
100.70000000000009; 0.5314993922747239
100.80000000000008; 0.5317156849244359
100.90000000000009; 0.531931433808084
101.00000000000009; 0.5321466411500247
101.1000000000001; 0.5323613091635958
101.20000000000009; 0.5325754400511788
101.30000000000008; 0.5327890360042593
101.40000000000009; 0.5330020992034824
101.50000000000009; 0.5332146318187163
101.6000000000001; 0.5334266360091081
101.70000000000009; 0.5336381139231428
101.8000000000001; 0.5338490676987008
101.90000000000009; 0.5340594994631179
102.00000000000009; 0.5342694113332384
102.1000000000001; 0.5344788054154763
102.20000000000009; 0.5346876838058705
102.3000000000001; 0.5348960485901398
102.40000000000009; 0.5351039018437412
102.50000000000009; 0.535311245631924
102.6000000000001; 0.5355180820097862
102.70000000000009; 0.5357244130223302
102.8000000000001; 0.535930240704516
102.90000000000009; 0.5361355670813163
103.00000000000009; 0.536340394167773
103.1000000000001; 0.5365447239690466
103.20000000000009; 0.5367485584804746
103.3000000000001; 0.5369518996876217
103.40000000000009; 0.537154749566334
103.50000000000009; 0.5373571100827919
103.6000000000001; 0.5375589831935627
103.70000000000009; 0.537760370845651
103.8000000000001; 0.5379612749765532
103.90000000000009; 0.5381616975143069
104.00000000000009; 0.5383616403775437
104.1000000000001; 0.5385611054755395
104.20000000000009; 0.5387600947082651
104.3000000000001; 0.538958609966437
104.40000000000009; 0.5391566531315668
104.50000000000009; 0.5393542260760134
104.6000000000001; 0.5395513306630282
104.70000000000009; 0.53974796874681
104.8000000000001; 0.5399441421725482
104.90000000000009; 0.540139852776477
105.00000000000009; 0.5403351023859195
105.1000000000001; 0.5405298928193389
105.20000000000009; 0.5407242258863844
105.3000000000001; 0.5409181033879401
105.40000000000009; 0.5411115271161726
105.5000000000001; 0.5413044988545768
105.6000000000001; 0.5414970203780237
105.70000000000009; 0.5416890934528075
105.8000000000001; 0.5418807198366901
105.90000000000009; 0.5420719012789496
106.0000000000001; 0.5422626395204233
106.1000000000001; 0.5424529362935568
106.20000000000009; 0.5426427933224462
106.3000000000001; 0.542832212322884
106.40000000000009; 0.543021195002405
106.5000000000001; 0.5432097430603294
106.6000000000001; 0.5433978581878076
106.70000000000009; 0.5435855420678646
106.8000000000001; 0.5437727963754438
106.90000000000009; 0.5439596227774494
107.0000000000001; 0.5441460229327911
107.1000000000001; 0.5443319984924269
107.20000000000009; 0.5445175510994046
107.3000000000001; 0.5447026823889055
107.40000000000009; 0.5448873939882878
107.5000000000001; 0.5450716875171252
107.6000000000001; 0.5452555645872531
107.70000000000009; 0.5454390268028063
107.8000000000001; 0.5456220757602636
107.90000000000009; 0.5458047130484861
108.0000000000001; 0.5459869402487607
108.1000000000001; 0.5461687589348376
108.2000000000001; 0.5463501706729749
108.3000000000001; 0.5465311770219747
108.40000000000009; 0.5467117795332257
108.5000000000001; 0.546891979750742
108.6000000000001; 0.547071779211203
108.7000000000001; 0.5472511794439915
108.8000000000001; 0.5474301819712346
108.90000000000009; 0.5476087883078418
109.0000000000001; 0.5477869999615427
109.1000000000001; 0.5479648184329262
109.2000000000001; 0.5481422452154798
109.3000000000001; 0.5483192817956252
109.40000000000009; 0.5484959296527574
109.5000000000001; 0.548672190259283
109.6000000000001; 0.5488480650806562
109.7000000000001; 0.5490235555754164
109.8000000000001; 0.549198663195225
109.90000000000009; 0.5493733893849022
110.0000000000001; 0.5495477355824636
110.1000000000001; 0.5497217032191561
110.2000000000001; 0.5498952937194943
110.3000000000001; 0.5500685085012968
110.40000000000009; 0.5502413489757201
110.5000000000001; 0.5504138165472969
110.6000000000001; 0.550585912613969
110.7000000000001; 0.5507576385671222
110.8000000000001; 0.5509289957916238
110.90000000000009; 0.551099985665854
111.0000000000001; 0.5512706095617429
111.1000000000001; 0.5514408688448033
111.2000000000001; 0.5516107648741653
111.3000000000001; 0.5517802990026103
111.40000000000009; 0.5519494725766039
111.5000000000001; 0.5521182869363305
111.6000000000001; 0.5522867434157256
111.7000000000001; 0.55245484334251
111.8000000000001; 0.5526225880382218
111.9000000000001; 0.5527899788182491
112.0000000000001; 0.5529570169918631
112.1000000000001; 0.5531237038622506
112.2000000000001; 0.5532900407265449
112.3000000000001; 0.5534560288758595
112.4000000000001; 0.5536216695953193
112.5000000000001; 0.5537869641640912
112.6000000000001; 0.5539519138554172
112.7000000000001; 0.5541165199366441
112.8000000000001; 0.554280783669256
112.9000000000001; 0.5544447063089044
113.0000000000001; 0.5546082891054389
113.1000000000001; 0.5547715333029379
113.2000000000001; 0.5549344401397405
113.3000000000001; 0.5550970108484728
113.4000000000001; 0.5552592466560826
113.5000000000001; 0.5554211487838662
113.6000000000001; 0.5555827184474988
113.7000000000001; 0.5557439568570652
113.8000000000001; 0.5559048652170876
113.9000000000001; 0.5560654447265551
114.0000000000001; 0.5562256965789538
114.1000000000001; 0.5563856219622949
114.2000000000001; 0.5565452220591429
114.3000000000001; 0.5567044980466451
114.4000000000001; 0.5568634510965595
114.5000000000001; 0.5570220823752836
114.60000000000011; 0.557180393043881
114.7000000000001; 0.5573383842581109
114.8000000000001; 0.5574960571684553
114.9000000000001; 0.5576534129201464
115.0000000000001; 0.557810452653194
115.10000000000011; 0.557967177502413
115.2000000000001; 0.5581235885974503
115.3000000000001; 0.558279687062812
115.4000000000001; 0.5584354740178905
115.5000000000001; 0.5585909505769898
115.60000000000011; 0.5587461178493538
115.7000000000001; 0.558900976939192
115.8000000000001; 0.5590555289457044
115.9000000000001; 0.5592097749631108
116.0000000000001; 0.5593637160806718
116.10000000000011; 0.5595173533827194
116.2000000000001; 0.5596706879486806
116.3000000000001; 0.5598237208531015
116.4000000000001; 0.5599764531656753
116.5000000000001; 0.560128885951266
116.60000000000011; 0.5602810202699335
116.7000000000001; 0.5604328571769579
116.8000000000001; 0.5605843977228662
116.9000000000001; 0.5607356429534552
117.0000000000001; 0.5608865939098168
117.10000000000011; 0.5610372516283609
117.2000000000001; 0.5611876171408426
117.3000000000001; 0.5613376914743832
117.4000000000001; 0.5614874756514959
117.5000000000001; 0.561636970690109
117.60000000000011; 0.561786177603589
117.7000000000001; 0.5619350974007659
117.8000000000001; 0.5620837310859547
117.9000000000001; 0.5622320796589793
118.0000000000001; 0.5623801441151965
118.10000000000011; 0.5625279254455179
118.2000000000001; 0.5626754246364333
118.30000000000011; 0.5628226426700329
118.4000000000001; 0.5629695805240302
118.5000000000001; 0.5631162391717858
118.60000000000011; 0.5632626195823275
118.7000000000001; 0.5634087227203739
118.80000000000011; 0.5635545495463558
118.9000000000001; 0.5637001010164394
119.0000000000001; 0.5638453780825474
119.10000000000011; 0.5639903816923795
119.2000000000001; 0.5641351127894371
119.30000000000011; 0.5642795723130409
119.4000000000001; 0.5644237611983562
119.5000000000001; 0.5645676803764108
119.60000000000011; 0.5647113307741186
119.7000000000001; 0.5648547133142994
119.80000000000011; 0.5649978289156998
119.9000000000001; 0.565140678493014
120.0000000000001; 0.5652832629569055
120.10000000000011; 0.5654255832140263
120.2000000000001; 0.5655676401670375
120.30000000000011; 0.5657094347146313
120.4000000000001; 0.5658509677515476
120.5000000000001; 0.5659922401685993
120.60000000000011; 0.5661332528526872
120.7000000000001; 0.5662740066868227
120.80000000000011; 0.5664145025501475
120.9000000000001; 0.5665547413179514
121.00000000000011; 0.5666947238616948
121.10000000000011; 0.566834451049024
121.2000000000001; 0.5669739237437958
121.30000000000011; 0.5671131428060918
121.4000000000001; 0.5672521090922401
121.50000000000011; 0.5673908234548338
121.60000000000011; 0.5675292867427507
121.7000000000001; 0.5676674998011694
121.80000000000011; 0.5678054634715919
121.9000000000001; 0.5679431785918583
122.00000000000011; 0.568080645996168
122.10000000000011; 0.5682178665150974
122.2000000000001; 0.5683548409756172
122.30000000000011; 0.5684915702011116
122.4000000000001; 0.568628055011396
122.50000000000011; 0.5687642962227355
122.60000000000011; 0.5689002946478614
122.7000000000001; 0.5690360510959902
122.80000000000011; 0.5691715663728414
122.9000000000001; 0.5693068412806537
123.00000000000011; 0.5694418766182047
123.10000000000011; 0.5695766731808255
123.2000000000001; 0.5697112317604197
123.30000000000011; 0.5698455531454809
123.4000000000001; 0.5699796381211092
123.50000000000011; 0.5701134874690272
123.60000000000011; 0.5702471019675988
123.7000000000001; 0.5703804823918448
123.80000000000011; 0.5705136295134602
123.9000000000001; 0.5706465441008295
124.00000000000011; 0.570779226919045
124.10000000000011; 0.5709116787299225
124.2000000000001; 0.5710439002920176
124.30000000000011; 0.5711758923606417
124.4000000000001; 0.5713076556878788
124.50000000000011; 0.5714391910226002
124.60000000000011; 0.5715704991104829
124.70000000000012; 0.5717015806940233
124.80000000000011; 0.5718324365125541
124.9000000000001; 0.5719630673022589
125.00000000000011; 0.5720934737961899
125.10000000000011; 0.5722236567242817
125.20000000000012; 0.5723536168133666
125.30000000000011; 0.5724833547871914
125.4000000000001; 0.5726128713664322
125.50000000000011; 0.5727421672687082
125.60000000000011; 0.5728712432085994
125.70000000000012; 0.5730000998976589
125.80000000000011; 0.5731287380444303
125.9000000000001; 0.5732571583544607
126.00000000000011; 0.5733853615303163
126.10000000000011; 0.5735133482715974
126.20000000000012; 0.5736411192749531
126.30000000000011; 0.5737686752340945
126.4000000000001; 0.5738960168398106
126.50000000000011; 0.5740231447799821
126.60000000000011; 0.574150059739596
126.70000000000012; 0.57427676240076
126.80000000000011; 0.5744032534427151
126.9000000000001; 0.574529533541853
127.00000000000011; 0.574655603371726
127.10000000000011; 0.5747814636030639
127.20000000000012; 0.5749071149037869
127.30000000000011; 0.5750325579390195
127.40000000000012; 0.5751577933711037
127.50000000000011; 0.5752828218596132
127.60000000000011; 0.5754076440613666
127.70000000000012; 0.5755322606304414
127.80000000000011; 0.5756566722181864
127.90000000000012; 0.575780879473237
128.0000000000001; 0.5759048830415254
128.1000000000001; 0.5760286835662971
128.2000000000001; 0.576152281688121
128.30000000000013; 0.5762756780449053
128.40000000000012; 0.576398873271908
128.5000000000001; 0.5765218680017514
128.6000000000001; 0.576644662864434
128.7000000000001; 0.5767672584873441
128.80000000000013; 0.5768896554952719
128.90000000000012; 0.5770118545104218
129.0000000000001; 0.5771338561524263
129.1000000000001; 0.5772556610383568
129.2000000000001; 0.5773772697827376
129.30000000000013; 0.5774986829975561
129.40000000000012; 0.5776199012922786
129.5000000000001; 0.5777409252738583
129.6000000000001; 0.5778617555467509
129.7000000000001; 0.577982392712925
129.80000000000013; 0.5781028373718736
129.90000000000012; 0.5782230901206283
130.0000000000001; 0.5783431515537688
130.1000000000001; 0.5784630222634367
130.2000000000001; 0.5785827028393447
130.30000000000013; 0.5787021938687913
130.40000000000012; 0.5788214959366706
130.5000000000001; 0.5789406096254842
130.6000000000001; 0.5790595355153528
130.7000000000001; 0.5791782741840278
130.80000000000013; 0.5792968262069026
130.90000000000012; 0.5794151921570238
131.0000000000001; 0.579533372605102
131.1000000000001; 0.5796513681195248
131.2000000000001; 0.5797691792663652
131.30000000000013; 0.5798868066093957
131.40000000000012; 0.5800042507100969
131.5000000000001; 0.5801215121276692
131.6000000000001; 0.5802385914190443
131.7000000000001; 0.5803554891388957
131.80000000000013; 0.5804722058396493
131.90000000000012; 0.5805887420714942
132.0000000000001; 0.5807050983823936
132.1000000000001; 0.5808212753180949
132.2000000000001; 0.580937273422141
132.30000000000013; 0.5810530932358801
132.40000000000012; 0.581168735298477
132.5000000000001; 0.5812842001469223
132.6000000000001; 0.5813994883160438
132.70000000000013; 0.5815146003385165
132.80000000000013; 0.5816295367448722
132.90000000000012; 0.5817442980635107
133.0000000000001; 0.5818588848207092
133.1000000000001; 0.5819732975406324
133.20000000000013; 0.5820875367453431
133.30000000000013; 0.5822016029548115
133.40000000000012; 0.5823154966869254
133.5000000000001; 0.5824292184575
133.6000000000001; 0.5825427687802874
133.70000000000013; 0.5826561481669873
133.80000000000013; 0.5827693571272554
133.90000000000012; 0.5828823961687142
134.0000000000001; 0.5829952657969618
134.1000000000001; 0.5831079665155817
134.20000000000013; 0.5832204988261528
134.30000000000013; 0.5833328632282572
134.40000000000012; 0.5834450602194924
134.5000000000001; 0.5835570902954776
134.6000000000001; 0.5836689539498654
134.70000000000013; 0.5837806516743491
134.80000000000013; 0.5838921839586737
134.90000000000012; 0.5840035512906435
135.0000000000001; 0.5841147541561325
135.1000000000001; 0.5842257930390921
135.20000000000013; 0.5843366684215617
135.30000000000013; 0.5844473807836761
135.40000000000012; 0.5845579306036753
135.5000000000001; 0.5846683183579131
135.6000000000001; 0.5847785445208662
135.70000000000013; 0.584888609565143
135.80000000000013; 0.5849985139614907
135.90000000000012; 0.585108258178807
136.0000000000001; 0.5852178426841462
136.1000000000001; 0.5853272679427288
136.20000000000013; 0.5854365344179497
136.30000000000013; 0.5855456425713879
136.40000000000012; 0.5856545928628117
136.5000000000001; 0.5857633857501917
136.6000000000001; 0.585872021689706
136.70000000000013; 0.5859805011357485
136.80000000000013; 0.5860888245409392
136.90000000000012; 0.5861969923561307
137.0000000000001; 0.5863050050304167
137.1000000000001; 0.5864128630111409
137.20000000000013; 0.5865205667439043
137.30000000000013; 0.5866281166725731
137.40000000000012; 0.5867355132392879
137.5000000000001; 0.5868427568844701
137.6000000000001; 0.5869498480468318
137.70000000000013; 0.5870567871633817
137.80000000000013; 0.5871635746694336
137.90000000000012; 0.5872702109986154
138.0000000000001; 0.5873766965828746
138.1000000000001; 0.5874830318524886
138.20000000000013; 0.5875892172360703
138.30000000000013; 0.5876952531605768
138.40000000000012; 0.5878011400513169
138.5000000000001; 0.5879068783319584
138.60000000000014; 0.5880124684245357
138.70000000000013; 0.5881179107494573
138.80000000000013; 0.5882232057255139
138.90000000000012; 0.5883283537698846
139.0000000000001; 0.5884333552981451
139.10000000000014; 0.5885382107242747
139.20000000000013; 0.5886429204606644
139.30000000000013; 0.5887474849181227
139.40000000000012; 0.5888519045058844
139.5000000000001; 0.5889561796316165
139.60000000000014; 0.5890603107014257
139.70000000000013; 0.5891642981198666
139.80000000000013; 0.5892681422899468
139.90000000000012; 0.5893718436131363
140.0000000000001; 0.5894754024893716
140.10000000000014; 0.5895788193170658
140.20000000000013; 0.5896820944931129
140.30000000000013; 0.5897852284128968
140.40000000000012; 0.5898882214702961
140.5000000000001; 0.5899910740576932
140.60000000000014; 0.5900937865659792
140.70000000000013; 0.5901963593845613
140.80000000000013; 0.59029879290137
140.90000000000012; 0.5904010875028648
141.0000000000001; 0.590503243574042
141.10000000000014; 0.5906052614984404
141.20000000000013; 0.5907071416581484
141.30000000000013; 0.5908088844338102
141.40000000000012; 0.590910490204633
141.5000000000001; 0.5910119593483922
141.60000000000014; 0.5911132922414389
141.70000000000013; 0.5912144892587067
141.80000000000013; 0.5913155507737163
141.90000000000012; 0.5914164771585843
142.0000000000001; 0.5915172687840269
142.10000000000014; 0.5916179260193684
142.20000000000013; 0.5917184492325465
142.30000000000013; 0.591818838790118
142.40000000000012; 0.591919095057266
142.5000000000001; 0.5920192183978059
142.60000000000014; 0.5921192091741906
142.70000000000013; 0.5922190677475174
142.80000000000013; 0.592318794477535
142.90000000000012; 0.5924183897226469
143.0000000000001; 0.59251785383992
143.10000000000014; 0.5926171871850889
143.20000000000013; 0.5927163901125633
143.30000000000013; 0.5928154629754324
143.40000000000012; 0.5929144061254719
143.5000000000001; 0.5930132199131493
143.60000000000014; 0.59311190468763
143.70000000000013; 0.5932104607967826
143.80000000000013; 0.5933088885871858
143.90000000000012; 0.5934071884041324
144.0000000000001; 0.5935053605916368
144.10000000000014; 0.5936034054924397
144.20000000000013; 0.5937013234480137
144.30000000000013; 0.5937991147985694
144.40000000000012; 0.5938967798830603
144.5000000000001; 0.5939943190391899
144.60000000000014; 0.5940917326034143
144.70000000000013; 0.5941890209109517
144.80000000000013; 0.594286184295784
144.90000000000012; 0.5943832230906649
145.0000000000001; 0.5944801376271246
145.10000000000014; 0.5945769282354743
145.20000000000013; 0.5946735952448124
145.30000000000013; 0.594770138983031
145.40000000000012; 0.594866559776818
145.50000000000014; 0.594962857951666
145.60000000000014; 0.595059033831875
145.70000000000013; 0.5951550877405591
145.80000000000013; 0.595251019999651
145.90000000000012; 0.5953468309299073
146.00000000000014; 0.5954425208509138
146.10000000000014; 0.5955380900810905
146.20000000000013; 0.5956335389376968
146.30000000000013; 0.5957288677368368
146.40000000000012; 0.595824076793464
146.50000000000014; 0.5959191664213865
146.60000000000014; 0.5960141369332717
146.70000000000013; 0.5961089886406521
146.80000000000013; 0.5962037218539293
146.90000000000012; 0.5962983368823793
147.00000000000014; 0.5963928340341582
147.10000000000014; 0.5964872136163051
147.20000000000013; 0.5965814759347492
147.30000000000013; 0.5966756212943137
147.40000000000012; 0.5967696499987201
147.50000000000014; 0.5968635623505936
147.60000000000014; 0.5969573586514676
147.70000000000013; 0.5970510392017889
147.80000000000013; 0.597144604300922
147.90000000000012; 0.5972380542471538
148.00000000000014; 0.5973313893376984
148.10000000000014; 0.5974246098687014
148.20000000000013; 0.5975177161352455
148.30000000000013; 0.5976107084313539
148.40000000000012; 0.597703587049996
148.50000000000014; 0.5977963522830901
148.60000000000014; 0.5978890044215112
148.70000000000013; 0.5979815437550916
148.80000000000013; 0.5980739705726285
148.90000000000012; 0.5981662851618869
149.00000000000014; 0.5982584878096044
149.10000000000014; 0.5983505788014962
149.20000000000013; 0.598442558422258
149.30000000000013; 0.5985344269555724
149.40000000000012; 0.5986261846841112
149.50000000000014; 0.5987178318895416
149.60000000000014; 0.5988093688525293
149.70000000000013; 0.5989007958527429
149.80000000000013; 0.5989921131688594
149.90000000000012; 0.5990833210785661
150.00000000000014; 0.5991744198585676
150.10000000000014; 0.5992654073642932
150.20000000000013; 0.5993562862523809
150.30000000000013; 0.5994470568285589
150.40000000000012; 0.5995377193629059
150.50000000000014; 0.5996282741245553
150.60000000000014; 0.599718721381702
150.70000000000013; 0.5998090614016048
150.80000000000013; 0.5998992944505891
150.90000000000012; 0.5999894207940539
151.00000000000014; 0.6000794406964726
151.10000000000014; 0.6001693544213988
151.20000000000013; 0.6002591622314695
151.30000000000013; 0.6003488643884091
151.40000000000015; 0.600438461153033
151.50000000000014; 0.600527952785252
151.60000000000014; 0.6006173395440753
151.70000000000013; 0.6007066216876146
151.80000000000013; 0.6007957994730877
151.90000000000015; 0.6008848731568237
152.00000000000014; 0.600973842994264
152.10000000000014; 0.6010627092399679
152.20000000000013; 0.6011514721476167
152.30000000000013; 0.6012401319700151
152.40000000000015; 0.6013286889590974
152.50000000000014; 0.6014171433659296
152.60000000000014; 0.6015054954407132
152.70000000000013; 0.6015937454327897
152.80000000000013; 0.601681893590643
152.90000000000015; 0.6017699401619031
153.00000000000014; 0.6018578853933514
153.10000000000014; 0.6019457295309211
153.20000000000013; 0.6020334728197038
153.30000000000013; 0.6021211155039509
153.40000000000015; 0.6022086578270783
153.50000000000014; 0.6022961000316693
153.60000000000014; 0.6023834423594782
153.70000000000013; 0.6024706850514333
153.80000000000013; 0.6025578283476412
153.90000000000015; 0.6026448724873895
154.00000000000014; 0.6027318177091504
154.10000000000014; 0.6028186642505843
154.20000000000013; 0.6029054123485421
154.30000000000013; 0.6029920622390709
154.40000000000015; 0.603078614157414
154.50000000000014; 0.6031650683380172
154.60000000000014; 0.6032514250145303
154.70000000000013; 0.6033376844198111
154.80000000000013; 0.6034238467859286
154.90000000000015; 0.603509912344166
155.00000000000014; 0.6035958813250241
155.10000000000014; 0.6036817539582241
155.20000000000013; 0.6037675304727123
155.30000000000013; 0.603853211096661
155.40000000000015; 0.6039387960574736
155.50000000000014; 0.6040242855817857
155.60000000000014; 0.6041096798954717
155.70000000000013; 0.6041949792236436
155.80000000000013; 0.6042801837906577
155.90000000000015; 0.6043652938201155
156.00000000000014; 0.6044503095348677
156.10000000000014; 0.6045352311570171
156.20000000000013; 0.6046200589079219
156.30000000000013; 0.6047047930081979
156.40000000000015; 0.6047894336777228
156.50000000000014; 0.6048739811356377
156.60000000000014; 0.6049584356003522
156.70000000000013; 0.6050427972895447
156.80000000000013; 0.6051270664201672
156.90000000000015; 0.6052112432084484
157.00000000000014; 0.6052953278698954
157.10000000000014; 0.6053793206192972
157.20000000000013; 0.6054632216707283
157.30000000000013; 0.6055470312375504
157.40000000000015; 0.6056307495324164
157.50000000000014; 0.6057143767672722
157.60000000000014; 0.6057979131533605
157.70000000000013; 0.6058813589012231
157.80000000000013; 0.6059647142207039
157.90000000000015; 0.6060479793209514
158.00000000000014; 0.6061311544104223
158.10000000000014; 0.606214239696884
158.20000000000013; 0.606297235387416
158.30000000000015; 0.606380141688415
158.40000000000015; 0.6064629588055964
158.50000000000014; 0.6065456869439962
158.60000000000014; 0.606628326307976
158.70000000000013; 0.6067108771012231
158.80000000000015; 0.6067933395267553
158.90000000000015; 0.6068757137869231
159.00000000000014; 0.6069580000834108
159.10000000000014; 0.6070401986172416
159.20000000000013; 0.6071223095887788
159.30000000000015; 0.6072043331977283
159.40000000000015; 0.6072862696431418
159.50000000000014; 0.6073681191234198
159.60000000000014; 0.6074498818363134
159.70000000000013; 0.6075315579789266
159.80000000000015; 0.6076131477477204
159.90000000000015; 0.6076946513385139
160.00000000000014; 0.6077760689464874
