energy (keV); transmission
1.0; 1.3958080672530094e-281
1.1; 1.4500680021952144e-218
1.2000000000000002; 1.740413600566397e-173
1.3000000000000003; 2.558273117534528e-140
1.4000000000000004; 3.6001330432178375e-119
1.5000000000000004; 2.039914125846521e-99
1.6000000000000005; 0.0
1.7000000000000006; 0.0
1.8000000000000007; 0.0
1.9000000000000008; 0.0
2.000000000000001; 0.0
2.100000000000001; 0.0
2.200000000000001; 0.0
2.300000000000001; 0.0
2.4000000000000012; 0.0
2.5000000000000013; 7.542864577203508e-304
2.6000000000000014; 1.1488208757988558e-273
2.7000000000000015; 3.0820693400779594e-247
2.8000000000000016; 4.492414577670938e-224
2.9000000000000017; 9.612217274844044e-204
3.0000000000000018; 7.193378476353979e-186
3.100000000000002; 4.078026863093792e-170
3.200000000000002; 3.625026173086065e-156
3.300000000000002; 9.329343386961762e-144
3.400000000000002; 1.1498040936364457e-132
3.500000000000002; 1.0289018650380066e-122
3.6000000000000023; 9.454861425569407e-114
3.7000000000000024; 1.1931965074289245e-105
3.8000000000000025; 2.6427934337654264e-98
3.9000000000000026; 1.2650451308704932e-91
4.000000000000003; 1.563049155338748e-85
4.100000000000003; 5.7965889503195246e-80
4.200000000000003; 7.305063610697395e-75
4.3000000000000025; 3.4855735253062123e-70
4.400000000000003; 6.92935987007188e-66
4.5000000000000036; 6.248261931927755e-62
4.600000000000003; 2.7558167435427767e-58
4.700000000000003; 6.358467330433693e-55
4.800000000000003; 8.148913614245887e-52
4.900000000000004; 6.1200544560106855e-49
5.0000000000000036; 2.8258013234052495e-46
5.100000000000003; 8.375301614257815e-44
5.200000000000004; 1.657348504003793e-41
5.300000000000004; 2.2684907346914443e-39
5.400000000000004; 2.2168303644883452e-37
5.5000000000000036; 1.59133021865344e-35
5.600000000000004; 8.608806914415254e-34
5.700000000000005; 3.591765703825585e-32
5.800000000000004; 1.1800824980619064e-30
5.900000000000004; 3.111363573002791e-29
6.000000000000004; 6.696536558000516e-28
6.100000000000005; 1.1948115875475237e-26
6.200000000000005; 1.7925313906647457e-25
6.300000000000004; 2.2904375482106024e-24
6.400000000000005; 2.5219358394569802e-23
6.500000000000005; 2.4185517848609253e-22
6.600000000000005; 2.0399998929020704e-21
6.700000000000005; 1.5270392291934148e-20
6.800000000000005; 1.0227889176086478e-19
6.900000000000006; 6.176141211228153e-19
7.000000000000005; 3.3857886317815103e-18
7.100000000000005; 1.695862927304127e-17
7.2000000000000055; 7.708024383419434e-17
7.300000000000006; 3.2802713694328893e-16
7.400000000000006; 1.2964625644076212e-15
7.500000000000005; 4.780921548174093e-15
7.600000000000006; 1.652085365468057e-14
7.700000000000006; 5.370975104763479e-14
7.800000000000006; 1.648840017597657e-13
7.900000000000006; 4.796212863716715e-13
8.000000000000007; 1.3261637790362327e-12
8.100000000000007; 3.496098752283204e-12
8.200000000000006; 8.811050841421215e-12
8.300000000000006; 2.1283425785043204e-11
8.400000000000006; 4.939270283300364e-11
8.500000000000007; 1.103723180799906e-10
8.600000000000007; 2.379790101445937e-10
8.700000000000006; 4.960716428133572e-10
8.800000000000008; 1.0015418145007975e-09
8.900000000000007; 1.961796479111307e-09
9.000000000000007; 3.734164999326819e-09
9.100000000000007; 6.917336514652897e-09
9.200000000000006; 1.2488235253539483e-08
9.300000000000008; 2.2001563829605172e-08
9.400000000000007; 3.787347363892192e-08
9.500000000000007; 6.377527040064962e-08
9.600000000000009; 1.0516747279421541e-07
9.700000000000008; 1.7000859128052945e-07
9.800000000000008; 2.696763155181311e-07
9.900000000000007; 4.201410050705755e-07
10.000000000000007; 6.43432091926558e-07
10.100000000000009; 9.69419997802883e-07
10.200000000000008; 1.438024667354821e-06
10.300000000000008; 2.1017562308640848e-06
10.40000000000001; 3.0287185347426908e-06
10.500000000000009; 4.306044161988333e-06
10.600000000000009; 6.043771379179644e-06
10.700000000000008; 8.379152401067408e-06
10.800000000000008; 1.1481368048016149e-05
10.90000000000001; 1.5556608986036154e-05
11.000000000000009; 2.085346887837055e-05
11.100000000000009; 2.7668580552611684e-05
11.20000000000001; 3.635241329174232e-05
11.30000000000001; 4.731513813546127e-05
11.40000000000001; 6.1032459097310896e-05
11.500000000000009; 7.805130183240694e-05
11.600000000000009; 9.899524778613648e-05
11.70000000000001; 0.0001245696013510947
11.80000000000001; 0.00015556598007196893
11.90000000000001; 0.00019286632336415713
12.00000000000001; 0.00023744622334574827
12.10000000000001; 0.0002903774919291377
12.20000000000001; 0.00035282989091124385
12.30000000000001; 0.00042607196602404524
12.40000000000001; 0.0005114709413111427
12.50000000000001; 0.0006104916463215692
12.60000000000001; 0.0007246944650076926
12.70000000000001; 0.0008557323114468337
12.800000000000011; 0.0010053466531827903
12.900000000000011; 0.0011753626177521646
13.00000000000001; 0.0013676832315255311
13.10000000000001; 0.0015842828521123512
13.20000000000001; 0.0018271998660724675
13.300000000000011; 0.002098528732419495
13.400000000000011; 0.002400411459328134
13.50000000000001; 0.00273502860654792
13.600000000000012; 0.0031045899093147086
13.700000000000012; 0.003511324621104111
13.800000000000011; 0.0039574716724953265
13.900000000000011; 0.0044452697418379695
14.00000000000001; 0.0049769473304871765
14.100000000000012; 0.0055547129312671995
14.200000000000012; 0.006180745373697945
14.300000000000011; 0.006857184423565812
14.400000000000013; 0.0075861217078021115
14.500000000000012; 0.008369592028516042
14.600000000000012; 0.009209565122595366
14.700000000000012; 0.010107937915644608
14.800000000000011; 0.011066527311366448
14.900000000000013; 0.012087063549876131
15.000000000000012; 0.013171184161015764
15.100000000000012; 0.01432045711233646
15.200000000000014; 0.015536291526169903
15.300000000000013; 0.01682001418919002
15.400000000000013; 0.01817284077891676
15.500000000000012; 0.019595872920406984
15.600000000000012; 0.021090095880719542
15.700000000000014; 0.022656376867522577
15.800000000000013; 0.02429546391276122
15.900000000000013; 0.026007985318868762
16.000000000000014; 0.027794449642138553
16.100000000000016; 0.029655246185443223
16.200000000000014; 0.03159064597058975
16.30000000000001; 0.033600803159114734
16.400000000000013; 0.03568575688925913
16.500000000000014; 0.037845433496210834
16.600000000000016; 0.0400796490823667
16.700000000000014; 0.042388112404375886
16.800000000000015; 0.04477042804401592
16.900000000000013; 0.04722609983049593
17.000000000000014; 0.049754534482520714
17.100000000000016; 0.05235504543944005
17.200000000000014; 0.05502685685186805
17.300000000000015; 0.057769107703444476
17.400000000000013; 0.060580856036717555
17.500000000000014; 0.06346108325760225
17.600000000000016; 0.06640869849430209
17.700000000000014; 0.06942254298817119
17.800000000000015; 0.07250139449550201
17.900000000000016; 0.07564397168080798
18.000000000000014; 0.07884893848370439
18.100000000000016; 0.08211490844304176
18.200000000000017; 0.08544044896342103
18.300000000000015; 0.08882408551071412
18.400000000000016; 0.09226430572457493
18.500000000000014; 0.09575956343735308
18.600000000000016; 0.09930828259005718
18.700000000000017; 0.10290886103730167
18.800000000000015; 0.10655967423431395
18.900000000000016; 0.11025907880020998
19.000000000000014; 0.1140054159527623
19.100000000000016; 0.11779701481086532
19.200000000000017; 0.12163219556182267
19.300000000000015; 0.12550927249137384
19.400000000000016; 0.12942655687519633
19.500000000000018; 0.1333823597312913
19.600000000000016; 0.13737499443331874
19.700000000000017; 0.14140277918552704
19.80000000000002; 0.1454640393604573
19.900000000000016; 0.14955710970106045
20.000000000000018; 0.15368033638930267
20.100000000000016; 0.15783158619277934
20.200000000000017; 0.1620097224351984
20.30000000000002; 0.16621314212263097
20.400000000000016; 0.1704402605632347
20.500000000000018; 0.17468951303426702
20.600000000000016; 0.17895935609517108
20.700000000000017; 0.18324826879008554
20.80000000000002; 0.18755475374371378
20.900000000000016; 0.19187733815456065
21.000000000000018; 0.19621457468957323
21.10000000000002; 0.2005650422842801
21.200000000000017; 0.2049273468525065
21.30000000000002; 0.2093001219097384
21.40000000000002; 0.21368202911417997
21.500000000000018; 0.21807175872950438
21.60000000000002; 0.22246803001325358
21.700000000000017; 0.22686959153475716
21.80000000000002; 0.231275221426375
21.90000000000002; 0.2356837275718016
22.000000000000018; 0.24009394773502002
22.10000000000002; 0.24450474963349567
22.200000000000017; 0.24891503095896772
22.30000000000002; 0.2533237193492251
22.40000000000002; 0.2577297723140384
22.500000000000018; 0.26213217711835674
22.60000000000002; 0.2665299506257693
22.70000000000002; 0.2709221391050952
22.80000000000002; 0.27530781800285414
22.90000000000002; 0.2796860916842827
23.00000000000002; 0.2840560931454087
23.10000000000002; 0.28841698369861224
23.20000000000002; 0.29276795263398775
23.30000000000002; 0.297108216858682
23.40000000000002; 0.3014370205163441
23.50000000000002; 0.30575363458863064
23.60000000000002; 0.3100573564806826
23.70000000000002; 0.3143475095923496
23.80000000000002; 0.3186234428768474
23.90000000000002; 0.3228845303884589
24.00000000000002; 0.3271301708207784
24.10000000000002; 0.33135978703690055
24.20000000000002; 0.3355728255929252
24.300000000000022; 0.3397687562559847
24.40000000000002; 0.343947071518009
24.50000000000002; 0.3481072861062982
24.600000000000023; 0.35224893649194383
24.70000000000002; 0.35637158039705136
24.800000000000022; 0.3604747963016472
24.90000000000002; 0.36455818295111647
25.00000000000002; 0.3686213588649262
25.100000000000023; 0.372663961847335
25.20000000000002; 0.3766856485007699
25.300000000000022; 0.38068609374244494
25.40000000000002; 0.38466499032480905
25.50000000000002; 0.38862204836028874
25.600000000000023; 0.39255699485082696
25.70000000000002; 0.39646957322261056
25.800000000000022; 0.4003595428663907
25.900000000000023; 0.40422667868372025
26.00000000000002; 0.40807077063943087
26.100000000000023; 0.41189162332060447
26.200000000000024; 0.4156890555023142
26.300000000000022; 0.4194628997203278
26.400000000000023; 0.42321300185094296
26.50000000000002; 0.4269392206981705
26.600000000000023; 0.4306414275883341
26.700000000000024; 0.434319505972253
26.800000000000022; 0.43797335103507007
26.900000000000023; 0.44160286931381665
27.00000000000002; 0.44520797832274944
27.100000000000023; 0.4487886061865128
27.200000000000024; 0.45234469128114596
27.300000000000022; 0.4558761818829217
27.400000000000023; 0.4593830358250477
27.500000000000025; 0.46286522016216863
27.600000000000023; 0.46632271084267196
27.700000000000024; 0.4697554923887359
27.800000000000026; 0.4731635575840656
27.900000000000023; 0.47654690716929016
28.000000000000025; 0.47990554954489817
28.100000000000023; 0.4832395004816853
28.200000000000024; 0.4865487828386042
28.300000000000026; 0.4898334262879336
28.400000000000023; 0.4930934670476822
28.500000000000025; 0.4963289476211088
28.600000000000023; 0.49953991654328384
28.700000000000024; 0.5027264281345559
28.800000000000026; 0.5058885422608279
28.900000000000023; 0.5090263241005409
29.000000000000025; 0.5121398439182285
29.100000000000026; 0.5152291768445337
29.200000000000024; 0.5182944026625701
29.300000000000026; 0.5213356056005203
29.400000000000027; 0.5243528741303088
29.500000000000025; 0.5273463007722896
29.600000000000026; 0.5303159819057562
29.700000000000024; 0.5332620175852151
29.800000000000026; 0.5361845113622509
29.900000000000027; 0.5390835701128879
30.000000000000025; 0.5419593038703255
30.100000000000026; 0.5448129543694704
30.200000000000024; 0.5476435097634406
30.300000000000026; 0.550451072134354
30.400000000000027; 0.5532357625022832
30.500000000000025; 0.5559977043123937
30.600000000000026; 0.5587370232963513
30.700000000000028; 0.5614538473382845
30.800000000000026; 0.564148306345176
30.900000000000027; 0.5668205321215775
31.00000000000003; 0.5694706582485481
31.100000000000026; 0.5720988199666803
31.200000000000028; 0.5747051540631376
31.300000000000026; 0.5772897987625747
31.400000000000027; 0.5798528936218506
31.50000000000003; 0.5823945794284234
31.600000000000026; 0.5849149981023306
31.700000000000028; 0.5874142926016532
31.800000000000026; 0.5898926068313838
31.900000000000027; 0.5923500855555675
32.00000000000003; 0.594786874312662
32.10000000000002; 0.5972031193340075
32.20000000000003; 0.5995989674653089
32.300000000000026; 0.6019745660910637
32.40000000000003; 0.6043300630618327
32.50000000000003; 0.6066656066242851
32.60000000000003; 0.6089813453539172
32.70000000000003; 0.6112774280903819
32.800000000000026; 0.6135540038753499
32.90000000000003; 0.6158112218928121
33.00000000000003; 0.6180492314117675
33.10000000000003; 0.620268181731208
33.20000000000003; 0.6224682221273435
33.300000000000026; 0.6246495018029836
33.40000000000003; 0.6268121698390275
33.50000000000003; 0.6289563751479709
33.60000000000003; 0.6310822664294002
33.70000000000003; 0.6331899921273713
33.800000000000026; 0.6352797003896493
33.90000000000003; 0.6373515390287238
34.00000000000003; 0.6394056554845655
34.10000000000003; 0.6414421967890382
34.20000000000003; 0.6434613095319422
34.30000000000003; 0.6454631398286216
34.40000000000003; 0.6474478332890777
34.50000000000003; 0.6494155349885565
34.60000000000003; 0.6513663894395398
34.70000000000003; 0.6533005405651187
34.80000000000003; 0.6552181316736694
34.90000000000003; 0.6571193054348291
35.00000000000003; 0.6590042038566861
35.10000000000003; 0.6608729682641691
35.20000000000003; 0.6627257392785927
35.30000000000003; 0.6645626567982997
35.400000000000034; 0.6663838599803935
35.50000000000003; 0.6681894872234857
35.60000000000003; 0.6699796761514614
35.70000000000003; 0.6717545635981929
35.80000000000003; 0.6735142855931883
35.900000000000034; 0.675258977348139
36.00000000000003; 0.6769887732443222
36.10000000000003; 0.6787038068208451
36.20000000000003; 0.6804042107636847
36.30000000000003; 0.6820901168955028
36.400000000000034; 0.6837616561662038
36.50000000000003; 0.6854189586442124
36.60000000000003; 0.687062153508436
36.70000000000003; 0.6886913690408979
36.80000000000003; 0.6903067326200052
36.900000000000034; 0.6919083707144281
37.00000000000003; 0.6934964088775807
37.10000000000003; 0.6950709717426585
37.20000000000003; 0.6966321830182312
37.30000000000003; 0.6981801654843557
37.400000000000034; 0.6997150409891977
37.500000000000036; 0.7012369304461271
37.60000000000003; 0.702745953831296
37.70000000000003; 0.7042422301816456
37.80000000000003; 0.7057258775933536
37.900000000000034; 0.7071970132206835
38.000000000000036; 0.7086557532752331
38.10000000000003; 0.7101022130255586
38.20000000000003; 0.7115365067971593
38.30000000000003; 0.7129587479728109
38.400000000000034; 0.7143690489932248
38.500000000000036; 0.7157675213580317
38.60000000000004; 0.7171542756270589
38.70000000000003; 0.7185294214219101
38.80000000000003; 0.7198930674278077
38.900000000000034; 0.72124532139571
39.000000000000036; 0.7225862901446748
39.10000000000004; 0.7239160795644682
39.20000000000003; 0.7252347946183965
39.30000000000003; 0.7265425393463638
39.400000000000034; 0.7278394168681314
39.500000000000036; 0.729125529386778
39.60000000000004; 0.73040097819235
39.70000000000003; 0.731665863665683
39.80000000000003; 0.7329202852824029
39.900000000000034; 0.7341643416170809
40.000000000000036; 0.7353981211817372
40.10000000000004; 0.7366210841785555
40.20000000000003; 0.737833981572925
40.30000000000003; 0.7390369080764075
40.400000000000034; 0.7402299575244846
40.500000000000036; 0.7414132228815984
40.60000000000004; 0.7425867962463009
40.70000000000004; 0.7437507688564907
40.80000000000003; 0.744905231094751
40.900000000000034; 0.7460502724937591
41.000000000000036; 0.7471859817417851
41.10000000000004; 0.7483124466882615
41.20000000000004; 0.7494297543494141
41.30000000000003; 0.7505379909139641
41.400000000000034; 0.7516372417488842
41.500000000000036; 0.7527275914052044
41.60000000000004; 0.7538091236238762
41.70000000000004; 0.7548819213416698
41.80000000000004; 0.7559460666971182
41.900000000000034; 0.7570016410364987
42.000000000000036; 0.7580487249198403
42.10000000000004; 0.7590873981269648
42.20000000000004; 0.7601177396635543
42.30000000000004; 0.7611398277672312
42.400000000000034; 0.7621537399136725
42.500000000000036; 0.7631595528227205
42.60000000000004; 0.7641573424645217
42.70000000000004; 0.7651471840656686
42.80000000000004; 0.7661291521153444
42.900000000000034; 0.7671033203714807
43.000000000000036; 0.7680697618669081
43.10000000000004; 0.7690285489155126
43.20000000000004; 0.7699797531183844
43.30000000000004; 0.7709234453699626
43.400000000000034; 0.7718596958641748
43.500000000000036; 0.7727885741005616
43.60000000000004; 0.7737101488903962
43.70000000000004; 0.7746244883627882
43.80000000000004; 0.7755316599707689
43.90000000000004; 0.7764317304973634
44.000000000000036; 0.7773247660616477
44.10000000000004; 0.7782108321247788
44.20000000000004; 0.7790899934960066
44.30000000000004; 0.7799623143386663
44.40000000000004; 0.7808278581761434
44.500000000000036; 0.7816866878978128
44.60000000000004; 0.7825388657649553
44.70000000000004; 0.7833844534166445
44.80000000000004; 0.7842235118756042
44.90000000000004; 0.7850561015540384
45.00000000000004; 0.7858822822594299
45.10000000000004; 0.7867021132003085
45.20000000000004; 0.7875156529919848
45.30000000000004; 0.7883229596622551
45.40000000000004; 0.7891240906570685
45.50000000000004; 0.7899191028461607
45.60000000000004; 0.7907080525286562
45.70000000000004; 0.7914909954386316
45.80000000000004; 0.7922679867506401
45.90000000000004; 0.7930390810852086
46.00000000000004; 0.7938043325142856
46.10000000000004; 0.7945637945666618
46.20000000000004; 0.7953175202333465
46.30000000000004; 0.7960655619729093
46.40000000000004; 0.7968079717167786
46.50000000000004; 0.7975448008745047
46.60000000000004; 0.7982761003389829
46.70000000000004; 0.7990019204916363
46.80000000000004; 0.7997223112075585
46.90000000000004; 0.8004373218606158
47.00000000000004; 0.8011470013285099
47.100000000000044; 0.8018513979978018
47.20000000000004; 0.8025505597688896
47.30000000000004; 0.8032445340609532
47.40000000000004; 0.803933367816851
47.50000000000004; 0.8046171075079792
47.600000000000044; 0.805295799139092
47.70000000000004; 0.8059694882530745
47.80000000000004; 0.8066382199356823
47.90000000000004; 0.8073020388202344
48.00000000000004; 0.8079609890922679
48.100000000000044; 0.8086151144941478
48.200000000000045; 0.8092644583296426
48.30000000000004; 0.8099090634684531
48.40000000000004; 0.8105489723507032
48.50000000000004; 0.8111842269913873
48.600000000000044; 0.8118148689847803
48.700000000000045; 0.8124409395088057
48.80000000000004; 0.8130624793293633
48.90000000000004; 0.8136795288046151
49.00000000000004; 0.8142921278892324
49.100000000000044; 0.814900316138605
49.200000000000045; 0.8155041327130048
49.30000000000004; 0.8161036163817164
49.40000000000004; 0.8166988055271238
49.50000000000004; 0.8172897381487569
49.600000000000044; 0.8178764518673057
49.700000000000045; 0.8184589839285846
49.80000000000004; 0.8190373712074686
49.90000000000004; 0.8196116502117856
50.00000000000004; 0.8201818570861682
50.100000000000044; 0.8207482276664707
50.200000000000045; 0.8213105968531212
50.30000000000005; 0.8218689974623546
50.40000000000004; 0.8224234641757134
50.50000000000004; 0.8229740313332483
50.600000000000044; 0.8235207329370615
50.700000000000045; 0.824063602654815
50.80000000000005; 0.8246026738232062
50.90000000000004; 0.8251379794514085
51.00000000000004; 0.8256695522244782
51.100000000000044; 0.8261974245067265
51.200000000000045; 0.8267216283450594
51.30000000000005; 0.8272421954722822
51.40000000000005; 0.8277591573103753
51.50000000000004; 0.8282725449737293
51.600000000000044; 0.8287823892723561
51.700000000000045; 0.829288720715062
51.80000000000005; 0.8297915695125891
51.90000000000005; 0.8302909655807288
52.00000000000004; 0.8307869385433962
52.100000000000044; 0.8312795177356812
52.200000000000045; 0.8317687322068624
52.30000000000005; 0.8322546107233931
52.40000000000005; 0.8327371817718549
52.50000000000004; 0.8332164735618826
52.600000000000044; 0.8336925140290563
52.700000000000045; 0.8341653308377656
52.80000000000005; 0.834634951384044
52.90000000000005; 0.8351014027983725
53.00000000000004; 0.8355647119484548
53.100000000000044; 0.8360249054419633
53.200000000000045; 0.8364820096292568
53.30000000000005; 0.8369360506060691
53.40000000000005; 0.8373870542161693
53.50000000000005; 0.8378350460539945
53.600000000000044; 0.8382800514672563
53.700000000000045; 0.8387220955595148
53.80000000000005; 0.8391612031927318
53.90000000000005; 0.8395973989897925
54.00000000000005; 0.8400307073370025
54.100000000000044; 0.8404611523865568
54.200000000000045; 0.8408887580589848
54.30000000000005; 0.841313548045567
54.40000000000005; 0.8417355458107266
54.50000000000005; 0.8421547745943979
54.60000000000005; 0.8425712574143639
54.700000000000045; 0.8429850170685761
54.80000000000005; 0.8433960761374436
54.90000000000005; 0.8438044569861001
55.00000000000005; 0.8442101817666481
55.10000000000005; 0.8446132724203745
55.200000000000045; 0.8450137506799476
55.30000000000005; 0.8454116380715869
55.40000000000005; 0.8458069559172107
55.50000000000005; 0.8461997253365613
55.60000000000005; 0.8465899672493065
55.700000000000045; 0.8469777023771182
55.80000000000005; 0.8473629512457287
55.90000000000005; 0.8477457341869662
56.00000000000005; 0.8481260713407652
56.10000000000005; 0.8485039826571601
56.200000000000045; 0.8488794878982504
56.30000000000005; 0.8492526066401522
56.40000000000005; 0.8496233582749223
56.50000000000005; 0.8499917620124652
56.60000000000005; 0.8503578368824175
56.70000000000005; 0.8507216017360139
56.80000000000005; 0.8510830752479305
56.90000000000005; 0.8514422759181088
57.00000000000005; 0.851799222073562
57.10000000000005; 0.8521539318701592
57.20000000000005; 0.8525064232943903
57.30000000000005; 0.852856714165114
57.40000000000005; 0.8532048221352849
57.50000000000005; 0.8535507646936602
57.60000000000005; 0.8538945591664932
57.70000000000005; 0.8542362227192024
57.800000000000054; 0.8545757723580264
57.90000000000005; 0.8549132249316593
58.00000000000005; 0.8552485971328675
58.10000000000005; 0.8555819055000918
58.20000000000005; 0.8559131664190283
58.300000000000054; 0.8562423961241944
58.40000000000005; 0.8565696107004783
58.50000000000005; 0.8568948260846698
58.60000000000005; 0.8572180580669744
58.70000000000005; 0.8575393222925143
58.800000000000054; 0.8578586342628075
58.90000000000005; 0.8581760093372364
59.00000000000005; 0.8584914627344956
59.10000000000005; 0.8588050095340285
59.20000000000005; 0.8591166646774441
59.300000000000054; 0.8594264429699211
59.40000000000005; 0.8597343590815958
59.50000000000005; 0.8600404275489343
59.60000000000005; 0.8603446627760916
59.70000000000005; 0.8606470790362535
59.800000000000054; 0.8609476904729657
59.900000000000055; 0.8612465111014488
60.00000000000005; 0.8615435548098956
60.10000000000005; 0.8618387815319898
60.20000000000005; 0.8621322593010129
60.300000000000054; 0.8624240016181206
60.400000000000055; 0.8627140218569621
60.50000000000005; 0.8630023332700832
60.60000000000005; 0.8632889489901566
60.70000000000005; 0.8635738820312004
60.800000000000054; 0.863857145289782
60.900000000000055; 0.8641387515462089
61.00000000000006; 0.8644187134657076
61.10000000000005; 0.8646970435995879
61.20000000000005; 0.8649737543863955
61.300000000000054; 0.865248858153052
61.400000000000055; 0.8655223671159812
61.50000000000006; 0.8657942933822254
61.60000000000005; 0.8660646489505467
61.70000000000005; 0.8663334457125178
61.800000000000054; 0.8666006954536009
61.900000000000055; 0.8668664098542154
62.00000000000006; 0.8671306004907906
62.10000000000005; 0.8673932788368122
62.20000000000005; 0.8676544562638526
62.300000000000054; 0.8679141440425924
62.400000000000055; 0.868172353343831
62.50000000000006; 0.8684290952394838
62.60000000000005; 0.8686843807035717
62.70000000000005; 0.8689382206131977
62.800000000000054; 0.8691906257495128
62.900000000000055; 0.8694416067986735
63.00000000000006; 0.8696911743527858
63.10000000000006; 0.8699393389108416
63.20000000000005; 0.8701861108796436
63.300000000000054; 0.87043150057472
63.400000000000055; 0.8706755182212305
63.50000000000006; 0.8709181739548616
63.60000000000006; 0.8711594778227112
63.70000000000005; 0.8713994397841661
63.800000000000054; 0.8716380697117683
63.900000000000055; 0.8718753773920709
64.00000000000006; 0.8721113725264882
64.10000000000005; 0.8723460647321332
64.20000000000006; 0.8725794635426471
64.30000000000005; 0.8728115784090215
64.40000000000006; 0.8730424187004091
64.50000000000006; 0.873271993704927
64.60000000000005; 0.8735003126304521
64.70000000000006; 0.8737273846054064
64.80000000000005; 0.8739532186795343
64.90000000000006; 0.8741778238246735
65.00000000000006; 0.8744012089355128
65.10000000000005; 0.8746233828303486
65.20000000000006; 0.8748443542518268
65.30000000000005; 0.8750641318676805
65.40000000000006; 0.8752827242714594
65.50000000000006; 0.8755001399832493
65.60000000000005; 0.8757163874503872
65.70000000000006; 0.8759314750481662
65.80000000000005; 0.8761454110805331
65.90000000000006; 0.8763582037807799
66.00000000000006; 0.8765698613122271
66.10000000000005; 0.8767803917688993
66.20000000000006; 0.8769898031761946
66.30000000000005; 0.8771981034915458
66.40000000000006; 0.8774053006050758
66.50000000000006; 0.8776114023402446
66.60000000000005; 0.8778164164544905
66.70000000000006; 0.8780203506398649
66.80000000000005; 0.8782232125236584
66.90000000000006; 0.8784250096690227
67.00000000000006; 0.878625749575583
67.10000000000007; 0.8788254396800488
67.20000000000006; 0.8790240873568111
67.30000000000005; 0.8792216999185414
67.40000000000006; 0.8794182846167764
67.50000000000006; 0.879613848642504
67.60000000000007; 0.8798083991267368
67.70000000000006; 0.8800019431410837
67.80000000000005; 0.8801944876983138
67.90000000000006; 0.8803860397529151
68.00000000000006; 0.8805766062016459
68.10000000000007; 0.8807661938840826
68.20000000000006; 0.88095480958316
68.30000000000005; 0.881142460025706
68.40000000000006; 0.8813291518829725
68.50000000000006; 0.8815148917711585
68.60000000000007; 0.8816996862519293
68.70000000000006; 0.8818835418329294
68.80000000000005; 0.88206646496829
68.90000000000006; 0.8822484620591325
69.00000000000006; 0.8824295394540651
69.10000000000007; 0.8826097034496749
69.20000000000006; 0.8827889602910156
69.30000000000005; 0.882967316172089
69.40000000000006; 0.8831447772363216
69.50000000000006; 0.8833213495770373
69.60000000000007; 0.8834970392379247
69.70000000000006; 0.8836718522134985
69.80000000000007; 0.8838457944495579
69.90000000000006; 0.8840188718436386
70.00000000000006; 0.8841910902454618
70.10000000000007; 0.8843624554573769
70.20000000000006; 0.8845329732348011
70.30000000000007; 0.8847026492866533
70.40000000000006; 0.8848714892757842
70.50000000000006; 0.8850394988194017
70.60000000000007; 0.8852066834894924
70.70000000000006; 0.8853730488132385
70.80000000000007; 0.8855386002734293
70.90000000000006; 0.885703343308871
71.00000000000006; 0.8858672833147896
71.10000000000007; 0.8860304256432318
71.20000000000006; 0.8861927756034605
71.30000000000007; 0.8863543384623468
71.40000000000006; 0.8865151194447575
71.50000000000006; 0.8866751237339398
71.60000000000007; 0.8868343564719005
71.70000000000006; 0.8869928227597832
71.80000000000007; 0.8871505276582395
71.90000000000006; 0.8873074761877983
72.00000000000006; 0.8874636733292299
72.10000000000007; 0.8876191240239084
72.20000000000006; 0.8877738331741679
72.30000000000007; 0.8879278056436571
72.40000000000006; 0.8880810462576887
72.50000000000006; 0.8882335598035878
72.60000000000007; 0.8883853510310329
72.70000000000006; 0.8885364246523978
72.80000000000007; 0.8886867853430866
72.90000000000006; 0.8888364377418673
73.00000000000006; 0.8889853864512008
73.10000000000007; 0.8891336360375681
73.20000000000006; 0.8892811910317928
73.30000000000007; 0.8894280559293607
73.40000000000006; 0.8895742351907371
73.50000000000007; 0.8897197332416797
73.60000000000007; 0.8898645544735487
73.70000000000006; 0.8900087032436148
73.80000000000007; 0.8901521838753625
73.90000000000006; 0.8902950006587919
74.00000000000007; 0.8904371578507162
74.10000000000007; 0.8905786596750571
74.20000000000006; 0.8907195103231371
74.30000000000007; 0.8908597139539689
74.40000000000006; 0.8909992746945415
74.50000000000007; 0.8911381966401037
74.60000000000007; 0.8912764838544457
74.70000000000006; 0.8914141403701761
74.80000000000007; 0.8915511701889977
74.90000000000006; 0.8916875772819796
75.00000000000007; 0.8918233655898282
75.10000000000007; 0.8919585390231529
75.20000000000006; 0.8920931014627317
75.30000000000007; 0.8922270567597723
75.40000000000006; 0.8923604087361725
75.50000000000007; 0.8924931611847764
75.60000000000007; 0.8926253178696287
75.70000000000006; 0.8927568825262265
75.80000000000007; 0.8928878588617692
75.90000000000006; 0.8930182505554046
76.00000000000007; 0.8931480612584742
76.10000000000007; 0.8932772945947545
76.20000000000007; 0.8934059541606976
76.30000000000007; 0.8935340435256677
76.40000000000006; 0.8936615662321774
76.50000000000007; 0.8937885257961193
76.60000000000007; 0.893914925706997
76.70000000000007; 0.894040769428154
76.80000000000007; 0.8941660603969988
76.90000000000006; 0.8942908020252295
77.00000000000007; 0.8944149976990556
77.10000000000007; 0.8945386507794166
77.20000000000007; 0.8946617646022009
77.30000000000007; 0.8947843424784606
77.40000000000006; 0.8949063876946238
77.50000000000007; 0.8950279035127078
77.60000000000007; 0.8951488931705264
77.70000000000007; 0.8952693598818986
77.80000000000007; 0.8953893068368526
77.90000000000006; 0.89550873720183
78.00000000000007; 0.8956276541198864
78.10000000000007; 0.8957460607108912
78.20000000000007; 0.895863960071725
78.30000000000007; 0.8959813552764745
78.40000000000006; 0.8960982493766274
78.50000000000007; 0.8962146454012634
78.60000000000007; 0.8963305463572442
78.70000000000007; 0.8964459552294018
78.80000000000007; 0.896560874980726
78.90000000000006; 0.8966753085525467
79.00000000000007; 0.8967892588647193
79.10000000000007; 0.8969027288158041
79.20000000000007; 0.8970157212832466
79.30000000000007; 0.897128239123555
79.40000000000006; 0.8972402851724761
79.50000000000007; 0.8973518622451702
79.60000000000007; 0.8974629731363829
79.70000000000007; 0.8975736206206177
79.80000000000007; 0.897683807452304
79.90000000000008; 0.8977935363659656
80.00000000000007; 0.8979028100763874
80.10000000000007; 0.8980116611227443
80.20000000000007; 0.8981200625642151
80.30000000000007; 0.8982280166253249
80.40000000000008; 0.8983355259512201
80.50000000000007; 0.8984425931680939
80.60000000000007; 0.8985492208833427
80.70000000000007; 0.8986554116857222
80.80000000000007; 0.8987611681455001
80.90000000000008; 0.8988664928146091
81.00000000000007; 0.8989713882267973
81.10000000000007; 0.8990758568977778
81.20000000000007; 0.899179901325377
81.30000000000007; 0.8992835239896808
81.40000000000008; 0.8993867273531806
81.50000000000007; 0.8994895138609175
81.60000000000007; 0.8995918859406239
81.70000000000007; 0.8996938460028661
81.80000000000007; 0.8997953964411832
81.90000000000008; 0.899896539632228
82.00000000000007; 0.8999972779359019
82.10000000000007; 0.900097613695493
82.20000000000007; 0.900197549237811
82.30000000000007; 0.90029708687332
82.40000000000008; 0.9003962288962722
82.50000000000007; 0.9004949775848389
82.60000000000008; 0.9005933352012403
82.70000000000007; 0.9006913039918752
82.80000000000007; 0.9007888861874485
82.90000000000008; 0.9008860840030972
83.00000000000007; 0.9009828996385175
83.10000000000008; 0.9010793352780878
83.20000000000007; 0.9011753930909924
83.30000000000007; 0.901271075231344
83.40000000000008; 0.9013663838383038
83.50000000000007; 0.9014613210362025
83.60000000000008; 0.9015558889346588
83.70000000000007; 0.9016500896286971
83.80000000000007; 0.9017439251988638
83.90000000000008; 0.9018373977113439
84.00000000000007; 0.9019305092180749
84.10000000000008; 0.9020232617568611
84.20000000000007; 0.902115657351485
84.30000000000007; 0.9022076980118208
84.40000000000008; 0.9022993857339425
84.50000000000007; 0.9023907225002359
84.60000000000008; 0.9024817102795059
84.70000000000007; 0.902572351027084
84.80000000000007; 0.9026626466849358
84.90000000000008; 0.9027525991817663
85.00000000000007; 0.9028422104331244
85.10000000000008; 0.9029314823415076
85.20000000000007; 0.9030204167964638
85.30000000000007; 0.9031090156746945
85.40000000000008; 0.9031972808401549
85.50000000000007; 0.9032852141441546
85.60000000000008; 0.9033728174254577
85.70000000000007; 0.9034600925103794
85.80000000000007; 0.9035470412128851
85.90000000000008; 0.9036336653346867
86.00000000000007; 0.9037199666653385
86.10000000000008; 0.9038059469823319
86.20000000000007; 0.9038916080511902
86.30000000000008; 0.9039769516255612
86.40000000000008; 0.9040619794473107
86.50000000000007; 0.9041466932466131
86.60000000000008; 0.9042310947420432
86.70000000000007; 0.9043151856406662
86.80000000000008; 0.9043989676381263
86.90000000000008; 0.9044824424187363
87.00000000000007; 0.9045656116555648
87.10000000000008; 0.904648477010523
87.20000000000007; 0.9047310401344517
87.30000000000008; 0.904813302667206
87.40000000000008; 0.9048952662377407
87.50000000000007; 0.9049769324641938
87.60000000000008; 0.9050583029539702
87.70000000000007; 0.9051393793038236
87.80000000000008; 0.9052201630999396
87.90000000000008; 0.9053006559180156
88.00000000000007; 0.9053808593233417
88.10000000000008; 0.9054607748708807
88.20000000000007; 0.9055404041053468
88.30000000000008; 0.9056197485612838
88.40000000000008; 0.9056988097631435
88.50000000000007; 0.9057775892253621
88.60000000000008; 0.9058560884524368
88.70000000000007; 0.9059343089390012
88.80000000000008; 0.9060122521699011
88.90000000000008; 0.9060899196202679
89.00000000000009; 0.9061673127555931
89.10000000000008; 0.9062444330318014
89.20000000000007; 0.9063212818953228
89.30000000000008; 0.9063978607831648
89.40000000000008; 0.9064741711229833
89.50000000000009; 0.9065502143331544
89.60000000000008; 0.9066259918228426
89.70000000000007; 0.906701504992072
89.80000000000008; 0.9067767552317944
89.90000000000008; 0.9068517439239568
90.00000000000009; 0.9069264724415717
90.10000000000008; 0.9070009421487805
90.20000000000007; 0.9070751544009238
90.30000000000008; 0.9071491105446043
90.40000000000008; 0.9072228119177546
90.50000000000009; 0.9072962598497004
90.60000000000008; 0.907369455661226
90.70000000000007; 0.9074424006646373
90.80000000000008; 0.9075150961638258
90.90000000000008; 0.9075875434543301
91.00000000000009; 0.9076597438234
91.10000000000008; 0.907731698550056
91.20000000000007; 0.9078034089051523
91.30000000000008; 0.9078748761514365
91.40000000000008; 0.9079461015436093
91.50000000000009; 0.9080170863283855
91.60000000000008; 0.9080878317445519
91.70000000000007; 0.9081583390230266
91.80000000000008; 0.9082286093869166
91.90000000000008; 0.9082986440515761
92.00000000000009; 0.9083684442246633
92.10000000000008; 0.9084380111061969
92.20000000000007; 0.908507345888613
92.30000000000008; 0.9085764497568198
92.40000000000008; 0.9086453238882541
92.50000000000009; 0.9087139694529355
92.60000000000008; 0.9087823876135205
92.70000000000009; 0.9088505795253569
92.80000000000008; 0.9089185463365372
92.90000000000008; 0.9089862891879518
93.00000000000009; 0.9090538092133409
93.10000000000008; 0.9091211075393476
93.20000000000009; 0.9091881852855689
93.30000000000008; 0.9092550435646075
93.40000000000008; 0.9093216834821223
93.50000000000009; 0.9093881061368791
93.60000000000008; 0.9094543126208009
93.70000000000009; 0.9095203040190166
93.80000000000008; 0.9095860814099117
93.90000000000008; 0.9096516458651753
94.00000000000009; 0.9097169984498505
94.10000000000008; 0.909782140222381
94.20000000000009; 0.9098470722346593
94.30000000000008; 0.9099117955320737
94.40000000000008; 0.9099763111535553
94.50000000000009; 0.910040620131625
94.60000000000008; 0.9101047234924385
94.70000000000009; 0.9101686222558331
94.80000000000008; 0.9102323174353721
94.90000000000008; 0.910295810038391
95.00000000000009; 0.9103591010660403
95.10000000000008; 0.9104221915133323
95.20000000000009; 0.9104850823691821
95.30000000000008; 0.9105477746164538
95.40000000000009; 0.9106102692320018
95.50000000000009; 0.9106725671867144
95.60000000000008; 0.9107346694455567
95.70000000000009; 0.9107965769676117
95.80000000000008; 0.9108582907061233
95.90000000000009; 0.910919811608537
96.00000000000009; 0.9109811406165407
96.10000000000008; 0.9110422786661067
96.20000000000009; 0.9111032266875315
96.30000000000008; 0.9111639856054758
96.40000000000009; 0.9112245563390046
96.50000000000009; 0.9112849398016267
96.60000000000008; 0.9113451369013336
96.70000000000009; 0.9114051485406391
96.80000000000008; 0.9114649756166174
96.90000000000009; 0.9115246190209411
97.00000000000009; 0.9115840796399195
97.10000000000008; 0.9116433583545364
97.20000000000009; 0.9117024560404874
97.30000000000008; 0.9117613735682165
97.40000000000009; 0.911820111802954
97.50000000000009; 0.9118786716047512
97.60000000000008; 0.9119370538285184
97.70000000000009; 0.9119952593240597
97.80000000000008; 0.9120532889361092
97.90000000000009; 0.9121111435043655
98.00000000000009; 0.912168823863528
98.10000000000008; 0.9122263308433309
98.20000000000009; 0.9122836652685774
98.30000000000008; 0.9123408279591748
98.40000000000009; 0.912397819730168
98.50000000000009; 0.912454641391773
98.60000000000008; 0.9125112937494106
98.70000000000009; 0.9125677776037401
98.80000000000008; 0.9126240937506906
98.90000000000009; 0.9126802429814957
99.00000000000009; 0.9127362260827244
99.1000000000001; 0.9127920438363138
99.20000000000009; 0.9128476970196011
99.30000000000008; 0.9129031864053551
99.40000000000009; 0.9129585127618071
99.50000000000009; 0.9130136768526831
99.6000000000001; 0.9130686794372339
99.70000000000009; 0.9131235212702661
99.80000000000008; 0.9131782031021723
99.90000000000009; 0.9132327256789616
100.00000000000009; 0.9132870893405016
100.1000000000001; 0.9133412798908771
100.20000000000009; 0.913395313478285
100.30000000000008; 0.9134491908305091
100.40000000000009; 0.9135029126711048
100.50000000000009; 0.9135564797194277
100.6000000000001; 0.9136098926906608
100.70000000000009; 0.913663152295845
100.80000000000008; 0.9137162592419059
100.90000000000009; 0.9137692142316817
101.00000000000009; 0.9138220179639512
101.1000000000001; 0.9138746711334613
101.20000000000009; 0.913927174430954
101.30000000000008; 0.9139795285431935
101.40000000000009; 0.9140317341529932
101.50000000000009; 0.9140837919392423
101.6000000000001; 0.914135702576932
101.70000000000009; 0.9141874667371818
101.8000000000001; 0.9142390850872656
101.90000000000009; 0.9142905582906378
102.00000000000009; 0.9143418870069582
102.1000000000001; 0.9143930718921183
102.20000000000009; 0.9144441135982657
102.3000000000001; 0.9144950127738299
102.40000000000009; 0.9145457700635465
102.50000000000009; 0.9145963861084824
102.6000000000001; 0.9146468615460597
102.70000000000009; 0.9146971970100807
102.8000000000001; 0.9147473931307516
102.90000000000009; 0.9147974505347061
103.00000000000009; 0.9148473698450301
103.1000000000001; 0.914897151681284
103.20000000000009; 0.9149467966595275
103.3000000000001; 0.9149963053923414
103.40000000000009; 0.9150456784888518
103.50000000000009; 0.9150949165547521
103.6000000000001; 0.9151440201923265
103.70000000000009; 0.9151929900004717
103.8000000000001; 0.9152418265747199
103.90000000000009; 0.9152905305072603
104.00000000000009; 0.9153391023869621
104.1000000000001; 0.9153875427993955
104.20000000000009; 0.9154358523268536
104.3000000000001; 0.9154840315483743
104.40000000000009; 0.9155320810397609
104.50000000000009; 0.9155800013736044
104.6000000000001; 0.9156277931193033
104.70000000000009; 0.9156754568430857
104.8000000000001; 0.9157229931080287
104.90000000000009; 0.9157704024740807
105.00000000000009; 0.9158176854980801
105.1000000000001; 0.9158648427337766
105.20000000000009; 0.915911874731851
105.3000000000001; 0.9159587820399353
105.40000000000009; 0.9160055652026325
105.5000000000001; 0.9160522247615364
105.6000000000001; 0.9160987612552505
105.70000000000009; 0.9161451752194084
105.8000000000001; 0.9161914671866922
105.90000000000009; 0.9162376376868522
106.0000000000001; 0.9162836872467252
106.1000000000001; 0.9163296163902542
106.20000000000009; 0.9163754256385066
106.3000000000001; 0.9164211155096922
106.40000000000009; 0.9164666865191828
106.5000000000001; 0.9165121391795297
106.6000000000001; 0.9165574740004818
106.70000000000009; 0.9166026914890041
106.8000000000001; 0.916647792149295
106.90000000000009; 0.9166927764828048
107.0000000000001; 0.9167376449882525
107.1000000000001; 0.9167823981616438
107.20000000000009; 0.9168270364962884
107.3000000000001; 0.9168715604828169
107.40000000000009; 0.9169159706091987
107.5000000000001; 0.9169602673607579
107.6000000000001; 0.9170044512201911
107.70000000000009; 0.9170485226675836
107.8000000000001; 0.9170924821804264
107.90000000000009; 0.9171363302336323
108.0000000000001; 0.9171800672995526
108.1000000000001; 0.9172236938479931
108.2000000000001; 0.9172672103462306
108.3000000000001; 0.9173106172590285
108.40000000000009; 0.9173539150486532
108.5000000000001; 0.9173971041748892
108.6000000000001; 0.9174401850950558
108.7000000000001; 0.9174831582640213
108.8000000000001; 0.91752602413422
108.90000000000009; 0.9175687831556665
109.0000000000001; 0.9176114357759709
109.1000000000001; 0.9176539824403548
109.2000000000001; 0.9176964235916655
109.3000000000001; 0.917738759670391
109.40000000000009; 0.9177809911146751
109.5000000000001; 0.9178231183603324
109.6000000000001; 0.9178651418408619
109.7000000000001; 0.9179070619874623
109.8000000000001; 0.9179488792290463
109.90000000000009; 0.9179905939922545
110.0000000000001; 0.9180322067014699
110.1000000000001; 0.9180737177788321
110.2000000000001; 0.9181151276442506
110.3000000000001; 0.9181564367154198
110.40000000000009; 0.9181976454078316
110.5000000000001; 0.9182387541347898
110.6000000000001; 0.9182797633074241
110.7000000000001; 0.9183206733347019
110.8000000000001; 0.9183614846234439
110.90000000000009; 0.9184021975783355
111.0000000000001; 0.9184428126019413
111.1000000000001; 0.9184833300947176
111.2000000000001; 0.9185237504550257
111.3000000000001; 0.9185640740791444
111.40000000000009; 0.9186043013612833
111.5000000000001; 0.9186444326935956
111.6000000000001; 0.9186844684661901
111.7000000000001; 0.9187244090671446
111.8000000000001; 0.9187642548825178
111.9000000000001; 0.9188040062963618
112.0000000000001; 0.9188436636907349
112.1000000000001; 0.9188832274457132
112.2000000000001; 0.9189226979394026
112.3000000000001; 0.9189620755479518
112.4000000000001; 0.9190013606455636
112.5000000000001; 0.9190405536045064
112.6000000000001; 0.9190796547951269
112.7000000000001; 0.9191186645858613
112.8000000000001; 0.919157583343247
112.9000000000001; 0.9191964114319343
113.0000000000001; 0.9192351492146975
113.1000000000001; 0.9192737970524466
113.2000000000001; 0.919312355304239
113.3000000000001; 0.9193508243272899
113.4000000000001; 0.9193892044769838
113.5000000000001; 0.9194274961068862
113.6000000000001; 0.9194656995687536
113.7000000000001; 0.919503815212545
113.8000000000001; 0.9195418433864327
113.9000000000001; 0.9195797844368131
114.0000000000001; 0.9196176387083175
114.1000000000001; 0.9196554065438222
114.2000000000001; 0.9196930882844596
114.3000000000001; 0.9197306842696289
114.4000000000001; 0.9197681948370054
114.5000000000001; 0.9198056203225525
114.60000000000011; 0.9198429610605305
114.7000000000001; 0.9198802173835073
114.8000000000001; 0.919917389622369
114.9000000000001; 0.9199544781063295
115.0000000000001; 0.9199914831629403
115.10000000000011; 0.9200284051181009
115.2000000000001; 0.9200652442960684
115.3000000000001; 0.9201020010194674
115.4000000000001; 0.9201386756092997
115.5000000000001; 0.9201752683849539
115.60000000000011; 0.920211779664215
115.7000000000001; 0.9202482097632739
115.8000000000001; 0.9202845589967372
115.9000000000001; 0.9203208276776361
116.0000000000001; 0.9203570161174359
116.10000000000011; 0.9203931246260455
116.2000000000001; 0.9204291535118265
116.3000000000001; 0.920465103081602
116.4000000000001; 0.9205009736406662
116.5000000000001; 0.9205367654927932
116.60000000000011; 0.9205724789402461
116.7000000000001; 0.9206081142837853
116.8000000000001; 0.9206436718226784
116.9000000000001; 0.9206791518547079
117.0000000000001; 0.920714554676181
117.10000000000011; 0.920749880581937
117.2000000000001; 0.920785129865357
117.3000000000001; 0.9208203028183721
117.4000000000001; 0.9208553997314719
117.5000000000001; 0.9208904208937126
117.60000000000011; 0.9209253665927257
117.7000000000001; 0.9209602371147266
117.8000000000001; 0.9209950327445222
117.9000000000001; 0.9210297537655195
118.0000000000001; 0.9210644004597343
118.10000000000011; 0.9210989731077978
118.2000000000001; 0.9211334719889663
118.30000000000011; 0.9211678973811283
118.4000000000001; 0.9212022495608123
118.5000000000001; 0.9212365288031955
118.60000000000011; 0.921270735382111
118.7000000000001; 0.9213048695700556
118.80000000000011; 0.9213389316381976
118.9000000000001; 0.9213729218563849
119.0000000000001; 0.9214068404931521
119.10000000000011; 0.9214406878157282
119.2000000000001; 0.9214744640900443
119.30000000000011; 0.921508169580741
119.4000000000001; 0.9215418045511758
119.5000000000001; 0.9215753692634305
119.60000000000011; 0.9216088639783186
119.7000000000001; 0.9216422889553925
119.80000000000011; 0.9216756444529506
119.9000000000001; 0.9217089307280449
120.0000000000001; 0.9217421480364879
120.10000000000011; 0.9217752966328595
120.2000000000001; 0.9218083767705145
120.30000000000011; 0.9218413887015894
120.4000000000001; 0.9218743326770087
120.5000000000001; 0.9219072089464933
120.60000000000011; 0.921940017758566
120.7000000000001; 0.9219727593605589
120.80000000000011; 0.9220054339986203
120.9000000000001; 0.922038041917721
121.00000000000011; 0.9220705833616615
121.10000000000011; 0.9221030585730778
121.2000000000001; 0.9221354677934495
121.30000000000011; 0.9221678112631047
121.4000000000001; 0.9222000892212275
121.50000000000011; 0.9222323019058644
121.60000000000011; 0.9222644495539305
121.7000000000001; 0.9222965324012158
121.80000000000011; 0.922328550682392
121.9000000000001; 0.9223605046310183
122.00000000000011; 0.922392394479548
122.10000000000011; 0.9224242204593348
122.2000000000001; 0.9224559828006387
122.30000000000011; 0.9224876817326321
122.4000000000001; 0.9225193174834063
122.50000000000011; 0.9225508902799775
122.60000000000011; 0.9225824003482923
122.7000000000001; 0.9226138479132343
122.80000000000011; 0.92264523319863
122.9000000000001; 0.9226765564272542
123.00000000000011; 0.9227078178208367
123.10000000000011; 0.922739017600067
123.2000000000001; 0.9227701559846015
123.30000000000011; 0.9228012331930682
123.4000000000001; 0.9228322494430726
123.50000000000011; 0.922863204951204
123.60000000000011; 0.9228940999330403
123.7000000000001; 0.9229249346031544
123.80000000000011; 0.9229557091751192
123.9000000000001; 0.9229864238615134
124.00000000000011; 0.9230170788739271
124.10000000000011; 0.9230476744229671
124.2000000000001; 0.9230782107182625
124.30000000000011; 0.9231086879684697
124.4000000000001; 0.9231391063812787
124.50000000000011; 0.9231694661634172
124.60000000000011; 0.923199767520657
124.70000000000012; 0.9232300106578187
124.80000000000011; 0.9232601957787772
124.9000000000001; 0.9232903230864661
125.00000000000011; 0.9233203927828844
125.10000000000011; 0.9233504050691004
125.20000000000012; 0.9233803601452573
125.30000000000011; 0.923410258210578
125.4000000000001; 0.9234400994633705
125.50000000000011; 0.9234698841010325
125.60000000000011; 0.9234996123200571
125.70000000000012; 0.9235292843160366
125.80000000000011; 0.9235589002836688
125.9000000000001; 0.9235884604167607
126.00000000000011; 0.9236179649082338
126.10000000000011; 0.9236474139501292
126.20000000000012; 0.923676807733612
126.30000000000011; 0.9237061464489766
126.4000000000001; 0.9237354302856505
126.50000000000011; 0.9237646594322
126.60000000000011; 0.9237938340763341
126.70000000000012; 0.9238229544049099
126.80000000000011; 0.9238520206039366
126.9000000000001; 0.9238810328585803
127.00000000000011; 0.9239099913531688
127.10000000000011; 0.9239388962711954
127.20000000000012; 0.9239677477953246
127.30000000000011; 0.9239965461073957
127.40000000000012; 0.924025291388427
127.50000000000011; 0.9240539838186212
127.60000000000011; 0.9240826235773691
127.70000000000012; 0.9241112108432543
127.80000000000011; 0.9241397457940569
127.90000000000012; 0.924168228606759
128.0000000000001; 0.9241966594575477
128.1000000000001; 0.9242250385218204
128.2000000000001; 0.9242533659741882
128.30000000000013; 0.9242816419884807
128.40000000000012; 0.9243098667377503
128.5000000000001; 0.9243380403942756
128.6000000000001; 0.924366163129566
128.7000000000001; 0.9243942351143659
128.80000000000013; 0.9244222565186591
128.90000000000012; 0.9244502275116714
129.0000000000001; 0.9244781482618768
129.1000000000001; 0.9245060189369996
129.2000000000001; 0.9245338397040196
129.30000000000013; 0.9245616107291752
129.40000000000012; 0.9245893321779682
129.5000000000001; 0.9246170042151669
129.6000000000001; 0.9246446270048105
129.7000000000001; 0.924672200710213
129.80000000000013; 0.9246997254939665
129.90000000000012; 0.9247272015179455
130.0000000000001; 0.9247546289433106
130.1000000000001; 0.9247820079305126
130.2000000000001; 0.924809338639295
130.30000000000013; 0.9248366212286995
130.40000000000012; 0.9248638558570682
130.5000000000001; 0.9248910426820482
130.6000000000001; 0.924918181860595
130.7000000000001; 0.924945273548976
130.80000000000013; 0.924972317902774
130.90000000000012; 0.9249993150768914
131.0000000000001; 0.9250262652255528
131.1000000000001; 0.9250531685023096
131.2000000000001; 0.9250800250600428
131.30000000000013; 0.9251068350509671
131.40000000000012; 0.9251335986266335
131.5000000000001; 0.9251603159379336
131.6000000000001; 0.9251869871351027
131.7000000000001; 0.9252136123677233
131.80000000000013; 0.9252401917847283
131.90000000000012; 0.9252667255344047
132.0000000000001; 0.9252932137643969
132.1000000000001; 0.9253196566217096
132.2000000000001; 0.9253460542527118
132.30000000000013; 0.9253724068031397
132.40000000000012; 0.9253987144181
132.5000000000001; 0.9254249772420732
132.6000000000001; 0.9254511954189168
132.70000000000013; 0.925477369091869
132.80000000000013; 0.9255034984035508
132.90000000000012; 0.9255295834959705
133.0000000000001; 0.9255556245105259
133.1000000000001; 0.9255816215880077
133.20000000000013; 0.9256075748686032
133.30000000000013; 0.9256334844918986
133.40000000000012; 0.9256593505968823
133.5000000000001; 0.9256851733219483
133.6000000000001; 0.925710952804899
133.70000000000013; 0.9257366891829484
133.80000000000013; 0.9257623825927247
133.90000000000012; 0.9257880331702739
134.0000000000001; 0.9258136410510625
134.1000000000001; 0.9258392063699802
134.20000000000013; 0.9258647292613434
134.30000000000013; 0.9258902098588977
134.40000000000012; 0.925915648295821
134.5000000000001; 0.9259410447047263
134.6000000000001; 0.9259663992176648
134.70000000000013; 0.9259917119661283
134.80000000000013; 0.9260169830810525
134.90000000000012; 0.9260422126928199
135.0000000000001; 0.9260674009312622
135.1000000000001; 0.926092547925663
135.20000000000013; 0.9261176538047614
135.30000000000013; 0.9261427186967539
135.40000000000012; 0.9261677427292976
135.5000000000001; 0.9261927260295127
135.6000000000001; 0.9262176687239855
135.70000000000013; 0.9262425709387708
135.80000000000013; 0.9262674327993947
135.90000000000012; 0.9262922544308575
136.0000000000001; 0.9263170359576358
136.1000000000001; 0.9263417775036857
136.20000000000013; 0.9263664791924452
136.30000000000013; 0.926391141146837
136.40000000000012; 0.9264157634892701
136.5000000000001; 0.9264403463416441
136.6000000000001; 0.9264648898253506
136.70000000000013; 0.9264893940612756
136.80000000000013; 0.926513859169803
136.90000000000012; 0.9265382852708158
137.0000000000001; 0.9265626724837003
137.1000000000001; 0.9265870209273469
137.20000000000013; 0.9266113307201534
137.30000000000013; 0.9266356019800277
137.40000000000012; 0.9266598348243896
137.5000000000001; 0.9266840293701738
137.6000000000001; 0.9267081857338318
137.70000000000013; 0.926732304031335
137.80000000000013; 0.926756384378176
137.90000000000012; 0.9267804268893723
138.0000000000001; 0.9268044316794677
138.1000000000001; 0.926828398862535
138.20000000000013; 0.9268523285521781
138.30000000000013; 0.9268762208615351
138.40000000000012; 0.9269000759032794
138.5000000000001; 0.9269238937896228
138.60000000000014; 0.926947674632318
138.70000000000013; 0.9269714185426599
138.80000000000013; 0.9269951256314887
138.90000000000012; 0.927018796009192
139.0000000000001; 0.9270424297857068
139.10000000000014; 0.9270660270705218
139.20000000000013; 0.9270895879726797
139.30000000000013; 0.9271131126007794
139.40000000000012; 0.927136601062978
139.5000000000001; 0.9271600534669933
139.60000000000014; 0.9271834699201051
139.70000000000013; 0.9272068505291591
139.80000000000013; 0.9272301954005668
139.90000000000012; 0.9272535046403096
140.0000000000001; 0.9272767783539397
140.10000000000014; 0.9273000166465825
140.20000000000013; 0.9273232196229386
140.30000000000013; 0.9273463873872866
140.40000000000012; 0.9273695200434839
140.5000000000001; 0.92739261769497
140.60000000000014; 0.9274156804447675
140.70000000000013; 0.9274387083954848
140.80000000000013; 0.9274617016493181
140.90000000000012; 0.9274846603080528
141.0000000000001; 0.9275075844730661
141.10000000000014; 0.927530474245329
141.20000000000013; 0.9275533297254076
141.30000000000013; 0.927576151013466
141.40000000000012; 0.9275989382092675
141.5000000000001; 0.927621691412177
141.60000000000014; 0.9276444107211623
141.70000000000013; 0.927667096234797
141.80000000000013; 0.9276897480512616
141.90000000000012; 0.9277123662683456
142.0000000000001; 0.9277349509834495
142.10000000000014; 0.9277575022935867
142.20000000000013; 0.9277800202953851
142.30000000000013; 0.9278025050850893
142.40000000000012; 0.9278249567585622
142.5000000000001; 0.927847375411287
142.60000000000014; 0.9278697611383686
142.70000000000013; 0.9278921140345362
142.80000000000013; 0.9279144341941445
142.90000000000012; 0.9279367217111755
143.0000000000001; 0.9279589766792403
143.10000000000014; 0.9279811991915815
143.20000000000013; 0.928003389341074
143.30000000000013; 0.9280255472202273
143.40000000000012; 0.9280476729211874
143.5000000000001; 0.928069766535738
143.60000000000014; 0.9280918281553028
143.70000000000013; 0.9281138578709466
143.80000000000013; 0.9281358557733774
143.90000000000012; 0.9281578219529484
144.0000000000001; 0.9281797564996589
144.10000000000014; 0.9282016595031566
144.20000000000013; 0.928223531052739
144.30000000000013; 0.9282453712373552
144.40000000000012; 0.9282671801456073
144.5000000000001; 0.9282889578657525
144.60000000000014; 0.9283107044857042
144.70000000000013; 0.928332420093034
144.80000000000013; 0.9283541047749732
144.90000000000012; 0.9283757586184143
145.0000000000001; 0.9283973817099127
145.10000000000014; 0.9284189741356885
145.20000000000013; 0.9284405359816276
145.30000000000013; 0.9284620673332836
145.40000000000012; 0.9284835682758794
145.50000000000014; 0.9285050388943085
145.60000000000014; 0.9285264792731368
145.70000000000013; 0.928547889496604
145.80000000000013; 0.9285692696486252
145.90000000000012; 0.9285906198127922
146.00000000000014; 0.9286119400723756
146.10000000000014; 0.9286332305103254
146.20000000000013; 0.9286544912092732
146.30000000000013; 0.9286757222515337
146.40000000000012; 0.9286969237191058
146.50000000000014; 0.928718095693674
146.60000000000014; 0.9287392382566105
146.70000000000013; 0.9287603514889761
146.80000000000013; 0.9287814354715216
146.90000000000012; 0.9288024902846898
147.00000000000014; 0.9288235160086162
147.10000000000014; 0.9288445127231312
147.20000000000013; 0.9288654805077607
147.30000000000013; 0.9288864194417286
147.40000000000012; 0.9289073296039565
147.50000000000014; 0.9289282110730672
147.60000000000014; 0.9289490639273842
147.70000000000013; 0.9289698882449345
147.80000000000013; 0.9289906841034489
147.90000000000012; 0.9290114515803641
148.00000000000014; 0.9290321907528237
148.10000000000014; 0.9290529016976797
148.20000000000013; 0.9290735844914937
148.30000000000013; 0.9290942392105385
148.40000000000012; 0.929114865930799
148.50000000000014; 0.9291354647279738
148.60000000000014; 0.9291560356774767
148.70000000000013; 0.9291765788544378
148.80000000000013; 0.9291970943337045
148.90000000000012; 0.9292175821898433
149.00000000000014; 0.9292380424971409
149.10000000000014; 0.9292584753296054
149.20000000000013; 0.9292788807609677
149.30000000000013; 0.9292992588646825
149.40000000000012; 0.9293196097139299
149.50000000000014; 0.9293399333816167
149.60000000000014; 0.9293602299403771
149.70000000000013; 0.9293804994625746
149.80000000000013; 0.9294007420203029
149.90000000000012; 0.9294209576853868
150.00000000000014; 0.9294411465293844
150.10000000000014; 0.9294613080873186
150.20000000000013; 0.929481442958116
150.30000000000013; 0.9295015512196201
150.40000000000012; 0.9295216329417268
150.50000000000014; 0.9295416881940755
150.60000000000014; 0.9295617170460493
150.70000000000013; 0.9295817195667778
150.80000000000013; 0.9296016958251366
150.90000000000012; 0.9296216458897495
151.00000000000014; 0.929641569828989
151.10000000000014; 0.9296614677109779
151.20000000000013; 0.9296813396035901
151.30000000000013; 0.9297011855744518
151.40000000000015; 0.9297210056909426
151.50000000000014; 0.9297408000201967
151.60000000000014; 0.9297605686291036
151.70000000000013; 0.9297803115843098
151.80000000000013; 0.9298000289522196
151.90000000000015; 0.9298197207989958
152.00000000000014; 0.9298393871905614
152.10000000000014; 0.9298590281926001
152.20000000000013; 0.9298786438705581
152.30000000000013; 0.9298982342896441
152.40000000000015; 0.9299177995148313
152.50000000000014; 0.929937339610858
152.60000000000014; 0.9299568546422288
152.70000000000013; 0.9299763446732151
152.80000000000013; 0.9299958097678573
152.90000000000015; 0.9300152499899645
153.00000000000014; 0.9300346654031164
153.10000000000014; 0.9300540560706637
153.20000000000013; 0.93007342205573
153.30000000000013; 0.9300927634212114
153.40000000000015; 0.9301120802297792
153.50000000000014; 0.9301313725438793
153.60000000000014; 0.9301506404257345
153.70000000000013; 0.9301698839373442
153.80000000000013; 0.9301891031404868
153.90000000000015; 0.9302082980967192
154.00000000000014; 0.9302274688673792
154.10000000000014; 0.930246615513585
154.20000000000013; 0.9302657380962374
154.30000000000013; 0.9302848366760204
154.40000000000015; 0.9303039113134013
154.50000000000014; 0.9303229620686332
154.60000000000014; 0.9303419890017545
154.70000000000013; 0.9303609921725904
154.80000000000013; 0.9303799716407544
154.90000000000015; 0.930398927465648
155.00000000000014; 0.9304178597064626
155.10000000000014; 0.9304367684221801
155.20000000000013; 0.930455653671574
155.30000000000013; 0.9304745155132095
155.40000000000015; 0.9304933540054456
155.50000000000014; 0.930512169206435
155.60000000000014; 0.9305309611741258
155.70000000000013; 0.9305497299662617
155.80000000000013; 0.9305684756403831
155.90000000000015; 0.9305871982538283
156.00000000000014; 0.9306058978637339
156.10000000000014; 0.930624574527036
156.20000000000013; 0.9306432283004709
156.30000000000013; 0.9306618592405759
156.40000000000015; 0.9306804674036905
156.50000000000014; 0.9306990528459567
156.60000000000014; 0.9307176156233206
156.70000000000013; 0.9307361557915323
156.80000000000013; 0.9307546734061476
156.90000000000015; 0.9307731685225284
157.00000000000014; 0.9307916411958436
157.10000000000014; 0.9308100914810696
157.20000000000013; 0.9308285194329922
157.30000000000013; 0.9308469251062058
157.40000000000015; 0.9308653085551158
157.50000000000014; 0.9308836698339386
157.60000000000014; 0.9309020089967017
157.70000000000013; 0.9309203260972465
157.80000000000013; 0.9309386211892272
157.90000000000015; 0.9309568943261123
158.00000000000014; 0.9309751455611855
158.10000000000014; 0.9309933749475466
158.20000000000013; 0.9310115825381118
158.30000000000015; 0.9310297683856147
158.40000000000015; 0.9310479325426073
158.50000000000014; 0.9310660750614603
158.60000000000014; 0.9310841959943646
158.70000000000013; 0.9311022953933313
158.80000000000015; 0.9311203733101927
158.90000000000015; 0.9311384297966034
159.00000000000014; 0.9311564649040405
159.10000000000014; 0.9311744786838048
159.20000000000013; 0.9311924711870214
159.30000000000015; 0.9312104424646405
159.40000000000015; 0.9312283925674375
159.50000000000014; 0.931246321546015
159.60000000000014; 0.9312642294508026
159.70000000000013; 0.9312821163320575
159.80000000000015; 0.931299982239866
159.90000000000015; 0.9313178272241436
160.00000000000014; 0.9313356513346359
