energy (keV); transmission
1.0; 0.0
1.1; 0.0
1.2000000000000002; 0.0
1.3000000000000003; 6.544761343899832e-280
1.4000000000000004; 1.2960957928868927e-237
1.5000000000000004; 4.161249640828177e-198
1.6000000000000005; 0.0
1.7000000000000006; 0.0
1.8000000000000007; 0.0
1.9000000000000008; 0.0
2.000000000000001; 0.0
2.100000000000001; 0.0
2.200000000000001; 0.0
2.300000000000001; 0.0
2.4000000000000012; 0.0
2.5000000000000013; 0.0
2.6000000000000014; 0.0
2.7000000000000015; 0.0
2.8000000000000016; 0.0
2.9000000000000017; 0.0
3.0000000000000018; 0.0
3.100000000000002; 0.0
3.200000000000002; 1.314081475556e-311
3.300000000000002; 8.703664803184715e-287
3.400000000000002; 1.3220494537431284e-264
3.500000000000002; 1.0586390478786884e-244
3.6000000000000023; 8.939440457672036e-227
3.7000000000000024; 1.4237179053405835e-210
3.8000000000000025; 6.984357133553653e-196
3.9000000000000026; 1.600339183139143e-182
4.000000000000003; 2.4431226620051735e-170
4.100000000000003; 3.3600443458966404e-159
4.200000000000003; 5.336395435633527e-149
4.3000000000000025; 1.2149222800315575e-139
4.400000000000003; 4.801602820896259e-131
4.5000000000000036; 3.9040777169977565e-123
4.600000000000003; 7.594525923990714e-116
4.700000000000003; 4.0430106792192574e-109
4.800000000000003; 6.640479309244196e-103
4.900000000000004; 3.745506654453625e-97
5.0000000000000036; 7.985153119358861e-92
5.100000000000003; 7.014567712978957e-87
5.200000000000004; 2.7468040637236103e-82
5.300000000000004; 5.146050213380928e-78
5.400000000000004; 4.914336864917529e-74
5.5000000000000036; 2.5323318647996055e-70
5.600000000000004; 7.41115564896839e-67
5.700000000000005; 1.29007808711777e-63
5.800000000000004; 1.3925947022320292e-60
5.900000000000004; 9.680583283408695e-58
6.000000000000004; 4.4843601872637406e-55
6.100000000000005; 1.4275747297378339e-52
6.200000000000005; 3.2131687865184873e-50
6.300000000000004; 5.246104162252995e-48
6.400000000000005; 6.3601603783375836e-46
6.500000000000005; 5.849392736053968e-44
6.600000000000005; 4.161599563040459e-42
6.700000000000005; 2.3318488074956184e-40
6.800000000000005; 1.0460971699830693e-38
6.900000000000006; 3.814472026103077e-37
7.000000000000005; 1.1463564659100912e-35
7.100000000000005; 2.875951068204523e-34
7.2000000000000055; 5.941363989538854e-33
7.300000000000006; 1.0760180257121124e-31
7.400000000000006; 1.680815180910385e-30
7.500000000000005; 2.285721084979537e-29
7.600000000000006; 2.729386054793723e-28
7.700000000000006; 2.8847373575989067e-27
7.800000000000006; 2.7186734036314424e-26
7.900000000000006; 2.3003657834081695e-25
8.000000000000007; 1.7587103688276616e-24
8.100000000000007; 1.2222706485716177e-23
8.200000000000006; 7.763461693010952e-23
8.300000000000006; 4.529842131474419e-22
8.400000000000006; 2.439639093149406e-21
8.500000000000007; 1.2182048598350618e-20
8.600000000000007; 5.663400926940063e-20
8.700000000000006; 2.46087074803543e-19
8.800000000000008; 1.0030860061935497e-18
8.900000000000007; 3.848645425453521e-18
9.000000000000007; 1.394398824219746e-17
9.100000000000007; 4.7849544456950284e-17
9.200000000000006; 1.5595601974774634e-16
9.300000000000008; 4.840688109481905e-16
9.400000000000007; 1.4344000054781138e-15
9.500000000000007; 4.067285114675975e-15
9.600000000000009; 1.1060197333922038e-14
9.700000000000008; 2.890292110919011e-14
9.800000000000008; 7.27253151514346e-14
9.900000000000007; 1.7651846414171338e-13
10.000000000000007; 4.140048569209866e-13
10.100000000000009; 9.39775132140142e-13
10.200000000000008; 2.0679149439209437e-12
10.300000000000008; 4.417379253976003e-12
10.40000000000001; 9.173135962693912e-12
10.500000000000009; 1.8542016324993804e-11
10.600000000000009; 3.652717248379101e-11
10.700000000000008; 7.021019496031373e-11
10.800000000000008; 1.3182181225400613e-10
10.90000000000001; 2.4200808314442086e-10
11.000000000000009; 4.34867164261169e-10
11.100000000000009; 7.655503497963615e-10
11.20000000000001; 1.3214979521336437e-09
11.30000000000001; 2.2387222967777814e-09
11.40000000000001; 3.7249610634649277e-09
11.500000000000009; 6.092005717733491e-09
11.600000000000009; 9.80005908423856e-09
11.70000000000001; 1.5517585580770652e-08
11.80000000000001; 2.420077415575223e-08
11.90000000000001; 3.719741868800762e-08
12.00000000000001; 5.638070898115897e-08
12.10000000000001; 8.431908781905644e-08
12.20000000000001; 1.2448893192044022e-07
12.30000000000001; 1.8153732023159516e-07
12.40000000000001; 2.616025238057064e-07
12.50000000000001; 3.727000502284199e-07
12.60000000000001; 5.251820676127859e-07
12.70000000000001; 7.322777888541408e-07
12.800000000000011; 1.0107218930658378e-06
12.900000000000011; 1.381477283209221e-06
13.00000000000001; 1.8705574217961197e-06
13.10000000000001; 2.509952155497246e-06
13.20000000000001; 3.338659350575243e-06
13.300000000000011; 4.403822840790172e-06
13.400000000000011; 5.761975174073821e-06
13.50000000000001; 7.480381478635457e-06
13.600000000000012; 9.638478505018711e-06
13.700000000000012; 1.2329400594771929e-05
13.800000000000011; 1.5661582038602957e-05
13.900000000000011; 1.976042307770021e-05
14.00000000000001; 2.4770004730443432e-05
14.100000000000012; 3.085483574878704e-05
14.200000000000012; 3.8201613374488546e-05
14.300000000000011; 4.70209782187936e-05
14.400000000000013; 5.7549242565586426e-05
14.500000000000012; 7.005007072379929e-05
14.600000000000012; 8.4816089747325e-05
14.700000000000012; 0.00010217040890652585
14.800000000000011; 0.0001224680267332195
14.900000000000013; 0.0001460971052587442
15.000000000000012; 0.00017348009220339252
15.100000000000012; 0.00020507549190626787
15.200000000000014; 0.00024137635438613872
15.300000000000013; 0.0002829128773245536
15.400000000000013; 0.00033025214197585995
15.500000000000012; 0.00038399823551273977
15.600000000000012; 0.00044479214425794343
15.700000000000014; 0.0005133114127632122
15.800000000000013; 0.0005902695667362827
15.900000000000013; 0.000676415300346493
16.000000000000014; 0.000772531430909376
16.100000000000016; 0.0008794336263192447
16.200000000000014; 0.0009979689128391384
16.30000000000001; 0.0011290139729375748
16.400000000000013; 0.0012734732447593055
16.500000000000014; 0.0014322768365161167
16.600000000000016; 0.0016063782705656574
16.700000000000014; 0.0017967520732060046
16.800000000000015; 0.002004391227244407
16.900000000000013; 0.0022303045051999676
17.000000000000014; 0.002475513701572343
17.100000000000016; 0.0027410507829658324
17.200000000000014; 0.003027954974995978
17.300000000000015; 0.003337269804852168
17.400000000000013; 0.003670040118141498
17.500000000000014; 0.004027309088228324
17.600000000000016; 0.0044101152357071205
17.700000000000014; 0.004819489474944477
17.800000000000015; 0.005256452203792409
17.900000000000016; 0.005722010451646879
18.000000000000014; 0.006217155100007
18.100000000000016; 0.006742858188609129
18.200000000000017; 0.007300070319070953
18.300000000000015; 0.007889718166814655
18.400000000000016; 0.00851270211083783
18.500000000000014; 0.00916989398971245
18.600000000000016; 0.009862134990986654
18.700000000000017; 0.010590233679994664
18.800000000000015; 0.011354964172923114
18.900000000000016; 0.012157064457870915
19.000000000000014; 0.012997234866562348
19.100000000000016; 0.013876136698351225
19.200000000000017; 0.014794390997189476
19.300000000000015; 0.01575257748131393
19.400000000000016; 0.01675123362456843
19.500000000000018; 0.0177908538874876
19.600000000000016; 0.018871889095554352
19.700000000000017; 0.01999474596139092
19.80000000000002; 0.021159786747060674
19.900000000000016; 0.02236732906213503
20.000000000000018; 0.023617645792729226
20.100000000000016; 0.02491080960012873
20.200000000000017; 0.02624715016353003
20.30000000000002; 0.027626808614277923
20.400000000000016; 0.02904988242086333
20.500000000000018; 0.03051642596414935
20.600000000000016; 0.03202645113399825
20.700000000000017; 0.033579928014563436
20.80000000000002; 0.03517678565186512
20.900000000000016; 0.03681691289727961
21.000000000000018; 0.038500159320610114
21.10000000000002; 0.040226336186495064
21.200000000000017; 0.0419952174880075
21.30000000000002; 0.043806541031431355
21.40000000000002; 0.04566000956635326
21.500000000000018; 0.04755529195537917
21.60000000000002; 0.049492024377977895
21.700000000000017; 0.05146981156314756
21.80000000000002; 0.05348822804581878
21.90000000000002; 0.055546819442139184
22.000000000000018; 0.05764510373898653
22.10000000000002; 0.0597825725933384
22.200000000000017; 0.061958692637303865
22.30000000000002; 0.06417290678492495
22.40000000000002; 0.06642463553704606
22.500000000000018; 0.06871327828080953
22.60000000000002; 0.071038214580575
22.70000000000002; 0.07339880545728057
22.80000000000002; 0.07579439465349266
22.90000000000002; 0.07822430988162898
23.00000000000002; 0.08068786405303309
23.10000000000002; 0.08318435648580556
23.20000000000002; 0.08571307408949691
23.30000000000002; 0.0882732925249456
23.40000000000002; 0.09086427733777083
23.50000000000002; 0.09348528506415787
23.60000000000002; 0.0961355643077891
23.70000000000002; 0.09881435678691229
23.80000000000002; 0.10152089835069567
23.90000000000002; 0.10425441996417562
24.00000000000002; 0.10701414866123164
24.10000000000002; 0.10979930846514008
24.20000000000002; 0.1126091212764198
24.300000000000022; 0.11544280772773872
24.40000000000002; 0.1182995880058144
24.50000000000002; 0.12117868264029215
24.600000000000023; 0.12407931325970546
24.70000000000002; 0.12700070331469202
24.800000000000022; 0.12994207876871403
24.90000000000002; 0.1329026687566197
25.00000000000002; 0.13588170621142473
25.100000000000023; 0.13887842845975198
25.20000000000002; 0.14189207778644558
25.300000000000022; 0.14492190196888158
25.40000000000002; 0.14796715478158545
25.50000000000002; 0.15102709647174659
25.600000000000023; 0.15410099420631218
25.70000000000002; 0.15718812249131897
25.800000000000022; 0.16028776356418534
25.900000000000023; 0.16339920775967162
26.00000000000002; 0.166521753850259
26.100000000000023; 0.16965470936168273
26.200000000000024; 0.17279739086440607
26.300000000000022; 0.1759491242417858
26.400000000000023; 0.17910924493568625
26.50000000000002; 0.1822770981703611
26.600000000000023; 0.1854520391553184
26.700000000000024; 0.18863343326798193
26.800000000000022; 0.1918206562168887
26.900000000000023; 0.1950130941861958
27.00000000000002; 0.19821014396222975
27.100000000000023; 0.20141121304283288
27.200000000000024; 0.20461571973023526
27.300000000000022; 0.20782309320815073
27.400000000000023; 0.21103277360383707
27.500000000000025; 0.21424421203577285
27.600000000000023; 0.21745687064765826
27.700000000000024; 0.22067022262938366
27.800000000000026; 0.22388375222560938
27.900000000000023; 0.22709695473261604
28.000000000000025; 0.23030933648399068
28.100000000000023; 0.23352041482578872
28.200000000000024; 0.23672971808172724
28.300000000000026; 0.23993678550897649
28.400000000000023; 0.24314116724510365
28.500000000000025; 0.24634242424667735
28.600000000000023; 0.249540128220071
28.700000000000024; 0.2527338615449289
28.800000000000026; 0.2559232171907855
28.900000000000023; 0.2591077986273089
29.000000000000025; 0.2622872197285875
29.100000000000026; 0.26546110467189576
29.200000000000024; 0.2686290878313503
29.300000000000026; 0.2717908136668612
29.400000000000027; 0.27494593660871547
29.500000000000025; 0.2780941209382181
29.600000000000026; 0.28123504066466637
29.700000000000024; 0.2843683793990543
29.800000000000026; 0.2874938302247757
29.900000000000027; 0.29061109556565684
30.000000000000025; 0.29371988705160784
30.100000000000026; 0.2968211552487907
30.200000000000024; 0.29991341378601966
30.300000000000026; 0.30299638281385977
30.400000000000027; 0.3060698089114828
30.500000000000025; 0.30913344720065195
30.600000000000026; 0.31218706120206746
30.700000000000028; 0.31523042269096174
30.800000000000026; 0.3182633115521305
30.900000000000027; 0.3212855156345882
31.00000000000003; 0.3242968306060347
31.100000000000026; 0.32729705980726814
31.200000000000028; 0.3302860141067347
31.300000000000026; 0.3332635117553339
31.400000000000027; 0.3362293782416331
31.50000000000003; 0.33918344614761026
31.600000000000026; 0.34212555500504943
31.700000000000028; 0.34505555115270065
31.800000000000026; 0.3479732875943255
31.900000000000027; 0.35087862385768803
32.00000000000003; 0.35377142585462634
32.10000000000002; 0.35665156574226875
32.20000000000003; 0.3595189217854646
32.300000000000026; 0.36237337822052446
32.40000000000003; 0.36521482512031866
32.50000000000003; 0.36804315826081196
32.60000000000003; 0.37085827898906704
32.70000000000003; 0.37366009409279194
32.800000000000026; 0.37644851567147275
32.90000000000003; 0.3792234610091183
33.00000000000003; 0.3819848524486765
33.10000000000003; 0.3847326172681389
33.20000000000003; 0.3874666875583759
33.300000000000026; 0.39018700010271573
33.40000000000003; 0.39289349625830994
33.50000000000003; 0.39558612183927505
33.60000000000003; 0.39826482700166854
33.70000000000003; 0.40092956613026043
33.800000000000026; 0.40358029772716253
33.90000000000003; 0.4062169843022828
34.00000000000003; 0.40883959226564687
34.10000000000003; 0.41144809182154723
34.20000000000003; 0.414042456864562
34.30000000000003; 0.4166226648774226
34.40000000000003; 0.4191886968307214
34.50000000000003; 0.4217405370844731
34.60000000000003; 0.4242781732915023
34.70000000000003; 0.4268015963026763
34.80000000000003; 0.429310800073934
34.90000000000003; 0.4318057815751522
35.00000000000003; 0.43428654070078465
35.10000000000003; 0.4367530801822935
35.20000000000003; 0.4392054055023572
35.30000000000003; 0.44164352481081476
35.400000000000034; 0.4440674488423687
35.50000000000003; 0.4464771908359848
35.60000000000003; 0.44887276645601704
35.70000000000003; 0.4512541937149986
35.80000000000003; 0.4536214928981027
35.900000000000034; 0.4559746864892545
36.00000000000003; 0.4583137990988523
36.10000000000003; 0.460638857393107
36.20000000000003; 0.4629498900249528
36.30000000000003; 0.46524692756652064
36.400000000000034; 0.46753000244314985
36.50000000000003; 0.46979914886891666
36.60000000000003; 0.47205440278364974
36.70000000000003; 0.4742958017914262
36.80000000000003; 0.4765233851005074
36.900000000000034; 0.4787371934646945
37.00000000000003; 0.4809372691261006
37.10000000000003; 0.48312365575928357
37.20000000000003; 0.48529639841674627
37.30000000000003; 0.4874555434757623
37.400000000000034; 0.48960113858651455
37.500000000000036; 0.4917332326215065
37.60000000000003; 0.49385187562625793
37.70000000000003; 0.4959571187712179
37.80000000000003; 0.49804901430490905
37.900000000000034; 0.5001276155082556
38.000000000000036; 0.502192976650088
38.10000000000003; 0.5042451529437958
38.20000000000003; 0.5062842005051039
38.30000000000003; 0.5083101763109581
38.400000000000034; 0.5103231381594845
38.500000000000036; 0.5123231446310204
38.60000000000004; 0.5143102550501716
38.70000000000003; 0.5162845294489048
38.80000000000003; 0.5182460285306181
38.900000000000034; 0.5201948136352009
39.000000000000036; 0.5221309467050441
39.10000000000004; 0.5240544902519895
39.20000000000003; 0.5259655073251877
39.30000000000003; 0.5278640614798626
39.400000000000034; 0.5297502167469414
39.500000000000036; 0.5316240376035493
39.60000000000004; 0.5334855889443416
39.70000000000003; 0.5353349360536497
39.80000000000003; 0.5371721445784389
39.900000000000034; 0.5389972805020418
40.000000000000036; 0.5408103966376291
40.10000000000004; 0.5426106216563905
40.20000000000003; 0.5443989843637554
40.30000000000003; 0.5461755514991364
40.400000000000034; 0.5479403900167003
40.500000000000036; 0.5496935670636787
40.60000000000004; 0.5514351499593452
40.70000000000004; 0.5531652061746211
40.80000000000003; 0.5548838033123245
40.900000000000034; 0.5565910090880122
41.000000000000036; 0.5582868913114353
41.10000000000004; 0.5599715178685721
41.20000000000004; 0.5616449567042231
41.30000000000003; 0.5633072758051697
41.400000000000034; 0.5649585431838707
41.500000000000036; 0.5665988268626803
41.60000000000004; 0.5682281948585962
41.70000000000004; 0.569846715168491
41.80000000000004; 0.5714544557548438
41.900000000000034; 0.5730514845319521
42.000000000000036; 0.5746378693525958
42.10000000000004; 0.5762136779951652
42.20000000000004; 0.577778978151231
42.30000000000004; 0.5793338374135305
42.400000000000034; 0.5808783232643979
42.500000000000036; 0.5824125030645747
42.60000000000004; 0.5839364440424404
42.70000000000004; 0.5854502132836221
42.80000000000004; 0.5869538777209765
42.900000000000034; 0.5884475041249504
43.000000000000036; 0.589931159094289
43.10000000000004; 0.5914049090470991
43.20000000000004; 0.5928688202122482
43.30000000000004; 0.5943229586210936
43.400000000000034; 0.5957673900995364
43.500000000000036; 0.5972021802603791
43.60000000000004; 0.5986273944959991
43.70000000000004; 0.6000430979713113
43.80000000000004; 0.6014493556170162
43.90000000000004; 0.6028462321231304
44.000000000000036; 0.6042337919327953
44.10000000000004; 0.6056120992363407
44.20000000000004; 0.6069812179656076
44.30000000000004; 0.6083412117885285
44.40000000000004; 0.6096921441039436
44.500000000000036; 0.6110340780366527
44.60000000000004; 0.6123670764327027
44.70000000000004; 0.613691201854895
44.80000000000004; 0.6150065165785059
44.90000000000004; 0.6163130825872247
45.00000000000004; 0.6176109615692903
45.10000000000004; 0.6189002149138308
45.20000000000004; 0.6201809037073922
45.30000000000004; 0.6214530887306574
45.40000000000004; 0.6227168304553452
45.50000000000004; 0.6239721890412835
45.60000000000004; 0.6252192243336601
45.70000000000004; 0.6264579958604358
45.80000000000004; 0.6276885628299125
45.90000000000004; 0.6289109841284721
46.00000000000004; 0.6301253183184505
46.10000000000004; 0.6313316236361722
46.20000000000004; 0.6325299579901195
46.30000000000004; 0.6337203789592439
46.40000000000004; 0.6349029437914067
46.50000000000004; 0.6360777094019535
46.60000000000004; 0.637244732372414
46.70000000000004; 0.6384040689493232
46.80000000000004; 0.6395557750431591
46.90000000000004; 0.6406999062273949
47.00000000000004; 0.6418365177376634
47.100000000000044; 0.6429656644710292
47.20000000000004; 0.644087400985358
47.30000000000004; 0.6452017814987978
47.40000000000004; 0.6463088598893443
47.50000000000004; 0.647408689694507
47.600000000000044; 0.6485013241110688
47.70000000000004; 0.6495868159949227
47.80000000000004; 0.6506652178610061
47.90000000000004; 0.6517365818833073
48.00000000000004; 0.6528009598949558
48.100000000000044; 0.6538584033883837
48.200000000000045; 0.6549089635155697
48.30000000000004; 0.6559526910883469
48.40000000000004; 0.6569896365787811
48.50000000000004; 0.6580198501196145
48.600000000000044; 0.6590433815047759
48.700000000000045; 0.6600602801899509
48.80000000000004; 0.6610705952932112
48.90000000000004; 0.6620743755957005
49.00000000000004; 0.6630716695423741
49.100000000000044; 0.6640625252427984
49.200000000000045; 0.6650469904719902
49.30000000000004; 0.6660251126713156
49.40000000000004; 0.6669969389494308
49.50000000000004; 0.6679625160832637
49.600000000000044; 0.6689218905190533
49.700000000000045; 0.669875108373411
49.80000000000004; 0.6708222154344406
49.90000000000004; 0.6717632571628864
50.00000000000004; 0.6726982786933156
50.100000000000044; 0.6736276532176529
50.200000000000045; 0.6745510965032302
50.30000000000005; 0.6754686489897759
50.40000000000004; 0.6763803544267809
50.50000000000004; 0.6772862562488985
50.600000000000044; 0.678186397577195
50.700000000000045; 0.6790808212204329
50.80000000000005; 0.679969569676381
50.90000000000004; 0.6808526851331531
51.00000000000004; 0.6817302094705704
51.100000000000044; 0.6826021842615481
51.200000000000045; 0.6834686507735064
51.30000000000005; 0.6843296499698015
51.40000000000005; 0.6851852225111825
51.50000000000004; 0.6860354087572583
51.600000000000044; 0.6868802487679951
51.700000000000045; 0.687719782305224
51.80000000000005; 0.688554048834166
51.90000000000005; 0.689383087524979
52.00000000000004; 0.6902069372543088
52.100000000000044; 0.6910256366068667
52.200000000000045; 0.6918392238770112
52.30000000000005; 0.6926477370703467
52.40000000000005; 0.6934512139053312
52.50000000000004; 0.6942496918148993
52.600000000000044; 0.6950432079480884
52.700000000000045; 0.6958317991716789
52.80000000000005; 0.6966155020718454
52.90000000000005; 0.6973943529558096
53.00000000000004; 0.6981683878535042
53.100000000000044; 0.6989376425192436
53.200000000000045; 0.6997021524334
53.30000000000005; 0.7004619528040846
53.40000000000005; 0.7012170785688336
53.50000000000005; 0.7019675643962991
53.600000000000044; 0.7027134446879458
53.700000000000045; 0.703454753579744
53.80000000000005; 0.7041915249438733
53.90000000000005; 0.7049237923904247
54.00000000000005; 0.7056515892691048
54.100000000000044; 0.706374948670939
54.200000000000045; 0.7070939034299819
54.30000000000005; 0.7078084861250207
54.40000000000005; 0.7085187290812819
54.50000000000005; 0.709224664372141
54.60000000000005; 0.7099263238208223
54.700000000000045; 0.7106237390021074
54.80000000000005; 0.7113169412440365
54.90000000000005; 0.7120059616296072
55.00000000000005; 0.7126908309984771
55.10000000000005; 0.7133715799486539
55.200000000000045; 0.7140482388381925
55.30000000000005; 0.7147208377868839
55.40000000000005; 0.7153894066779384
55.50000000000005; 0.7160539751596717
55.60000000000005; 0.7167145726471819
55.700000000000045; 0.7173712283240222
55.80000000000005; 0.7180239711438712
55.90000000000005; 0.7186728298321984
56.00000000000005; 0.7193178328879208
56.10000000000005; 0.7199590085850622
56.200000000000045; 0.7205963849743958
56.30000000000005; 0.7212299898850931
56.40000000000005; 0.721859850926357
56.50000000000005; 0.7224859954890552
56.60000000000005; 0.7231084507473442
56.70000000000005; 0.723727243660289
56.80000000000005; 0.7243424009734746
56.90000000000005; 0.724953949220609
57.00000000000005; 0.7255619147251253
57.10000000000005; 0.7261663236017719
57.20000000000005; 0.7267672017581941
57.30000000000005; 0.7273645748965151
57.40000000000005; 0.7279584685149032
57.50000000000005; 0.728548907909132
57.60000000000005; 0.7291359181741398
57.70000000000005; 0.7297195242055708
57.800000000000054; 0.7302997507013174
57.90000000000005; 0.7308766221630498
58.00000000000005; 0.7314501628977379
58.10000000000005; 0.732020397019168
58.20000000000005; 0.7325873484494473
58.300000000000054; 0.7331510409205019
58.40000000000005; 0.733711497975569
58.50000000000005; 0.7342687429706766
58.60000000000005; 0.7348227990761147
58.70000000000005; 0.7353736892779047
58.800000000000054; 0.7359214363792493
58.90000000000005; 0.7364660630019844
59.00000000000005; 0.7370075915880139
59.10000000000005; 0.7375460444007427
59.20000000000005; 0.7380814435264957
59.300000000000054; 0.7386138108759311
59.40000000000005; 0.7391431681854422
59.50000000000005; 0.7396695370185536
59.60000000000005; 0.7401929387673067
59.70000000000005; 0.7407133946536352
59.800000000000054; 0.7412309257307336
59.900000000000055; 0.741745552884418
60.00000000000005; 0.7422572968344716
60.10000000000005; 0.7427660853525447
60.20000000000005; 0.7432720325274689
60.300000000000054; 0.743775158567012
60.400000000000055; 0.7442754835086149
60.50000000000005; 0.7447730272296077
60.60000000000005; 0.7452678094485292
60.70000000000005; 0.7457598497264377
60.800000000000054; 0.7462491674682115
60.900000000000055; 0.7467357819238405
61.00000000000006; 0.7472197121897091
61.10000000000005; 0.7477009772098675
61.20000000000005; 0.7481795957772963
61.300000000000054; 0.7486555865351603
61.400000000000055; 0.7491289679780513
61.50000000000006; 0.7495997584532269
61.60000000000005; 0.7500679761618336
61.70000000000005; 0.7505336391601242
61.800000000000054; 0.7509967653606647
61.900000000000055; 0.7514573725335365
62.00000000000006; 0.7519154783075191
62.10000000000005; 0.7523711001712757
62.20000000000005; 0.7528242554745218
62.300000000000054; 0.7532749614291858
62.400000000000055; 0.7537232351105658
62.50000000000006; 0.7541690934584683
62.60000000000005; 0.7546125532783479
62.70000000000005; 0.7550536312424302
62.800000000000054; 0.7554923438908295
62.900000000000055; 0.7559287076326593
63.00000000000006; 0.7563627387471277
63.10000000000006; 0.7567944533846322
63.20000000000005; 0.7572238675678394
63.300000000000054; 0.7576509971927586
63.400000000000055; 0.7580758580298083
63.50000000000006; 0.7584984657248707
63.60000000000006; 0.7589188358003389
63.70000000000005; 0.7593369836561586
63.800000000000054; 0.7597529245708574
63.900000000000055; 0.760166673702566
64.00000000000006; 0.760578246090035
64.10000000000005; 0.7609876566536391
64.20000000000006; 0.7613949201963739
64.30000000000005; 0.7618000514048475
64.40000000000006; 0.7622030648502605
64.50000000000006; 0.762603974989378
64.60000000000005; 0.7630027961654976
64.70000000000006; 0.7633995426094038
64.80000000000005; 0.763794228440318
64.90000000000006; 0.7641868676668419
65.00000000000006; 0.7645774741878862
65.10000000000005; 0.7649660617936026
65.20000000000006; 0.7653526441662959
65.30000000000005; 0.7657372348813373
65.40000000000006; 0.7661198474080675
65.50000000000006; 0.766500495110689
65.60000000000005; 0.7668791912491565
65.70000000000006; 0.7672559489800561
65.80000000000005; 0.7676307813574763
65.90000000000006; 0.7680037013338749
66.00000000000006; 0.7683747217609371
66.10000000000005; 0.7687438553904247
66.20000000000006; 0.7691111148750205
66.30000000000005; 0.7694765127691647
66.40000000000006; 0.7698400615298834
66.50000000000006; 0.7702017735176107
66.60000000000005; 0.7705616609970035
66.70000000000006; 0.7709197361377514
66.80000000000005; 0.7712760110153748
66.90000000000006; 0.7716304976120225
67.00000000000006; 0.7719832078172552
67.10000000000007; 0.772334153428831
67.20000000000006; 0.7726833461534748
67.30000000000005; 0.7730307976076496
67.40000000000006; 0.7733765193183136
67.50000000000006; 0.773720522723678
67.60000000000007; 0.7740628191739514
67.70000000000006; 0.7744034199320831
67.80000000000005; 0.774742336174497
67.90000000000006; 0.7750795789918212
68.00000000000006; 0.7754151593896086
68.10000000000007; 0.7757490882890534
68.20000000000006; 0.7760813765277017
68.30000000000005; 0.7764120348601528
68.40000000000006; 0.7767410739587595
68.50000000000006; 0.7770685044143173
68.60000000000007; 0.7773943367367506
68.70000000000006; 0.7777185813557921
68.80000000000005; 0.7780412486216555
68.90000000000006; 0.7783623488057047
69.00000000000006; 0.7786818921011135
69.10000000000007; 0.7789998886235232
69.20000000000006; 0.7793163484116924
69.30000000000005; 0.7796312814281418
69.40000000000006; 0.7799446975597921
69.50000000000006; 0.7802566066185987
69.60000000000007; 0.7805670183421791
69.70000000000006; 0.7808759423944353
69.80000000000007; 0.7811833883661701
69.90000000000006; 0.7814893657756995
70.00000000000006; 0.7817938840694585
70.10000000000007; 0.782096952622601
70.20000000000006; 0.7823985807395973
70.30000000000007; 0.7826987776548232
70.40000000000006; 0.7829975525331442
70.50000000000006; 0.7832949144704978
70.60000000000007; 0.7835908724944665
70.70000000000006; 0.7838854355648494
70.80000000000007; 0.7841786125742245
70.90000000000006; 0.7844704123485118
71.00000000000006; 0.7847608436475257
71.10000000000007; 0.7850499151655265
71.20000000000006; 0.7853376355317653
71.30000000000007; 0.7856240133110245
71.40000000000006; 0.7859090570041526
71.50000000000006; 0.7861927750485974
71.60000000000007; 0.7864751758189299
71.70000000000006; 0.7867562676273682
71.80000000000007; 0.7870360587242928
71.90000000000006; 0.7873145572987601
72.00000000000006; 0.78759177147901
72.10000000000007; 0.7878677093329706
72.20000000000006; 0.7881423788687553
72.30000000000007; 0.7884157880351601
72.40000000000006; 0.7886879447221511
72.50000000000006; 0.7889588567613538
72.60000000000007; 0.7892285319265315
72.70000000000006; 0.7894969779340663
72.80000000000007; 0.7897642024434294
72.90000000000006; 0.7900302130576522
73.00000000000006; 0.7902950173237908
73.10000000000007; 0.7905586227333866
73.20000000000006; 0.7908210367229239
73.30000000000007; 0.7910822666742819
73.40000000000006; 0.7913423199151849
73.50000000000007; 0.7916012037196457
73.60000000000007; 0.7918589253084074
73.70000000000006; 0.7921154918493809
73.80000000000007; 0.7923709104580773
73.90000000000006; 0.7926251881980382
74.00000000000007; 0.7928783320812612
74.10000000000007; 0.7931303490686211
74.20000000000006; 0.7933812460702893
74.30000000000007; 0.7936310299461473
74.40000000000006; 0.7938797075061991
74.50000000000007; 0.7941272855109762
74.60000000000007; 0.794373770671944
74.70000000000006; 0.7946191696519
74.80000000000007; 0.7948634890653711
74.90000000000006; 0.7951067354790063
75.00000000000007; 0.7953489154119684
75.10000000000007; 0.7955900353363174
75.20000000000006; 0.7958301016773957
75.30000000000007; 0.7960691208142059
75.40000000000006; 0.7963070990797889
75.50000000000007; 0.7965440427615953
75.60000000000007; 0.7967799581018556
75.70000000000006; 0.7970148512979466
75.80000000000007; 0.7972487285027549
75.90000000000006; 0.7974815958250353
76.00000000000007; 0.7977134593297712
76.10000000000007; 0.7979443250385237
76.20000000000007; 0.7981741989297865
76.30000000000007; 0.7984030869393298
76.40000000000006; 0.7986309949605483
76.50000000000007; 0.7988579288448002
76.60000000000007; 0.7990838944017461
76.70000000000007; 0.7993088973996857
76.80000000000007; 0.7995329435658893
76.90000000000006; 0.7997560385869282
77.00000000000007; 0.7999781881090017
77.10000000000007; 0.8001993977382591
77.20000000000007; 0.800419673041124
77.30000000000007; 0.800639019544611
77.40000000000006; 0.8008574427366403
77.50000000000007; 0.8010749480663529
77.60000000000007; 0.8012915409444185
77.70000000000007; 0.8015072267433445
77.80000000000007; 0.8017220107977794
77.90000000000006; 0.8019358984048163
78.00000000000007; 0.8021488948242909
78.10000000000007; 0.8023610052790797
78.20000000000007; 0.8025722349553932
78.30000000000007; 0.802782589003068
78.40000000000006; 0.8029920725358564
78.50000000000007; 0.8032006906317122
78.60000000000007; 0.8034084483330758
78.70000000000007; 0.8036153506471547
78.80000000000007; 0.8038214025462049
78.90000000000006; 0.8040266089678049
79.00000000000007; 0.8042309748151325
79.10000000000007; 0.8044345049572358
79.20000000000007; 0.8046372042293032
79.30000000000007; 0.8048390774329304
79.40000000000006; 0.8050401293363862
79.50000000000007; 0.8052403646748748
79.60000000000007; 0.805439788150796
79.70000000000007; 0.8056384044340046
79.80000000000007; 0.8058362181620653
79.90000000000008; 0.8060332339405063
80.00000000000007; 0.8062294563430731
80.10000000000007; 0.8064249435124307
80.20000000000007; 0.8066196467803496
80.30000000000007; 0.806813569850665
80.40000000000008; 0.8070067171860554
80.50000000000007; 0.807199093218609
80.60000000000007; 0.8073907023500622
80.70000000000007; 0.8075815489520348
80.80000000000007; 0.8077716373662639
80.90000000000008; 0.8079609719048356
81.00000000000007; 0.8081495568504151
81.10000000000007; 0.8083373964564734
81.20000000000007; 0.8085244949475145
81.30000000000007; 0.8087108565192987
81.40000000000008; 0.8088964853390644
81.50000000000007; 0.8090813855457496
81.60000000000007; 0.8092655612502085
81.70000000000007; 0.8094490165354288
81.80000000000007; 0.8096317554567461
81.90000000000008; 0.8098137820420581
82.00000000000007; 0.809995100292033
82.10000000000007; 0.8101757141803211
82.20000000000007; 0.8103556276537611
82.30000000000007; 0.8105348446325863
82.40000000000008; 0.8107133690106283
82.50000000000007; 0.8108912046555196
82.60000000000008; 0.8110683554088937
82.70000000000007; 0.8112448250865847
82.80000000000007; 0.811420617478824
82.90000000000008; 0.8115957363504357
83.00000000000007; 0.8117701854410309
83.10000000000008; 0.8119439684652006
83.20000000000007; 0.8121170891127047
83.30000000000007; 0.8122895510486629
83.40000000000008; 0.8124613579137403
83.50000000000007; 0.8126325133243353
83.60000000000008; 0.8128030208727629
83.70000000000007; 0.8129728841274375
83.80000000000007; 0.8131421066330541
83.90000000000008; 0.8133106919107687
84.00000000000007; 0.8134786434583761
84.10000000000008; 0.8136459647504868
84.20000000000007; 0.813812659238702
84.30000000000007; 0.8139787303517887
84.40000000000008; 0.8141441814958501
84.50000000000007; 0.8143090160544978
84.60000000000008; 0.8144732373890219
84.70000000000007; 0.8146368488385577
84.80000000000007; 0.8147998537202533
84.90000000000008; 0.8149622553294348
85.00000000000007; 0.8151240569397701
85.10000000000008; 0.8152852618034322
85.20000000000007; 0.8154458731512592
85.30000000000007; 0.8156058941929155
85.40000000000008; 0.8157653281170496
85.50000000000007; 0.8159241780914513
85.60000000000008; 0.8160824472632094
85.70000000000007; 0.8162401387588633
85.80000000000007; 0.8163972556845591
85.90000000000008; 0.8165538011262006
86.00000000000007; 0.8167097781496004
86.10000000000008; 0.8168651898006297
86.20000000000007; 0.8170200391053664
86.30000000000008; 0.8171743290702422
86.40000000000008; 0.8173280626821896
86.50000000000007; 0.8174812429087851
86.60000000000008; 0.8176338726983939
86.70000000000007; 0.8177859549803124
86.80000000000008; 0.8179374926649087
86.90000000000008; 0.8180884886437627
87.00000000000007; 0.818238945789806
87.10000000000008; 0.8183888669574588
87.20000000000007; 0.8185382549827669
87.30000000000008; 0.8186871126835371
87.40000000000008; 0.8188354428594716
87.50000000000007; 0.818983248292302
87.60000000000008; 0.8191305317459204
87.70000000000007; 0.819277295966511
87.80000000000008; 0.8194235436826811
87.90000000000008; 0.8195692776055892
88.00000000000007; 0.8197145004290726
88.10000000000008; 0.8198592148297756
88.20000000000007; 0.8200034234672747
88.30000000000008; 0.8201471289842028
88.40000000000008; 0.8202903340063749
88.50000000000007; 0.8204330411429088
88.60000000000008; 0.8205752529863489
88.70000000000007; 0.8207169721127857
88.80000000000008; 0.8208582010819765
88.90000000000008; 0.8209989424374634
89.00000000000009; 0.8211391987066929
89.10000000000008; 0.821278972401131
89.20000000000007; 0.821418266016381
89.30000000000008; 0.8215570820322973
89.40000000000008; 0.8216954229130997
89.50000000000009; 0.8218332911074882
89.60000000000008; 0.8219706890487533
89.70000000000007; 0.8221076191548885
89.80000000000008; 0.8222440838287014
89.90000000000008; 0.8223800854579219
90.00000000000009; 0.8225156264153128
90.10000000000008; 0.8226507090587755
90.20000000000007; 0.8227853357314597
90.30000000000008; 0.8229195087618667
90.40000000000008; 0.8230532304639574
90.50000000000009; 0.823186503137255
90.60000000000008; 0.8233193290669495
90.70000000000007; 0.8234517105240001
90.80000000000008; 0.8235836497652378
90.90000000000008; 0.8237151490334655
91.00000000000009; 0.82384621055756
91.10000000000008; 0.8239768365525698
91.20000000000007; 0.8241070292198153
91.30000000000008; 0.8242367907469861
91.40000000000008; 0.8243661233082381
91.50000000000009; 0.8244950290642906
91.60000000000008; 0.8246235101625216
91.70000000000007; 0.8247515687370623
91.80000000000008; 0.8248792069088924
91.90000000000008; 0.8250064267859318
92.00000000000009; 0.8251332304631354
92.10000000000008; 0.8252596200225828
92.20000000000007; 0.8253855975335719
92.30000000000008; 0.8255111650527068
92.40000000000008; 0.8256363246239904
92.50000000000009; 0.8257610782789105
92.60000000000008; 0.825885428036531
92.70000000000009; 0.826009375903577
92.80000000000008; 0.8261329238745241
92.90000000000008; 0.8262560739316828
93.00000000000009; 0.8263788280452852
93.10000000000008; 0.82650118817357
93.20000000000009; 0.826623156262866
93.30000000000008; 0.8267447342476762
93.40000000000008; 0.8268659240507611
93.50000000000009; 0.8269867275832199
93.60000000000008; 0.8271071467445734
93.70000000000009; 0.8272271834228445
93.80000000000008; 0.8273468394946385
93.90000000000008; 0.8274661168252224
94.00000000000009; 0.8275850172686054
94.10000000000008; 0.8277035426676161
94.20000000000009; 0.8278216948539814
94.30000000000008; 0.8279394756484022
94.40000000000008; 0.8280568868606322
94.50000000000009; 0.8281739302895527
94.60000000000008; 0.8282906077232479
94.70000000000009; 0.8284069209390814
94.80000000000008; 0.8285228717037681
94.90000000000008; 0.8286384617734504
95.00000000000009; 0.8287536928937691
95.10000000000008; 0.8288685667999387
95.20000000000009; 0.8289830852168163
95.30000000000008; 0.8290972498589764
95.40000000000009; 0.8292110624307788
95.50000000000009; 0.8293245246264409
95.60000000000008; 0.8294376381301074
95.70000000000009; 0.8295504046159188
95.80000000000008; 0.8296628257480807
95.90000000000009; 0.8297749031809324
96.00000000000009; 0.8298866385590135
96.10000000000008; 0.829998033517132
96.20000000000009; 0.8301090896804315
96.30000000000008; 0.8302198086644559
96.40000000000009; 0.8303301920752157
96.50000000000009; 0.8304402415092543
96.60000000000008; 0.8305499585537105
96.70000000000009; 0.8306593447863846
96.80000000000008; 0.830768401775801
96.90000000000009; 0.8308771310812717
97.00000000000009; 0.8309855342529591
97.10000000000008; 0.8310936128319376
97.20000000000009; 0.8312013683502567
97.30000000000008; 0.8313088023310009
97.40000000000009; 0.8314159162883514
97.50000000000009; 0.8315227117276458
97.60000000000008; 0.831629190145438
97.70000000000009; 0.8317353530295589
97.80000000000008; 0.8318412018591738
97.90000000000009; 0.8319467381048412
98.00000000000009; 0.832051963228572
98.10000000000008; 0.8321568786838862
98.20000000000009; 0.8322614859158699
98.30000000000008; 0.8323657863612327
98.40000000000009; 0.8324697814483641
98.50000000000009; 0.8325734725973891
98.60000000000008; 0.8326768612202232
98.70000000000009; 0.8327799487206291
98.80000000000008; 0.8328827364942695
98.90000000000009; 0.8329852259287622
99.00000000000009; 0.8330874184037341
99.1000000000001; 0.8331893152908751
99.20000000000009; 0.8332909179539895
99.30000000000008; 0.8333922277490505
99.40000000000009; 0.8334932460242507
99.50000000000009; 0.8335939741200556
99.6000000000001; 0.8336944133692542
99.70000000000009; 0.8337945650970101
99.80000000000008; 0.8338944306209124
99.90000000000009; 0.8339940112510256
100.00000000000009; 0.8340933075560454
100.1000000000001; 0.8341922935527054
100.20000000000009; 0.8342909986840944
100.30000000000008; 0.8343894242289119
100.40000000000009; 0.8344875714585923
100.50000000000009; 0.8345854416373529
100.6000000000001; 0.8346830360222408
100.70000000000009; 0.8347803558631804
100.80000000000008; 0.8348774024030219
100.90000000000009; 0.8349741768775849
101.00000000000009; 0.835070680515708
101.1000000000001; 0.8351669145392921
101.20000000000009; 0.8352628801633473
101.30000000000008; 0.8353585785960383
101.40000000000009; 0.8354540110387282
101.50000000000009; 0.8355491786860241
101.6000000000001; 0.835644082725821
101.70000000000009; 0.8357387243393457
101.8000000000001; 0.8358331047012003
101.90000000000009; 0.8359272249794062
102.00000000000009; 0.8360210863354451
102.1000000000001; 0.8361146899243046
102.20000000000009; 0.836208036894518
102.3000000000001; 0.8363011283882074
102.40000000000009; 0.8363939655411254
102.50000000000009; 0.8364865494826962
102.6000000000001; 0.8365788813360568
102.70000000000009; 0.8366709622180984
102.8000000000001; 0.8367627932395058
102.90000000000009; 0.836854375504798
103.00000000000009; 0.8369457101123693
103.1000000000001; 0.8370367981545265
103.20000000000009; 0.8371276407175308
103.3000000000001; 0.8372182388816349
103.40000000000009; 0.8373085937211231
103.50000000000009; 0.8373987063043488
103.6000000000001; 0.8374885776937734
103.70000000000009; 0.8375782089460035
103.8000000000001; 0.8376676011118295
103.90000000000009; 0.837756755236262
104.00000000000009; 0.8378456723585695
104.1000000000001; 0.837934353512315
104.20000000000009; 0.838022799725393
104.3000000000001; 0.8381110120200648
104.40000000000009; 0.8381989914129954
104.50000000000009; 0.8382867389152895
104.6000000000001; 0.8383742555325258
104.70000000000009; 0.8384615422647936
104.8000000000001; 0.8385486001067268
104.90000000000009; 0.8386354300475398
105.00000000000009; 0.8387220330710603
105.1000000000001; 0.8388084101557652
105.20000000000009; 0.8388945622748138
105.3000000000001; 0.8389804903960817
105.40000000000009; 0.8390661954821943
105.5000000000001; 0.8391516784905603
105.6000000000001; 0.8392369403734043
105.70000000000009; 0.8393219820778005
105.8000000000001; 0.8394068045457036
105.90000000000009; 0.8394914087139833
106.0000000000001; 0.8395757955144545
106.1000000000001; 0.8396599658739106
106.20000000000009; 0.839743920714154
106.3000000000001; 0.8398276609520285
106.40000000000009; 0.8399111874994502
106.5000000000001; 0.8399945012634377
106.6000000000001; 0.8400776031461439
106.70000000000009; 0.8401604940448864
106.8000000000001; 0.8402431748521773
106.90000000000009; 0.8403256464557535
107.0000000000001; 0.8404079097386072
107.1000000000001; 0.8404899655790148
107.20000000000009; 0.8405718148505665
107.3000000000001; 0.8406534584221959
107.40000000000009; 0.840734897158209
107.5000000000001; 0.8408161319183125
107.6000000000001; 0.8408971635576439
107.70000000000009; 0.8409779929267975
107.8000000000001; 0.8410586208718557
107.90000000000009; 0.8411390482344141
108.0000000000001; 0.8412192758516118
108.1000000000001; 0.841299304556157
108.2000000000001; 0.841379135176356
108.3000000000001; 0.8414587685361399
108.40000000000009; 0.8415382054550915
108.5000000000001; 0.8416174467484725
108.6000000000001; 0.84169649322725
108.7000000000001; 0.8417753456981232
108.8000000000001; 0.8418540049635492
108.90000000000009; 0.8419324718217704
109.0000000000001; 0.8420107470668389
109.1000000000001; 0.842088831488643
109.2000000000001; 0.8421667258729335
109.3000000000001; 0.8422444310013476
109.40000000000009; 0.8423219476514354
109.5000000000001; 0.8423992765966847
109.6000000000001; 0.8424764186065454
109.7000000000001; 0.842553374446455
109.8000000000001; 0.8426301448778623
109.90000000000009; 0.8427067306582522
110.0000000000001; 0.8427831325411704
110.1000000000001; 0.8428593512762466
110.2000000000001; 0.8429353876092186
110.3000000000001; 0.8430112422819567
110.40000000000009; 0.8430869160324859
110.5000000000001; 0.8431624095950111
110.6000000000001; 0.8432377236999389
110.7000000000001; 0.8433128590739004
110.8000000000001; 0.8433878164397759
110.90000000000009; 0.843462596516716
111.0000000000001; 0.8435372000201646
111.1000000000001; 0.843611627661882
111.2000000000001; 0.8436858801499663
111.3000000000001; 0.8437599581888758
111.40000000000009; 0.8438338624794515
111.5000000000001; 0.8439075937189381
111.6000000000001; 0.8439811526010061
111.7000000000001; 0.8440545398157739
111.8000000000001; 0.844127756049828
111.9000000000001; 0.8442008019862449
112.0000000000001; 0.8442736783046124
112.1000000000001; 0.8443463856810502
112.2000000000001; 0.8444189247882306
112.3000000000001; 0.8444912962953997
112.4000000000001; 0.8445635008683972
112.5000000000001; 0.8446355391696776
112.6000000000001; 0.8447074118583296
112.7000000000001; 0.8447791195900971
112.8000000000001; 0.8448506630173982
112.9000000000001; 0.8449220427893459
113.0000000000001; 0.8449932595517672
113.1000000000001; 0.8450643139472228
113.2000000000001; 0.8451352066150274
113.3000000000001; 0.8452059381912673
113.4000000000001; 0.8452765093088213
113.5000000000001; 0.8453469205973783
113.6000000000001; 0.8454171726834574
113.7000000000001; 0.845487266190426
113.8000000000001; 0.8455572017385188
113.9000000000001; 0.8456269799448557
114.0000000000001; 0.8456966014234615
114.1000000000001; 0.8457660667852828
114.2000000000001; 0.8458353766382068
114.3000000000001; 0.8459045315870797
114.4000000000001; 0.8459735322337236
114.5000000000001; 0.8460423791769557
114.60000000000011; 0.8461110730126046
114.7000000000001; 0.8461796143335287
114.8000000000001; 0.8462480037296336
114.9000000000001; 0.8463162417878891
115.0000000000001; 0.8463843290923466
115.10000000000011; 0.8464522662241564
115.2000000000001; 0.846520053761584
115.3000000000001; 0.8465876922800281
115.4000000000001; 0.8466551823520362
115.5000000000001; 0.846722524547322
115.60000000000011; 0.8467897194327817
115.7000000000001; 0.8468567675725107
115.8000000000001; 0.8469236695278191
115.9000000000001; 0.8469904258572493
116.0000000000001; 0.8470570371165902
116.10000000000011; 0.8471235038588953
116.2000000000001; 0.8471898266344975
116.3000000000001; 0.8472560059910241
116.4000000000001; 0.8473220424734144
116.5000000000001; 0.8473879366239337
116.60000000000011; 0.8474536889821899
116.7000000000001; 0.8475193000851471
116.8000000000001; 0.8475847704671435
116.9000000000001; 0.8476501006599044
117.0000000000001; 0.8477152911925583
117.10000000000011; 0.8477803425916511
117.2000000000001; 0.8478452553811623
117.3000000000001; 0.8479100300825186
117.4000000000001; 0.8479746672146089
117.5000000000001; 0.8480391672937991
117.60000000000011; 0.8481035308339463
117.7000000000001; 0.8481677583464134
117.8000000000001; 0.8482318503400835
117.9000000000001; 0.8482958073213737
118.0000000000001; 0.8483596297942497
118.10000000000011; 0.8484233182602395
118.2000000000001; 0.8484868732184478
118.30000000000011; 0.8485502951655689
118.4000000000001; 0.8486135845959011
118.5000000000001; 0.848676742001361
118.60000000000011; 0.8487397678714956
118.7000000000001; 0.8488026626934971
118.80000000000011; 0.8488654269522153
118.9000000000001; 0.8489280611301719
119.0000000000001; 0.848990565707573
119.10000000000011; 0.8490529411623222
119.2000000000001; 0.8491151879700344
119.30000000000011; 0.8491773066040478
119.4000000000001; 0.8492392975354376
119.5000000000001; 0.8493011612330283
119.60000000000011; 0.8493628981634069
119.7000000000001; 0.8494245087909351
119.80000000000011; 0.8494859935777618
119.9000000000001; 0.8495473529838359
120.0000000000001; 0.8496085874669187
120.10000000000011; 0.8496696974825962
120.2000000000001; 0.8497306834842909
120.30000000000011; 0.8497915459232748
120.4000000000001; 0.8498522852486801
120.5000000000001; 0.8499129019075132
120.60000000000011; 0.8499733963446651
120.7000000000001; 0.8500337690029232
120.80000000000011; 0.8500940203229843
120.9000000000001; 0.8501541507434651
121.00000000000011; 0.8502141607009147
121.10000000000011; 0.850274050629825
121.2000000000001; 0.8503338209626439
121.30000000000011; 0.850393472129785
121.4000000000001; 0.85045300455964
121.50000000000011; 0.8505124186785894
121.60000000000011; 0.8505717149110144
121.7000000000001; 0.8506308936793068
121.80000000000011; 0.8506899554038816
121.9000000000001; 0.8507489005031866
122.00000000000011; 0.8508077293937141
122.10000000000011; 0.8508664424900115
122.2000000000001; 0.8509250402046922
122.30000000000011; 0.8509835229484459
122.4000000000001; 0.8510418911300498
122.50000000000011; 0.851100145156379
122.60000000000011; 0.8511582854324167
122.7000000000001; 0.8512163123612646
122.80000000000011; 0.8512742263441543
122.9000000000001; 0.851332027780456
123.00000000000011; 0.8513897170676902
123.10000000000011; 0.8514472946015369
123.2000000000001; 0.8515047607758458
123.30000000000011; 0.8515621159826473
123.4000000000001; 0.8516193606121615
123.50000000000011; 0.851676495052808
123.60000000000011; 0.8517335196912166
123.7000000000001; 0.8517904349122367
123.80000000000011; 0.8518472410989472
123.9000000000001; 0.8519039386326653
124.00000000000011; 0.8519605278929574
124.10000000000011; 0.8520170092576479
124.2000000000001; 0.8520733831028289
124.30000000000011; 0.8521296498028695
124.4000000000001; 0.8521858097304258
124.50000000000011; 0.8522418632564488
124.60000000000011; 0.8522978107501953
124.70000000000012; 0.8523536525792361
124.80000000000011; 0.8524093891094658
124.9000000000001; 0.8524650207051109
125.00000000000011; 0.8525205477287399
125.10000000000011; 0.8525759705412719
125.20000000000012; 0.8526312895019851
125.30000000000011; 0.8526865049685262
125.4000000000001; 0.8527416172969196
125.50000000000011; 0.8527966268415744
125.60000000000011; 0.8528515339552957
125.70000000000012; 0.8529063389892909
125.80000000000011; 0.8529610422931798
125.9000000000001; 0.8530156442150023
126.00000000000011; 0.8530701451012273
126.10000000000011; 0.8531245452967612
126.20000000000012; 0.8531788451449562
126.30000000000011; 0.8532330449876182
126.4000000000001; 0.8532871451650159
126.50000000000011; 0.8533411460158884
126.60000000000011; 0.8533950478774535
126.70000000000012; 0.8534488510854163
126.80000000000011; 0.8535025559739764
126.9000000000001; 0.8535561628758371
127.00000000000011; 0.8536096721222123
127.10000000000011; 0.8536630840428349
127.20000000000012; 0.8537163989659646
127.30000000000011; 0.8537696172183965
127.40000000000012; 0.8538227391254675
127.50000000000011; 0.8538757650110648
127.60000000000011; 0.8539286951976338
127.70000000000012; 0.8539815300061856
127.80000000000011; 0.854034269756304
127.90000000000012; 0.8540869147661547
128.0000000000001; 0.8541394653524903
128.1000000000001; 0.8541919218306603
128.2000000000001; 0.8542442845146165
128.30000000000013; 0.8542965537169221
128.40000000000012; 0.8543487297487578
128.5000000000001; 0.8544008129199294
128.6000000000001; 0.8544528035388754
128.7000000000001; 0.8545047019126737
128.80000000000013; 0.8545565083470494
128.90000000000012; 0.8546082231463811
129.0000000000001; 0.8546598466137086
129.1000000000001; 0.8547113790507399
129.2000000000001; 0.8547628207578578
129.30000000000013; 0.8548141720341268
129.40000000000012; 0.8548654331773012
129.5000000000001; 0.8549166044838299
129.6000000000001; 0.8549676862488652
129.7000000000001; 0.8550186787662685
129.80000000000013; 0.855069582328617
129.90000000000012; 0.855120397227211
130.0000000000001; 0.8551711237520802
130.1000000000001; 0.8552217621919906
130.2000000000001; 0.8552723128344502
130.30000000000013; 0.8553227759657168
130.40000000000012; 0.8553731518708038
130.5000000000001; 0.8554234408334864
130.6000000000001; 0.8554736431363089
130.7000000000001; 0.8555237590605901
130.80000000000013; 0.8555737888864304
130.90000000000012; 0.8556237328927181
131.0000000000001; 0.8556735913571346
131.1000000000001; 0.8557233645561624
131.2000000000001; 0.8557730527650894
131.30000000000013; 0.8558226562580172
131.40000000000012; 0.855872175307865
131.5000000000001; 0.8559216101863771
131.6000000000001; 0.8559709611641286
131.7000000000001; 0.8560202285105316
131.80000000000013; 0.8560694124938407
131.90000000000012; 0.8561185133811593
132.0000000000001; 0.8561675314384458
132.1000000000001; 0.8562164669305184
132.2000000000001; 0.8562653201210626
132.30000000000013; 0.8563140912726354
132.40000000000012; 0.8563627806466722
132.5000000000001; 0.8564113885034916
132.6000000000001; 0.8564599151023021
132.70000000000013; 0.8565083607012074
132.80000000000013; 0.8565567255572113
132.90000000000012; 0.8566050099262246
133.0000000000001; 0.8566532140630695
133.1000000000001; 0.856701338221486
133.20000000000013; 0.856749382654137
133.30000000000013; 0.856797347612614
133.40000000000012; 0.8568452333474419
133.5000000000001; 0.8568930401080855
133.6000000000001; 0.8569407681429541
133.70000000000013; 0.8569884176994067
133.80000000000013; 0.8570359890237583
133.90000000000012; 0.8570834823612842
134.0000000000001; 0.8571308979562254
134.1000000000001; 0.8571782360517948
134.20000000000013; 0.8572254968901808
134.30000000000013; 0.8572726807125536
134.40000000000012; 0.8573197877590705
134.5000000000001; 0.85736681826888
134.6000000000001; 0.8574137724801277
134.70000000000013; 0.857460650629961
134.80000000000013; 0.8575074529545343
134.90000000000012; 0.8575541796890139
135.0000000000001; 0.857600831067583
135.1000000000001; 0.8576474073234464
135.20000000000013; 0.8576939086888359
135.30000000000013; 0.8577403353950147
135.40000000000012; 0.8577866876722824
135.5000000000001; 0.85783296574998
135.6000000000001; 0.8578791698564945
135.70000000000013; 0.8579253002192639
135.80000000000013; 0.8579713570647812
135.90000000000012; 0.8580173406186004
136.0000000000001; 0.8580632511053399
136.1000000000001; 0.858109088748688
136.20000000000013; 0.8581548537714071
136.30000000000013; 0.8582005463953387
136.40000000000012; 0.8582461668414072
136.5000000000001; 0.8582917153296256
136.6000000000001; 0.858337192079099
136.70000000000013; 0.8583825973080297
136.80000000000013; 0.8584279312337214
136.90000000000012; 0.8584731940725838
137.0000000000001; 0.858518386040137
137.1000000000001; 0.8585635073510155
137.20000000000013; 0.8586085582189736
137.30000000000013; 0.8586535388568883
137.40000000000012; 0.8586984494767651
137.5000000000001; 0.8587432902897412
137.6000000000001; 0.8587880615060902
137.70000000000013; 0.8588327633352267
137.80000000000013; 0.8588773959857096
137.90000000000012; 0.8589219596652472
138.0000000000001; 0.8589664545807011
138.1000000000001; 0.8590108809380902
138.20000000000013; 0.8590552389425948
138.30000000000013; 0.8590995287985611
138.40000000000012; 0.859143750709505
138.5000000000001; 0.859187904878116
138.60000000000014; 0.8592319915062616
138.70000000000013; 0.8592760107949909
138.80000000000013; 0.8593199629445395
138.90000000000012; 0.859363848154332
139.0000000000001; 0.8594076666229872
139.10000000000014; 0.8594514185483215
139.20000000000013; 0.8594951041273531
139.30000000000013; 0.8595387235563055
139.40000000000012; 0.8595822770306116
139.5000000000001; 0.8596257647449177
139.60000000000014; 0.8596691868930865
139.70000000000013; 0.8597125436682023
139.80000000000013; 0.8597558352625734
139.90000000000012; 0.8597990618677368
140.0000000000001; 0.8598422236744614
140.10000000000014; 0.859885320872752
140.20000000000013; 0.8599283536518529
140.30000000000013; 0.8599713222002514
140.40000000000012; 0.8600142267056817
140.5000000000001; 0.8600570673551288
140.60000000000014; 0.8600998443348311
140.70000000000013; 0.8601425578302851
140.80000000000013; 0.8601852080262488
140.90000000000012; 0.8602277951067441
141.0000000000001; 0.8602703192550619
141.10000000000014; 0.8603127806537648
141.20000000000013; 0.8603551794846908
141.30000000000013; 0.8603975159289563
141.40000000000012; 0.8604397901669606
141.5000000000001; 0.8604820023783881
141.60000000000014; 0.8605241527422125
141.70000000000013; 0.8605662414367002
141.80000000000013; 0.8606082686394132
141.90000000000012; 0.860650234527213
142.0000000000001; 0.8606921392762634
142.10000000000014; 0.8607339830620344
142.20000000000013; 0.8607757660593052
142.30000000000013; 0.8608174884421672
142.40000000000012; 0.8608591503840278
142.5000000000001; 0.8609007520576137
142.60000000000014; 0.8609422936349733
142.70000000000013; 0.8609837752874808
142.80000000000013; 0.8610251971858394
142.90000000000012; 0.8610665595000835
143.0000000000001; 0.8611078623995829
143.10000000000014; 0.8611491060530456
143.20000000000013; 0.8611902906285208
143.30000000000013; 0.8612314162934024
143.40000000000012; 0.8612724832144313
143.5000000000001; 0.8613134915576993
143.60000000000014; 0.8613544414886521
143.70000000000013; 0.8613953331720916
143.80000000000013; 0.8614361667721797
143.90000000000012; 0.8614769424524411
144.0000000000001; 0.861517660375766
144.10000000000014; 0.8615583207044138
144.20000000000013; 0.8615989236000151
144.30000000000013; 0.8616394692235753
144.40000000000012; 0.8616799577354772
144.5000000000001; 0.8617203892954848
144.60000000000014; 0.8617607640627444
144.70000000000013; 0.8618010821957893
144.80000000000013; 0.8618413438525419
144.90000000000012; 0.8618815491903161
145.0000000000001; 0.8619216983658214
145.10000000000014; 0.8619617915351643
145.20000000000013; 0.8620018288538519
145.30000000000013; 0.862041810476795
145.40000000000012; 0.8620817365583097
145.50000000000014; 0.8621216072521214
145.60000000000014; 0.862161422711367
145.70000000000013; 0.8622011830885975
145.80000000000013; 0.8622408885357812
145.90000000000012; 0.8622805392043057
146.00000000000014; 0.8623201352449813
146.10000000000014; 0.8623596768080432
146.20000000000013; 0.8623991640431542
146.30000000000013; 0.8624385970994078
146.40000000000012; 0.8624779761253306
146.50000000000014; 0.8625173012688844
146.60000000000014; 0.8625565726774692
146.70000000000013; 0.8625957904979263
146.80000000000013; 0.8626349548765403
146.90000000000012; 0.8626740659590412
147.00000000000014; 0.8627131238906082
147.10000000000014; 0.862752128815871
147.20000000000013; 0.8627910808789133
147.30000000000013; 0.8628299802232748
147.40000000000012; 0.8628688269919536
147.50000000000014; 0.8629076213274088
147.60000000000014; 0.8629463633715634
147.70000000000013; 0.8629850532658061
147.80000000000013; 0.863023691150994
147.90000000000012; 0.8630622771674552
148.00000000000014; 0.8631008114549911
148.10000000000014; 0.8631392941528785
148.20000000000013; 0.8631777253998728
148.30000000000013; 0.8632161053342092
148.40000000000012; 0.8632544340936065
148.50000000000014; 0.8632927118152678
148.60000000000014; 0.8633309386358845
148.70000000000013; 0.8633691146916372
148.80000000000013; 0.8634072401181994
148.90000000000012; 0.8634453150507382
149.00000000000014; 0.8634833396239182
149.10000000000014; 0.8635213139719029
149.20000000000013; 0.8635592382283567
149.30000000000013; 0.863597112526448
149.40000000000012; 0.863634936998851
149.50000000000014; 0.8636727117777477
149.60000000000014; 0.8637104369948306
149.70000000000013; 0.8637481127813047
149.80000000000013; 0.8637857392678895
149.90000000000012; 0.8638233165848216
150.00000000000014; 0.8638608448618565
150.10000000000014; 0.8638983232313895
150.20000000000013; 0.8639357528035014
150.30000000000013; 0.86397313371968
150.40000000000012; 0.8640104661066544
150.50000000000014; 0.8640477500906917
150.60000000000014; 0.8640849857975995
150.70000000000013; 0.8641221733527276
150.80000000000013; 0.8641593128809698
150.90000000000012; 0.8641964045067668
151.00000000000014; 0.8642334483541071
151.10000000000014; 0.8642704445465297
151.20000000000013; 0.8643073932071259
151.30000000000013; 0.8643442944585413
151.40000000000015; 0.8643811484229778
151.50000000000014; 0.8644179552221952
151.60000000000014; 0.864454714977514
151.70000000000013; 0.8644914278098164
151.80000000000013; 0.8645280938395483
151.90000000000015; 0.8645647131867225
152.00000000000014; 0.8646012859709187
152.10000000000014; 0.8646378123112867
152.20000000000013; 0.8646742923265481
152.30000000000013; 0.8647107261349978
152.40000000000015; 0.864747113854506
152.50000000000014; 0.8647834556025203
152.60000000000014; 0.8648197514960673
152.70000000000013; 0.8648560016517547
152.80000000000013; 0.8648922061857728
152.90000000000015; 0.8649283652138962
153.00000000000014; 0.8649644788514866
153.10000000000014; 0.8650005472134934
153.20000000000013; 0.8650365704144559
153.30000000000013; 0.8650725485685056
153.40000000000015; 0.8651084817893672
153.50000000000014; 0.8651443701903608
153.60000000000014; 0.8651802138844039
153.70000000000013; 0.8652160129840125
153.80000000000013; 0.8652517676013032
153.90000000000015; 0.865287477847995
154.00000000000014; 0.8653231438354108
154.10000000000014; 0.8653587656744796
154.20000000000013; 0.8653943434757374
154.30000000000013; 0.8654298773493299
154.40000000000015; 0.8654653674050129
154.50000000000014; 0.8655008137521555
154.60000000000014; 0.8655362164997406
154.70000000000013; 0.8655715757563669
154.80000000000013; 0.8656068916302508
154.90000000000015; 0.865642164229228
155.00000000000014; 0.8656773936607548
155.10000000000014; 0.8657125800319098
155.20000000000013; 0.865747723449396
155.30000000000013; 0.8657828240195419
155.40000000000015; 0.8658178818483034
155.50000000000014; 0.8658528970412651
155.60000000000014; 0.8658878697036425
155.70000000000013; 0.8659227999402825
155.80000000000013; 0.8659576878556663
155.90000000000015; 0.8659925335539099
156.00000000000014; 0.8660273371387663
156.10000000000014; 0.8660620987136268
156.20000000000013; 0.8660968183815224
156.30000000000013; 0.8661314962451254
156.40000000000015; 0.8661661324067517
156.50000000000014; 0.8662007269683608
156.60000000000014; 0.866235280031559
156.70000000000013; 0.8662697916975995
156.80000000000013; 0.8663042620673845
156.90000000000015; 0.8663386912414671
157.00000000000014; 0.8663730793200519
157.10000000000014; 0.8664074264029973
157.20000000000013; 0.8664417325898163
157.30000000000013; 0.8664759979796783
157.40000000000015; 0.8665102226714111
157.50000000000014; 0.8665444067635011
157.60000000000014; 0.8665785503540954
157.70000000000013; 0.8666126535410038
157.80000000000013; 0.8666467164216994
157.90000000000015; 0.8666807390933201
158.00000000000014; 0.8667147216526706
158.10000000000014; 0.8667486641962232
158.20000000000013; 0.8667825668201193
158.30000000000015; 0.8668164296201712
158.40000000000015; 0.8668502526918634
158.50000000000014; 0.8668840361303529
158.60000000000014; 0.8669177800304726
158.70000000000013; 0.8669514844867304
158.80000000000015; 0.8669851495933126
158.90000000000015; 0.8670187754440841
159.00000000000014; 0.8670523621325896
159.10000000000014; 0.8670859097520557
159.20000000000013; 0.8671194183953918
159.30000000000015; 0.8671528881551914
159.40000000000015; 0.8671863191237335
159.50000000000014; 0.867219711392984
159.60000000000014; 0.8672530650545971
159.70000000000013; 0.8672863801999158
159.80000000000015; 0.8673196569199747
159.90000000000015; 0.8673528953054999
160.00000000000014; 0.8673860954469106
