energy (keV); transmission
1.0; 0.0
1.1; 0.0
1.2000000000000002; 0.0
1.3000000000000003; 0.0
1.4000000000000004; 0.0
1.5000000000000004; 8.488591923499159e-297
1.6000000000000005; 0.0
1.7000000000000006; 0.0
1.8000000000000007; 0.0
1.9000000000000008; 0.0
2.000000000000001; 0.0
2.100000000000001; 0.0
2.200000000000001; 0.0
2.300000000000001; 0.0
2.4000000000000012; 0.0
2.5000000000000013; 0.0
2.6000000000000014; 0.0
2.7000000000000015; 0.0
2.8000000000000016; 0.0
2.9000000000000017; 0.0
3.0000000000000018; 0.0
3.100000000000002; 0.0
3.200000000000002; 0.0
3.300000000000002; 0.0
3.400000000000002; 0.0
3.500000000000002; 0.0
3.6000000000000023; 0.0
3.7000000000000024; 1.698775233e-315
3.8000000000000025; 1.8458213171627263e-293
3.9000000000000026; 2.0245012913714927e-273
4.000000000000003; 3.8187208132361402e-255
4.100000000000003; 1.947679592800806e-238
4.200000000000003; 3.898270810913704e-223
4.3000000000000025; 4.2347009345826564e-209
4.400000000000003; 3.3272033899141525e-196
4.5000000000000036; 2.4393700178405197e-184
4.600000000000003; 2.092912170060388e-173
4.700000000000003; 2.570735132041018e-163
4.800000000000003; 5.4112692248218145e-154
4.900000000000004; 2.2922704690606585e-145
5.0000000000000036; 2.2564456252277825e-137
5.100000000000003; 5.8749120289834245e-130
5.200000000000004; 4.552411605803929e-123
5.300000000000004; 1.1673767229311565e-116
5.400000000000004; 1.0894251183473637e-110
5.5000000000000036; 4.02977622011463e-105
5.600000000000004; 6.380120799464766e-100
5.700000000000005; 4.633658228566456e-95
5.800000000000004; 1.6433766349977495e-90
5.900000000000004; 3.0119814193417997e-86
6.000000000000004; 3.0029681933253676e-82
6.100000000000005; 1.7056828291807885e-78
6.200000000000005; 5.759705913338456e-75
6.300000000000004; 1.2015873955048186e-71
6.400000000000005; 1.6039916402823934e-68
6.500000000000005; 1.4147059242135753e-65
6.600000000000005; 8.489662662903899e-63
6.700000000000005; 3.5608246055937177e-60
6.800000000000005; 1.0699365922004531e-57
6.900000000000006; 2.3558717879492163e-55
7.000000000000005; 3.881320690247615e-53
7.100000000000005; 4.877218797308753e-51
7.2000000000000055; 4.5796178502135654e-49
7.300000000000006; 3.52963112273712e-47
7.400000000000006; 2.179113959738353e-45
7.500000000000005; 1.0927853188294615e-43
7.600000000000006; 4.5091787578373055e-42
7.700000000000006; 1.549385253144491e-40
7.800000000000006; 4.4826575026859496e-39
7.900000000000006; 1.103304396163608e-37
8.000000000000007; 2.3323379889546983e-36
8.100000000000007; 4.2731788894236154e-35
8.200000000000006; 6.840425568254528e-34
8.300000000000006; 9.641055882319839e-33
8.400000000000006; 1.205003687477071e-31
8.500000000000007; 1.3445609427630533e-30
8.600000000000007; 1.3477705466451706e-29
8.700000000000006; 1.2207681947292752e-28
8.800000000000008; 1.004632578743446e-27
8.900000000000007; 7.550259045002556e-27
9.000000000000007; 5.206915284503845e-26
9.100000000000007; 3.3099140108156817e-25
9.200000000000006; 1.9476154638155056e-24
9.300000000000008; 1.065027084199773e-23
9.400000000000007; 5.43257107951448e-23
9.500000000000007; 2.593922079849984e-22
9.600000000000009; 1.1631730022139039e-21
9.700000000000008; 4.913744901665688e-21
9.800000000000008; 1.9612295034933797e-20
9.900000000000007; 7.416264493801354e-20
10.000000000000007; 2.663840111564257e-19
10.100000000000009; 9.110368065345021e-19
10.200000000000008; 2.9737126993499678e-18
10.300000000000008; 9.284254371133806e-18
10.40000000000001; 2.778284691192574e-17
10.500000000000009; 7.984274114773194e-17
10.600000000000009; 2.2076187961989434e-16
10.700000000000008; 5.883019236811247e-16
10.800000000000008; 1.5134947432447241e-15
10.90000000000001; 3.764825120937883e-15
11.000000000000009; 9.068488876145525e-15
11.100000000000009; 2.118169152042068e-14
11.20000000000001; 4.8039639720153416e-14
11.30000000000001; 1.0592545471897783e-13
11.40000000000001; 2.273435337449985e-13
11.500000000000009; 4.754889770395656e-13
11.600000000000009; 9.70159277362974e-13
11.70000000000001; 1.9330194497280986e-12
11.80000000000001; 3.764817150039965e-12
11.90000000000001; 7.174129380993231e-12
12.00000000000001; 1.3387386417131911e-11
12.10000000000001; 2.4484365242650316e-11
12.20000000000001; 4.392341626914618e-11
12.30000000000001; 7.734796293781229e-11
12.40000000000001; 1.3380208910027526e-10
12.50000000000001; 2.275302672480796e-10
12.60000000000001; 3.8059653752028205e-10
12.70000000000001; 6.266337648773293e-10
12.800000000000011; 1.016125872492315e-09
12.900000000000011; 1.6237367559579357e-09
13.00000000000001; 2.5583300193961833e-09
13.10000000000001; 3.976474159576721e-09
13.20000000000001; 6.100397918232676e-09
13.300000000000011; 9.24154876388342e-09
13.400000000000011; 1.3831111236211005e-08
13.50000000000001; 2.0459057331959167e-08
13.600000000000012; 2.9923523107827864e-08
13.700000000000012; 4.3292527871878343e-08
13.800000000000011; 6.19802672642327e-08
13.900000000000011; 8.784041079321747e-08
14.00000000000001; 1.2327900891933518e-07
14.100000000000012; 1.713897551259128e-07
14.200000000000012; 2.3611444513216763e-07
14.300000000000011; 3.224315194227391e-07
14.400000000000013; 4.3657555829436406e-07
14.500000000000012; 5.862905135268955e-07
14.600000000000012; 7.811193019718821e-07
14.700000000000012; 1.032732150043187e-06
14.800000000000011; 1.3552957626123314e-06
14.900000000000013; 1.765884995715385e-06
15.000000000000012; 2.2849382426808798e-06
15.100000000000012; 2.9367747866350145e-06
15.200000000000014; 3.750093409267154e-06
15.300000000000013; 4.758598610903571e-06
15.400000000000013; 6.001619593023516e-06
15.500000000000012; 7.524780624768154e-06
15.600000000000012; 9.380708969390861e-06
15.700000000000014; 1.1629776817963775e-05
15.800000000000013; 1.4340872957442557e-05
15.900000000000013; 1.7592199200869792e-05
16.000000000000014; 2.1472085953379892e-05
16.100000000000016; 2.6079820692254283e-05
16.200000000000014; 3.152648261515557e-05
16.30000000000001; 3.7935776268565556e-05
16.400000000000013; 4.544485661745657e-05
16.500000000000014; 5.4205137764533885e-05
16.600000000000016; 6.438307737781066e-05
16.700000000000014; 7.616092884185157e-05
16.800000000000015; 8.973745321140242e-05
16.900000000000013; 0.00010532858321497849
17.000000000000014; 0.00012316803182683354
17.100000000000016; 0.00014350783829398874
17.200000000000014; 0.00016661884496300538
17.300000000000015; 0.00019279109879195792
17.400000000000013; 0.000222334172046108
17.500000000000014; 0.0002555773973521558
17.600000000000016; 0.00029287001301320204
17.700000000000014; 0.0003345812152553719
17.800000000000015; 0.0003811001148739044
17.900000000000016; 0.0004328355965616638
18.000000000000014; 0.000490216080024101
18.100000000000016; 0.000553689182802053
18.200000000000017; 0.0006237212855259662
18.300000000000015; 0.0007007970011045796
18.400000000000016; 0.0007854185500965756
18.500000000000014; 0.0008781050452216724
18.600000000000016; 0.0009793916886261932
18.700000000000017; 0.0010898288861271221
18.800000000000015; 0.0012099812832089935
18.900000000000016; 0.0013404267280396212
19.000000000000014; 0.001481755167198185
19.100000000000016; 0.0016345674801732711
19.200000000000017; 0.0017994742589882199
19.300000000000015; 0.0019770945395437087
19.400000000000016; 0.0021680544914399057
19.500000000000018; 0.0023729860731477133
19.600000000000016; 0.002592525659447987
19.700000000000017; 0.002827312648049269
19.80000000000002; 0.0030779880522333173
19.900000000000016; 0.0033451930862654464
20.000000000000018; 0.0036295677501500265
20.100000000000016; 0.003931712592534632
20.200000000000017; 0.004252293512708473
20.30000000000002; 0.004591938666599703
20.400000000000016; 0.004951269529143275
20.500000000000018; 0.00533089959122351
20.600000000000016; 0.005731433072953788
20.700000000000017; 0.006153463674764443
20.80000000000002; 0.006597573370430969
20.900000000000016; 0.007064331245798324
21.000000000000018; 0.007554292386574318
21.10000000000002; 0.008067996818186046
21.200000000000017; 0.008605968500311364
21.30000000000002; 0.009168714378322545
21.40000000000002; 0.009756723493511235
21.500000000000018; 0.01037046615360459
21.60000000000002; 0.011010393164736664
21.700000000000017; 0.011676935125702208
21.80000000000002; 0.012370501785001181
21.90000000000002; 0.013091481460881184
22.000000000000018; 0.013840240524288037
22.10000000000002; 0.014617122944380488
22.200000000000017; 0.01542244989599166
22.30000000000002; 0.016256519428208306
22.40000000000002; 0.017119606193005867
22.500000000000018; 0.018011961232688094
22.60000000000002; 0.018933811824703457
22.70000000000002; 0.019885361382245195
22.80000000000002; 0.020866789408900254
22.90000000000002; 0.021878251505493027
23.00000000000002; 0.02291987942715244
23.10000000000002; 0.02399178118854613
23.20000000000002; 0.025094041215147314
23.30000000000002; 0.026226720538331413
23.40000000000002; 0.027389857032068397
23.50000000000002; 0.028583465688920496
23.60000000000002; 0.029807538933051755
23.70000000000002; 0.03106204696793576
23.80000000000002; 0.032346938156449116
23.90000000000002; 0.033662139431054006
24.00000000000002; 0.03500755673178888
24.10000000000002; 0.03638307546980777
24.20000000000002; 0.03778856101426459
24.300000000000022; 0.03922385920035256
24.40000000000002; 0.04068879685638684
24.50000000000002; 0.042183182347848486
24.600000000000023; 0.043706806136382
24.70000000000002; 0.045259441351793835
24.800000000000022; 0.04684084437516478
24.90000000000002; 0.04845075543126741
25.00000000000002; 0.050088899188540065
25.100000000000023; 0.05175498536494285
25.20000000000002; 0.053448709338108934
25.300000000000022; 0.055169752758259055
25.40000000000002; 0.056917784162448096
25.50000000000002; 0.05869245958875709
25.600000000000023; 0.06049342318915459
25.70000000000002; 0.06232030783979667
25.800000000000022; 0.06417273574763334
25.900000000000023; 0.06605031905224325
26.00000000000002; 0.0679526604219048
26.100000000000023; 0.06987935364296886
26.200000000000024; 0.07182998420168916
26.300000000000022; 0.07380412985771169
26.400000000000023; 0.07580136120848757
26.50000000000002; 0.07782124224397788
26.600000000000023; 0.07986333089101395
26.700000000000024; 0.08192717954679987
26.800000000000022; 0.08401233560105688
26.900000000000023; 0.08611834194638963
27.00000000000002; 0.08824473747648542
27.100000000000023; 0.09039105757182773
27.200000000000024; 0.09255683457264277
27.300000000000022; 0.09474159823883031
27.400000000000023; 0.09694487619671066
27.500000000000025; 0.09916619437240833
27.600000000000023; 0.10140507741178025
27.700000000000024; 0.10366104908679807
27.800000000000026; 0.1059336326883388
27.900000000000023; 0.10822235140539244
28.000000000000025; 0.11052672869067039
28.100000000000023; 0.11284628861269008
28.200000000000024; 0.1151805561943903
28.300000000000026; 0.11752905773837496
28.400000000000023; 0.11989132113890853
28.500000000000025; 0.12226687618078609
28.600000000000023; 0.12465525482525461
28.700000000000024; 0.12705599148313546
28.800000000000026; 0.1294686232753477
28.900000000000023; 0.13189269028104222
29.000000000000025; 0.13432773577354487
29.100000000000026; 0.13677330644434144
29.200000000000024; 0.1392289526153408
29.300000000000026; 0.14169422843967125
29.400000000000027; 0.14416869209122965
29.500000000000025; 0.14665190594329106
29.600000000000026; 0.1491434367363878
29.700000000000024; 0.15164285573577763
29.800000000000026; 0.1541497388787333
29.900000000000027; 0.15666366691195194
30.000000000000025; 0.15918422551936004
30.100000000000026; 0.16171201051045292
30.200000000000024; 0.16424563455091082
30.300000000000026; 0.16678468377272024
30.400000000000027; 0.16932876411207232
30.500000000000025; 0.171877486969739
30.600000000000026; 0.17443046928767902
30.700000000000028; 0.17698733361791413
30.800000000000026; 0.17954770818394153
30.900000000000027; 0.18211122693495266
31.00000000000003; 0.18467752959313646
31.100000000000026; 0.1872462616943021
31.200000000000028; 0.1898170746221106
31.300000000000026; 0.19238962563614562
31.400000000000027; 0.19496357789408664
31.50000000000003; 0.1975386004682208
31.600000000000026; 0.20011436835653731
31.700000000000028; 0.20269056248863723
31.800000000000026; 0.20526686972670347
31.900000000000027; 0.2078429828617213
32.00000000000003; 0.2104186006052069
32.10000000000002; 0.2129934275766407
32.20000000000003; 0.2155671742868057
32.300000000000026; 0.21813955711725316
32.40000000000003; 0.22071029829607836
32.50000000000003; 0.22327912587021329
32.60000000000003; 0.22584577367440042
32.70000000000003; 0.22840998129705195
32.800000000000026; 0.2309714940431645
32.90000000000003; 0.23353006289444636
33.00000000000003; 0.23608544446684193
33.10000000000003; 0.23863740096559727
33.20000000000003; 0.24118570013803314
33.300000000000026; 0.2437301152241621
33.40000000000003; 0.2462704249053131
33.50000000000003; 0.248806413250874
33.60000000000003; 0.251337869663326
33.70000000000003; 0.2538645888216499
33.800000000000026; 0.25638637062327724
33.90000000000003; 0.25890302012466687
34.00000000000003; 0.26141434748065845
34.10000000000003; 0.26392016788267114
34.20000000000003; 0.26642030149589374
34.30000000000003; 0.26891457339554875
34.40000000000003; 0.27140281350232265
34.50000000000003; 0.2738848565170743
34.60000000000003; 0.2763605418548893
34.70000000000003; 0.278829713578594
34.80000000000003; 0.28129222033177126
34.90000000000003; 0.2837479152714075
35.00000000000003; 0.2861966560001949
35.10000000000003; 0.28863830449859096
35.20000000000003; 0.29107272705670373
35.30000000000003; 0.2934997942060409
35.400000000000034; 0.29591938065122353
35.50000000000003; 0.2983313652016791
35.60000000000003; 0.3007356307034128
35.70000000000003; 0.3031320639708733
35.80000000000003; 0.3055205557189812
35.900000000000034; 0.3079010004953722
36.00000000000003; 0.3102732966128767
36.10000000000003; 0.3126373460823061
36.20000000000003; 0.31499305454556265
36.30000000000003; 0.3173403312091216
36.400000000000034; 0.3196790887779174
36.50000000000003; 0.32200924338967024
36.60000000000003; 0.3243307145496731
36.70000000000003; 0.3266434250660877
36.80000000000003; 0.32894730098575575
36.900000000000034; 0.3312422715305548
37.00000000000003; 0.3335282690343413
37.10000000000003; 0.3358052288804709
37.20000000000003; 0.3380730894399432
37.30000000000003; 0.34033179201017427
37.400000000000034; 0.34258128075442085
37.500000000000036; 0.34482150264185657
37.60000000000003; 0.3470524073883492
37.70000000000003; 0.34927394739790574
37.80000000000003; 0.35148607770483664
37.900000000000034; 0.35368875591662075
38.000000000000036; 0.3558819421574997
38.10000000000003; 0.35806559901280066
38.20000000000003; 0.3602396914739942
38.30000000000003; 0.36240418688449944
38.400000000000034; 0.364559054886229
38.500000000000036; 0.3667042673668979
38.60000000000004; 0.36883979840807374
38.70000000000003; 0.3709656242340047
38.80000000000003; 0.37308172316118576
38.900000000000034; 0.37518807554870187
39.000000000000036; 0.3772846637493247
39.10000000000004; 0.37937147206137606
39.20000000000003; 0.3814484866813432
39.30000000000003; 0.3835156956572645
39.400000000000034; 0.38557308884286007
39.500000000000036; 0.38762065785242417
39.60000000000004; 0.38965839601646907
39.70000000000003; 0.39168629833810675
39.80000000000003; 0.3937043614501896
39.900000000000034; 0.39571258357317857
40.000000000000036; 0.3977109496028626
40.10000000000004; 0.3996984244113304
40.20000000000003; 0.4016760701973662
40.30000000000003; 0.40364389084684843
40.400000000000034; 0.4056018916280116
40.500000000000036; 0.4075500791539641
40.60000000000004; 0.4094884613459086
40.70000000000004; 0.4114170473970336
40.80000000000003; 0.41333584773710147
40.900000000000034; 0.4152448739976879
41.000000000000036; 0.4171441389781041
41.10000000000004; 0.4190336566119707
41.20000000000004; 0.42091344193443325
41.30000000000003; 0.4227835110500303
41.400000000000034; 0.4246438811011925
41.500000000000036; 0.4264945702373598
41.60000000000004; 0.4283355975847356
41.70000000000004; 0.43016698321662966
41.80000000000004; 0.43198874812441646
41.900000000000034; 0.43380091418908956
42.000000000000036; 0.435603504153389
42.10000000000004; 0.4373965415945187
42.20000000000004; 0.43918005089743184
42.30000000000004; 0.44095405722866376
42.400000000000034; 0.4427185865107441
42.500000000000036; 0.44447366539712224
42.60000000000004; 0.4462193212476542
42.70000000000004; 0.4479555821046086
42.80000000000004; 0.4496824766691852
42.900000000000034; 0.45140003427856
43.000000000000036; 0.4531082848834196
43.10000000000004; 0.4548072590260014
43.20000000000004; 0.4564969878186147
43.30000000000004; 0.45817750292264325
43.400000000000034; 0.45984883652802133
43.500000000000036; 0.4615110213331649
43.60000000000004; 0.4631640905253695
43.70000000000004; 0.4648080777616494
43.80000000000004; 0.46644301715001385
43.90000000000004; 0.4680689432311773
44.000000000000036; 0.46968589096070235
44.10000000000004; 0.4712938956915469
44.20000000000004; 0.4728929931570234
44.30000000000004; 0.4744832194541694
44.40000000000004; 0.4760646110275029
44.500000000000036; 0.4776372046531647
44.60000000000004; 0.4792010374234489
44.70000000000004; 0.4807561467317006
44.80000000000004; 0.4823025702575779
44.90000000000004; 0.4838403459526787
45.00000000000004; 0.4853695120265149
45.10000000000004; 0.4868901069328358
45.20000000000004; 0.48840216935628616
45.30000000000004; 0.48990573819940186
45.40000000000004; 0.4914008525699262
45.50000000000004; 0.4928875517684456
45.60000000000004; 0.49436587527634535
45.70000000000004; 0.4958358627440664
45.80000000000004; 0.4972975539796574
45.90000000000004; 0.49875098893763775
46.00000000000004; 0.5001962077081293
46.10000000000004; 0.5016332505062886
46.20000000000004; 0.5030621576620046
46.30000000000004; 0.5044829696098756
46.40000000000004; 0.5058957268794426
46.50000000000004; 0.5073004700856921
46.60000000000004; 0.5086972399198094
46.70000000000004; 0.5100860771401843
46.80000000000004; 0.5114670225636565
46.90000000000004; 0.5128401170570036
47.00000000000004; 0.514205401528662
47.100000000000044; 0.5155629169206803
47.20000000000004; 0.5169127042008883
47.30000000000004; 0.5182548043552988
47.40000000000004; 0.5195892583807098
47.50000000000004; 0.5209161072775251
47.600000000000044; 0.5222353920427824
47.70000000000004; 0.523547153663372
47.80000000000004; 0.5248514331094648
47.90000000000004; 0.5261482713281247
48.00000000000004; 0.5274377092371104
48.100000000000044; 0.5287197877188585
48.200000000000045; 0.5299945476146551
48.30000000000004; 0.5312620297189746
48.40000000000004; 0.532522274773993
48.50000000000004; 0.533775323464268
48.600000000000044; 0.5350212164115862
48.700000000000045; 0.5362599941699692
48.80000000000004; 0.5374916972208365
48.90000000000004; 0.5387163659683194
49.00000000000004; 0.5399340407347256
49.100000000000044; 0.5411447617561568
49.200000000000045; 0.5423485691782544
49.30000000000004; 0.5435455030521007
49.40000000000004; 0.5447356033302481
49.50000000000004; 0.5459189098628755
49.600000000000044; 0.5470954623940936
49.700000000000045; 0.5482653005583524
49.80000000000004; 0.5494284638769944
49.90000000000004; 0.5505849917549174
50.00000000000004; 0.5517349234773522
50.100000000000044; 0.5528787024855126
50.200000000000045; 0.5540159636769955
50.30000000000005; 0.5551467413624782
50.40000000000004; 0.55627107418807
50.50000000000004; 0.5573890006717594
50.600000000000044; 0.5585005592007171
50.700000000000045; 0.5596057880287002
50.80000000000005; 0.5607047252735587
50.90000000000004; 0.561797408914836
51.00000000000004; 0.5628838767914656
51.100000000000044; 0.563964166599557
51.200000000000045; 0.5650383158902739
51.30000000000005; 0.566106362067797
51.40000000000005; 0.5671683423873785
51.50000000000004; 0.568224293953467
51.600000000000044; 0.5692742537179294
51.700000000000045; 0.5703182584783402
51.80000000000005; 0.5713563448763506
51.90000000000005; 0.5723885493961389
52.00000000000004; 0.5734149083629212
52.100000000000044; 0.5744354579415482
52.200000000000045; 0.5754502341351614
52.30000000000005; 0.5764592727839206
52.40000000000005; 0.5774626095637971
52.50000000000004; 0.5784602799854341
52.600000000000044; 0.579452319393062
52.700000000000045; 0.5804387629634812
52.80000000000005; 0.5814196457051062
52.90000000000005; 0.58239500245706
53.00000000000004; 0.5833648678883304
53.100000000000044; 0.5843292764969794
53.200000000000045; 0.5852882626094069
53.30000000000005; 0.5862418603796654
53.40000000000005; 0.5871901037888237
53.50000000000005; 0.5881330266443836
53.600000000000044; 0.5890706625797442
53.700000000000045; 0.5900030450537049
53.80000000000005; 0.5909302073500252
53.90000000000005; 0.591852182577021
54.00000000000005; 0.592769003667206
54.100000000000044; 0.5936807033769723
54.200000000000045; 0.5945873142863172
54.30000000000005; 0.5954888687986026
54.40000000000005; 0.5963853991403552
54.50000000000005; 0.597276937361108
54.60000000000005; 0.5981635153332672
54.700000000000045; 0.5990451647520268
54.80000000000005; 0.5999219171353088
54.90000000000005; 0.6007938038237367
55.00000000000005; 0.6016608559806478
55.10000000000005; 0.6025231045921254
55.200000000000045; 0.603380580467072
55.30000000000005; 0.6042333142373064
55.40000000000005; 0.6050813363576866
55.50000000000005; 0.6059246771062671
55.60000000000005; 0.6067633665844784
55.700000000000045; 0.6075974347173314
55.80000000000005; 0.6084269112536487
55.90000000000005; 0.6092518257663216
56.00000000000005; 0.6100722076525855
56.10000000000005; 0.6108880861343258
56.200000000000045; 0.6116994902583957
56.30000000000005; 0.6125064488969659
56.40000000000005; 0.6133089907478861
56.50000000000005; 0.6141071443350721
56.60000000000005; 0.6149009380089077
56.70000000000005; 0.6156903999466714
56.80000000000005; 0.6164755581529743
56.90000000000005; 0.6172564404602163
57.00000000000005; 0.6180330745290659
57.10000000000005; 0.6188054878489483
57.20000000000005; 0.6195737077385506
57.30000000000005; 0.6203377613463468
57.40000000000005; 0.6210976756511324
57.50000000000005; 0.6218534774625706
57.60000000000005; 0.6226051934217633
57.70000000000005; 0.6233528500018205
57.800000000000054; 0.6240964735084523
57.90000000000005; 0.6248360900805708
58.00000000000005; 0.6255717256908977
58.10000000000005; 0.6263034061465935
58.20000000000005; 0.6270311570898864
58.300000000000054; 0.6277550039987179
58.40000000000005; 0.6284749721873979
58.50000000000005; 0.6291910868072671
58.60000000000005; 0.6299033728473655
58.70000000000005; 0.6306118551351204
58.800000000000054; 0.6313165583370265
58.90000000000005; 0.6320175069593487
59.00000000000005; 0.6327147253488218
59.10000000000005; 0.6334082376933649
59.20000000000005; 0.6340980680227963
59.300000000000054; 0.6347842402095595
59.40000000000005; 0.6354667779694513
59.50000000000005; 0.6361457048623591
59.60000000000005; 0.6368210442930028
59.70000000000005; 0.6374928195116788
59.800000000000054; 0.6381610536150134
59.900000000000055; 0.6388257695467202
60.00000000000005; 0.6394869900983545
60.10000000000005; 0.6401446179635231
60.20000000000005; 0.6407987966781626
60.300000000000054; 0.6414495485555147
60.400000000000055; 0.6420968957472523
60.50000000000005; 0.6427408602557747
60.60000000000005; 0.643381463935017
60.70000000000005; 0.6440187284912645
60.800000000000054; 0.6446526754839655
60.900000000000055; 0.6452833263265496
61.00000000000006; 0.6459107022872447
61.10000000000005; 0.6465348244898953
61.20000000000005; 0.6471557139147838
61.300000000000054; 0.6477733913994509
61.400000000000055; 0.648387877639515
61.50000000000006; 0.6489991931894985
61.60000000000005; 0.6496073584636455
61.70000000000005; 0.6502123937367459
61.800000000000054; 0.6508143191449568
61.900000000000055; 0.6514131546866285
62.00000000000006; 0.6520089202231192
62.10000000000005; 0.6526016354796226
62.20000000000005; 0.6531913200459859
62.300000000000054; 0.6537779933775286
62.400000000000055; 0.6543616747958656
62.50000000000006; 0.6549423834897192
62.60000000000005; 0.6555201385157426
62.70000000000005; 0.6560949587993308
62.800000000000054; 0.6566668631354362
62.900000000000055; 0.657235870189384
63.00000000000006; 0.6578019984976788
63.10000000000006; 0.6583652664688188
63.20000000000005; 0.6589256923841005
63.300000000000054; 0.6594832943984258
63.400000000000055; 0.6600380905411073
63.50000000000006; 0.6605900987166685
63.60000000000006; 0.6611393367056431
63.70000000000005; 0.6616858221653752
63.800000000000054; 0.6622295726308128
63.900000000000055; 0.6627706055152999
64.00000000000006; 0.6633089381113695
64.10000000000005; 0.6638445875915298
64.20000000000006; 0.6643775710090486
64.30000000000005; 0.6649079052987387
64.40000000000006; 0.6654356072777361
64.50000000000006; 0.6659606936462764
64.60000000000005; 0.6664831809884714
64.70000000000006; 0.6670030857730779
64.80000000000005; 0.6675204243542674
64.90000000000006; 0.6680352129723935
65.00000000000006; 0.6685474677547485
65.10000000000005; 0.6690572047163302
65.20000000000006; 0.6695644397605913
65.30000000000005; 0.6700691886801956
65.40000000000006; 0.670571467157768
65.50000000000006; 0.6710712907666381
65.60000000000005; 0.6715686749715858
65.70000000000006; 0.6720636351295811
65.80000000000005; 0.672556186490517
65.90000000000006; 0.6730463441979451
66.00000000000006; 0.6735341232898058
66.10000000000005; 0.6740195386991507
66.20000000000006; 0.6745026052548678
66.30000000000005; 0.6749833376823995
66.40000000000006; 0.6754617506044575
66.50000000000006; 0.6759378585417337
66.60000000000005; 0.6764116759136096
66.70000000000006; 0.6768832170388607
66.80000000000005; 0.677352496136355
66.90000000000006; 0.6778195273257537
67.00000000000006; 0.678284324628199
67.10000000000007; 0.6787469019670107
67.20000000000006; 0.6792072731683653
67.30000000000005; 0.6796654519619836
67.40000000000006; 0.6801214519818046
67.50000000000006; 0.6805752867666642
67.60000000000007; 0.6810269697609629
67.70000000000006; 0.6814765143153336
67.80000000000005; 0.6819239336873061
67.90000000000006; 0.6823692410419662
68.00000000000006; 0.6828124494526099
68.10000000000007; 0.6832535719013968
68.20000000000006; 0.6836926212799981
68.30000000000005; 0.6841296103902391
68.40000000000006; 0.6845645519447426
68.50000000000006; 0.6849974585675629
68.60000000000007; 0.6854283427948198
68.70000000000006; 0.6858572170753271
68.80000000000005; 0.686284093771218
68.90000000000006; 0.6867089851585669
69.00000000000006; 0.6871319034280057
69.10000000000007; 0.6875528606853376
69.20000000000006; 0.6879718689521489
69.30000000000005; 0.6883889401664129
69.40000000000006; 0.6888040861830929
69.50000000000006; 0.6892173187747401
69.60000000000007; 0.6896286496320901
69.70000000000006; 0.6900380903646518
69.80000000000007; 0.6904456525012951
69.90000000000006; 0.6908513474908345
70.00000000000006; 0.6912551867026087
70.10000000000007; 0.6916571814270552
70.20000000000006; 0.6920573428762846
70.30000000000007; 0.6924556821846474
70.40000000000006; 0.6928522104092973
70.50000000000006; 0.6932469385307555
70.60000000000007; 0.6936398774534643
70.70000000000006; 0.6940310380063441
70.80000000000007; 0.6944204309433386
70.90000000000006; 0.6948080669439656
71.00000000000006; 0.695193956613856
71.10000000000007; 0.6955781104852945
71.20000000000006; 0.695960539017754
71.30000000000007; 0.696341252598427
71.40000000000006; 0.6967202615427531
71.50000000000006; 0.6970975760949446
71.60000000000007; 0.6974732064285055
71.70000000000006; 0.6978471626467507
71.80000000000007; 0.6982194547833176
71.90000000000006; 0.6985900928026766
72.00000000000006; 0.6989590866006378
72.10000000000007; 0.6993264460048546
72.20000000000006; 0.6996921807753222
72.30000000000007; 0.7000563006048744
72.40000000000006; 0.7004188151196741
72.50000000000006; 0.7007797338797062
72.60000000000007; 0.7011390663792585
72.70000000000006; 0.7014968220474083
72.80000000000007; 0.7018530102484979
72.90000000000006; 0.7022076402826121
73.00000000000006; 0.7025607213860486
73.10000000000007; 0.7029122627317881
73.20000000000006; 0.703262273429959
73.30000000000007; 0.7036107625282987
73.40000000000006; 0.7039577390126143
73.50000000000007; 0.7043032118072358
73.60000000000007; 0.7046471897754691
73.70000000000006; 0.7049896817200456
73.80000000000007; 0.7053306963835669
73.90000000000006; 0.7056702424489474
74.00000000000007; 0.7060083285398545
74.10000000000007; 0.7063449632211427
74.20000000000006; 0.7066801549992885
74.30000000000007; 0.7070139123228186
74.40000000000006; 0.7073462435827381
74.50000000000007; 0.7076771571129521
74.60000000000007; 0.708006661190688
74.70000000000006; 0.7083347640369116
74.80000000000007; 0.708661473816741
74.90000000000006; 0.708986798639859
75.00000000000007; 0.7093107465609212
75.10000000000007; 0.7096333255799603
75.20000000000006; 0.7099545436427889
75.30000000000007; 0.7102744086413986
75.40000000000006; 0.7105929284143562
75.50000000000007; 0.7109101107471979
75.60000000000007; 0.7112259633728184
75.70000000000006; 0.7115404939718588
75.80000000000007; 0.7118537101730927
75.90000000000006; 0.7121656195538053
76.00000000000007; 0.712476229640176
76.10000000000007; 0.7127855479076499
76.20000000000007; 0.7130935817813163
76.30000000000007; 0.7134003386362746
76.40000000000006; 0.7137058257980058
76.50000000000007; 0.7140100505427351
76.60000000000007; 0.7143130200977947
76.70000000000007; 0.7146147416419845
76.80000000000007; 0.7149152223059272
76.90000000000006; 0.7152144691724244
77.00000000000007; 0.7155124892768073
77.10000000000007; 0.715809289607284
77.20000000000007; 0.7161048771052888
77.30000000000007; 0.7163992586658241
77.40000000000006; 0.7166924411378007
77.50000000000007; 0.7169844313243792
77.60000000000007; 0.7172752359833018
77.70000000000007; 0.7175648618272298
77.80000000000007; 0.7178533155240713
77.90000000000006; 0.718140603697312
78.00000000000007; 0.7184267329263392
78.10000000000007; 0.7187117097467663
78.20000000000007; 0.7189955406507534
78.30000000000007; 0.7192782320873259
78.40000000000006; 0.7195597904626907
78.50000000000007; 0.7198402221405498
78.60000000000007; 0.7201195334424115
78.70000000000007; 0.7203977306478992
78.80000000000007; 0.7206748199950599
78.90000000000006; 0.7209508076806643
79.00000000000007; 0.7212256998605133
79.10000000000007; 0.7214995026497353
79.20000000000007; 0.7217722221230833
79.30000000000007; 0.7220438643152314
79.40000000000006; 0.7223144352210662
79.50000000000007; 0.7225839407959788
79.60000000000007; 0.7228523869561518
79.70000000000007; 0.7231197795788471
79.80000000000007; 0.7233861245026884
79.90000000000008; 0.7236514275279428
80.00000000000007; 0.7239156944168034
80.10000000000007; 0.7241790030944132
80.20000000000007; 0.7244412876318926
80.30000000000007; 0.7247025526333608
80.40000000000008; 0.7249628037295026
80.50000000000007; 0.7252220465142611
80.60000000000007; 0.7254802865451032
80.70000000000007; 0.7257375293432841
80.80000000000007; 0.7259937803941067
80.90000000000008; 0.7262490451471826
81.00000000000007; 0.7265033290166888
81.10000000000007; 0.7267566373816226
81.20000000000007; 0.7270089755860563
81.30000000000007; 0.7272603489393882
81.40000000000008; 0.7275107627165912
81.50000000000007; 0.7277602221584638
81.60000000000007; 0.7280087324718726
81.70000000000007; 0.7282562988299974
81.80000000000007; 0.7285029263725741
81.90000000000008; 0.7287486202061354
82.00000000000007; 0.7289933854042476
82.10000000000007; 0.7292372270077487
82.20000000000007; 0.7294801500249839
82.30000000000007; 0.7297221594320364
82.40000000000008; 0.7299632601729618
82.50000000000007; 0.730203457160015
82.60000000000008; 0.7304427552738805
82.70000000000007; 0.7306811593638967
82.80000000000007; 0.7309186742482815
82.90000000000008; 0.7311553047143542
83.00000000000007; 0.731391055518757
83.10000000000008; 0.7316259313876756
83.20000000000007; 0.7318599370170542
83.30000000000007; 0.7320930770728141
83.40000000000008; 0.732325356191066
83.50000000000007; 0.7325567789783247
83.60000000000008; 0.7327873500117198
83.70000000000007; 0.7330170738392043
83.80000000000007; 0.7332459549797633
83.90000000000008; 0.7334739979236201
84.00000000000007; 0.733701207132442
84.10000000000008; 0.7339275870395421
84.20000000000007; 0.7341531420500818
84.30000000000007; 0.7343778765412718
84.40000000000008; 0.734601794862569
84.50000000000007; 0.7348249013358745
84.60000000000008; 0.7350472002557303
84.70000000000007; 0.7352686958895123
84.80000000000007; 0.7354893924776224
84.90000000000008; 0.7357092942336816
85.00000000000007; 0.7359284053447179
85.10000000000008; 0.7361467299713571
85.20000000000007; 0.7363642722480064
85.30000000000007; 0.736581036283043
85.40000000000008; 0.736797026158996
85.50000000000007; 0.73701224593273
85.60000000000008; 0.737226699635628
85.70000000000007; 0.7374403912737676
85.80000000000007; 0.7376533248281026
85.90000000000008; 0.7378655042546394
86.00000000000007; 0.7380769334846129
86.10000000000008; 0.7382876164246605
86.20000000000007; 0.7384975569569959
86.30000000000008; 0.7387067589395808
86.40000000000008; 0.7389152262062959
86.50000000000007; 0.7391229625671094
86.60000000000008; 0.7393299718082451
86.70000000000007; 0.7395362576923507
86.80000000000008; 0.739741823958661
86.90000000000008; 0.7399466743231632
87.00000000000007; 0.7401508124787604
87.10000000000008; 0.7403542420954327
87.20000000000007; 0.7405569668203977
87.30000000000008; 0.7407589902782703
87.40000000000008; 0.7409603160712199
87.50000000000007; 0.7411609477791286
87.60000000000008; 0.7413608889597458
87.70000000000007; 0.7415601431488428
87.80000000000008; 0.7417587138603671
87.90000000000008; 0.7419566045865941
88.00000000000007; 0.7421538187982774
88.10000000000008; 0.7423503599448005
88.20000000000007; 0.7425462314543237
88.30000000000008; 0.7427414367339326
88.40000000000008; 0.7429359791697853
88.50000000000007; 0.7431298621272563
88.60000000000008; 0.7433230889510828
88.70000000000007; 0.7435156629655061
88.80000000000008; 0.7437075874744151
88.90000000000008; 0.7438988657614861
89.00000000000009; 0.744089501090325
89.10000000000008; 0.7442794967046034
89.20000000000007; 0.7444688558281997
89.30000000000008; 0.7446575816653331
89.40000000000008; 0.7448456774007014
89.50000000000009; 0.745033146199615
89.60000000000008; 0.7452199912081313
89.70000000000007; 0.7454062155531865
89.80000000000008; 0.7455918223427294
89.90000000000008; 0.7457768146658491
90.00000000000009; 0.7459611955929093
90.10000000000008; 0.7461449681756718
90.20000000000007; 0.7463281354474297
90.30000000000008; 0.7465107004231302
90.40000000000008; 0.7466926660995031
90.50000000000009; 0.7468740354551852
90.60000000000008; 0.7470548114508436
90.70000000000007; 0.7472349970293007
90.80000000000008; 0.7474145951156543
90.90000000000008; 0.7475936086174004
91.00000000000009; 0.7477720404245538
91.10000000000008; 0.747949893409766
91.20000000000007; 0.7481271704284462
91.30000000000008; 0.7483038743188775
91.40000000000008; 0.7484800079023332
91.50000000000009; 0.7486555739831947
91.60000000000008; 0.7488305753490656
91.70000000000007; 0.749005014770886
91.80000000000008; 0.7491788950030459
91.90000000000008; 0.7493522187834978
92.00000000000009; 0.7495249888338688
92.10000000000008; 0.749697207859571
92.20000000000007; 0.7498688785499124
92.30000000000008; 0.7500400035782046
92.40000000000008; 0.7502105856018735
92.50000000000009; 0.750380627262565
92.60000000000008; 0.7505501311862529
92.70000000000009; 0.7507190999833444
92.80000000000008; 0.7508875362487857
92.90000000000008; 0.7510554425621663
93.00000000000009; 0.7512228214878228
93.10000000000008; 0.7513896755749427
93.20000000000009; 0.7515560073576644
93.30000000000008; 0.7517218193551808
93.40000000000008; 0.7518871140718387
93.50000000000009; 0.7520518939972396
93.60000000000008; 0.752216161606338
93.70000000000009; 0.7523799193595404
93.80000000000008; 0.7525431697028033
93.90000000000008; 0.752705915067729
94.00000000000009; 0.7528681578716635
94.10000000000008; 0.7530299005177907
94.20000000000009; 0.7531911453952285
94.30000000000008; 0.7533518948791212
94.40000000000008; 0.7535121513307349
94.50000000000009; 0.7536719170975498
94.60000000000008; 0.7538311945133503
94.70000000000009; 0.7539899858983206
94.80000000000008; 0.7541482935591304
94.90000000000008; 0.7543061197890293
95.00000000000009; 0.754463466867933
95.10000000000008; 0.754620337062515
95.20000000000009; 0.7547767326262917
95.30000000000008; 0.7549326557997129
95.40000000000009; 0.7550881088102457
95.50000000000009; 0.7552430938724626
95.60000000000008; 0.7553976131881266
95.70000000000009; 0.7555516689462761
95.80000000000008; 0.755705263323309
95.90000000000009; 0.7558583984830669
96.00000000000009; 0.7560110765769168
96.10000000000008; 0.7561632997438356
96.20000000000009; 0.7563150701104907
96.30000000000008; 0.7564663897913212
96.40000000000009; 0.7566172608886189
96.50000000000009; 0.7567676854926092
96.60000000000008; 0.7569176656815282
96.70000000000009; 0.7570672035217049
96.80000000000008; 0.7572163010676368
96.90000000000009; 0.7573649603620687
97.00000000000009; 0.7575131834360704
97.10000000000008; 0.7576609723091123
97.20000000000009; 0.7578083289891429
97.30000000000008; 0.7579552554726625
97.40000000000009; 0.7581017537447999
97.50000000000009; 0.7582478257793861
97.60000000000008; 0.7583934735390274
97.70000000000009; 0.758538698975181
97.80000000000008; 0.7586835040282253
97.90000000000009; 0.7588278906275336
98.00000000000009; 0.758971860691546
98.10000000000008; 0.7591154161278403
98.20000000000009; 0.7592585588332023
98.30000000000008; 0.7594012906936967
98.40000000000009; 0.759543613584737
98.50000000000009; 0.7596855293711537
98.60000000000008; 0.7598270399072644
98.70000000000009; 0.7599681470369412
98.80000000000008; 0.7601088525936779
98.90000000000009; 0.7602491584006589
99.00000000000009; 0.7603890662708239
99.1000000000001; 0.7605285780069369
99.20000000000009; 0.7606676954016487
99.30000000000008; 0.7608064202375656
99.40000000000009; 0.7609447542873108
99.50000000000009; 0.7610826993135923
99.6000000000001; 0.7612202570692643
99.70000000000009; 0.7613574292973919
99.80000000000008; 0.7614942177313139
99.90000000000009; 0.7616306240947046
100.00000000000009; 0.7617666490962526
100.1000000000001; 0.7619022570685342
100.20000000000009; 0.7620374882751698
100.30000000000008; 0.7621723443994339
100.40000000000009; 0.7623068271152608
100.50000000000009; 0.762440938087304
100.6000000000001; 0.7625746789709944
100.70000000000009; 0.7627080514126008
100.80000000000008; 0.7628410570492886
100.90000000000009; 0.762973697509176
101.00000000000009; 0.7631059744113943
101.1000000000001; 0.7632378893661431
101.20000000000009; 0.7633694439747485
101.30000000000008; 0.7635006398297194
101.40000000000009; 0.7636314785148027
101.50000000000009; 0.7637619616050404
101.6000000000001; 0.7638920906668242
101.70000000000009; 0.7640218672579503
101.8000000000001; 0.764151292927674
101.90000000000009; 0.7642803692167649
102.00000000000009; 0.764409097657558
102.1000000000001; 0.7645374797740108
102.20000000000009; 0.7646655170817535
102.3000000000001; 0.7647932110881421
102.40000000000009; 0.764920563292312
102.50000000000009; 0.7650475751852281
102.6000000000001; 0.7651742482497379
102.70000000000009; 0.7653005839606217
102.8000000000001; 0.7654265837846439
102.90000000000009; 0.7655522491806027
103.00000000000009; 0.765677581599382
103.1000000000001; 0.7658025824839982
103.20000000000009; 0.7659272532696526
103.3000000000001; 0.7660515953837788
103.40000000000009; 0.7661756102460915
103.50000000000009; 0.7662992992686354
103.6000000000001; 0.7664226638558334
103.70000000000009; 0.7665457054045328
103.8000000000001; 0.7666684253040547
103.90000000000009; 0.7667908249362393
104.00000000000009; 0.7669129056754938
104.1000000000001; 0.7670346688888381
104.20000000000009; 0.7671561159359513
104.3000000000001; 0.7672772481692169
104.40000000000009; 0.7673980669337684
104.50000000000009; 0.7675185735675352
104.6000000000001; 0.7676387694012854
104.70000000000009; 0.7677586557586732
104.8000000000001; 0.7678782339562794
104.90000000000009; 0.7679975053036594
105.00000000000009; 0.7681164711033825
105.1000000000001; 0.7682351326510791
105.20000000000009; 0.7683534912354802
105.3000000000001; 0.7684715481384625
105.40000000000009; 0.7685893046350899
105.5000000000001; 0.7687067619936552
105.6000000000001; 0.7688239214757222
105.70000000000009; 0.7689407843361676
105.8000000000001; 0.7690573518232211
105.90000000000009; 0.7691736251785078
106.0000000000001; 0.7692896056370869
106.1000000000001; 0.7694052944274944
106.20000000000009; 0.7695206927717813
106.3000000000001; 0.7696358018855536
106.40000000000009; 0.7697506229780131
106.5000000000001; 0.7698651572519954
106.6000000000001; 0.7699794059040088
106.70000000000009; 0.7700933701242741
106.8000000000001; 0.7702070510967624
106.90000000000009; 0.7703204499992325
107.0000000000001; 0.7704335680032707
107.1000000000001; 0.7705464062743267
107.20000000000009; 0.7706589659717518
107.3000000000001; 0.7707712482488356
107.40000000000009; 0.7708832542528441
107.5000000000001; 0.7709949851250542
107.6000000000001; 0.7711064420007925
107.70000000000009; 0.7712176260094693
107.8000000000001; 0.7713285382746163
107.90000000000009; 0.7714391799139207
108.0000000000001; 0.7715495520392622
108.1000000000001; 0.771659655756746
108.2000000000001; 0.7717694921667402
108.3000000000001; 0.7718790623639085
108.40000000000009; 0.7719883674372461
108.5000000000001; 0.7720974084701127
108.6000000000001; 0.7722061865402676
108.7000000000001; 0.7723147027199023
108.8000000000001; 0.7724229580756753
108.90000000000009; 0.7725309536687444
109.0000000000001; 0.7726386905548
109.1000000000001; 0.7727461697840982
109.2000000000001; 0.7728533924014935
109.3000000000001; 0.772960359446471
109.40000000000009; 0.773067071953178
109.5000000000001; 0.7731735309504574
109.6000000000001; 0.7732797374618782
109.7000000000001; 0.7733856925057677
109.8000000000001; 0.7734913970952426
109.90000000000009; 0.7735968522382397
110.0000000000001; 0.7737020589375481
110.1000000000001; 0.7738070181908383
110.2000000000001; 0.7739117309906935
110.3000000000001; 0.7740161983246407
110.40000000000009; 0.7741204211751787
110.5000000000001; 0.7742244005198103
110.6000000000001; 0.774328137331071
110.7000000000001; 0.7744316325765568
110.8000000000001; 0.7745348872189572
110.90000000000009; 0.7746379022160809
111.0000000000001; 0.7747406785208864
111.1000000000001; 0.7748432170815104
111.2000000000001; 0.7749455188412963
111.3000000000001; 0.7750475847388223
111.40000000000009; 0.7751494157079298
111.5000000000001; 0.7752510126777512
111.6000000000001; 0.7753523765727378
111.7000000000001; 0.7754535083126876
111.8000000000001; 0.7755544088127719
111.9000000000001; 0.7756550789835636
112.0000000000001; 0.775755519731063
112.1000000000001; 0.7758557319567263
112.2000000000001; 0.7759557165574903
112.3000000000001; 0.7760554744258008
112.4000000000001; 0.7761550064496376
112.5000000000001; 0.7762543135125411
112.6000000000001; 0.7763533964936388
112.7000000000001; 0.7764522562676698
112.8000000000001; 0.7765508937050117
112.9000000000001; 0.776649309671706
113.0000000000001; 0.7767475050294822
113.1000000000001; 0.7768454806357843
113.2000000000001; 0.7769432373437956
113.3000000000001; 0.777040776002462
113.4000000000001; 0.777138097456519
113.5000000000001; 0.7772352025465143
113.6000000000001; 0.7773320921088328
113.7000000000001; 0.7774287669757213
113.8000000000001; 0.7775252279753113
113.9000000000001; 0.7776214759316438
114.0000000000001; 0.7777175116646928
114.1000000000001; 0.7778133359903887
114.2000000000001; 0.7779089497206416
114.3000000000001; 0.7780043536633647
114.4000000000001; 0.7780995486224973
114.5000000000001; 0.778194535398028
114.60000000000011; 0.7782893147860169
114.7000000000001; 0.7783838875786188
114.8000000000001; 0.7784782545641054
114.9000000000001; 0.7785724165268877
115.0000000000001; 0.7786663742475382
115.10000000000011; 0.7787601285028127
115.2000000000001; 0.7788536800656728
115.3000000000001; 0.7789470297053069
115.4000000000001; 0.7790401781871528
115.5000000000001; 0.7791331262729178
115.60000000000011; 0.7792258747206013
115.7000000000001; 0.779318424284516
115.8000000000001; 0.7794107757153073
115.9000000000001; 0.7795029297599771
116.0000000000001; 0.7795948871619011
116.10000000000011; 0.7796866486608526
116.2000000000001; 0.7797782149930215
116.3000000000001; 0.7798695868910344
116.4000000000001; 0.7799607650839758
116.5000000000001; 0.780051750297408
116.60000000000011; 0.7801425432533908
116.7000000000001; 0.7802331446705009
116.8000000000001; 0.780323555263853
116.9000000000001; 0.7804137757451186
117.0000000000001; 0.7805038068225453
117.10000000000011; 0.7805936492009763
117.2000000000001; 0.7806833035818703
117.3000000000001; 0.7807727706633198
117.4000000000001; 0.7808620511400706
117.5000000000001; 0.7809511457035402
117.60000000000011; 0.781040055041837
117.7000000000001; 0.781128779839779
117.8000000000001; 0.7812173207789118
117.9000000000001; 0.7813056785375274
118.0000000000001; 0.7813938537906827
118.10000000000011; 0.781481847210217
118.2000000000001; 0.7815696594647707
118.30000000000011; 0.7816572912198029
118.4000000000001; 0.7817447431376088
118.5000000000001; 0.781832015877339
118.60000000000011; 0.781919110095015
118.7000000000001; 0.7820060264435483
118.80000000000011; 0.7820927655727566
118.9000000000001; 0.7821793281293823
119.0000000000001; 0.7822657147571087
119.10000000000011; 0.7823519260965771
119.2000000000001; 0.7824379627854047
119.30000000000011; 0.7825238254581998
119.4000000000001; 0.7826095147465801
119.5000000000001; 0.7826950312791885
119.60000000000011; 0.7827803756817098
119.7000000000001; 0.7828655485768873
119.80000000000011; 0.7829505505845387
119.9000000000001; 0.7830353823215723
120.0000000000001; 0.7831200444020039
120.10000000000011; 0.7832045374369722
120.2000000000001; 0.783288862034754
120.30000000000011; 0.783373018800782
120.4000000000001; 0.7834570083376577
120.5000000000001; 0.7835408312451703
120.60000000000011; 0.7836244881203092
120.7000000000001; 0.783707979557281
120.80000000000011; 0.7837913061475251
120.9000000000001; 0.7838744684797275
121.00000000000011; 0.7839574671398378
121.10000000000011; 0.7840403027110816
121.2000000000001; 0.7841229757739789
121.30000000000011; 0.7842054869063558
121.4000000000001; 0.784287836683361
121.50000000000011; 0.7843700256774797
121.60000000000011; 0.7844520544585494
121.7000000000001; 0.7845339235937718
121.80000000000011; 0.7846156336477308
121.9000000000001; 0.7846971851824032
122.00000000000011; 0.7847785787571753
122.10000000000011; 0.7848598149288564
122.2000000000001; 0.7849408942516922
122.30000000000011; 0.78502181727738
122.4000000000001; 0.785102584555081
122.50000000000011; 0.7851831966314355
122.60000000000011; 0.785263654050576
122.7000000000001; 0.78534395735414
122.80000000000011; 0.7854241070812855
122.9000000000001; 0.7855041037687026
123.00000000000011; 0.7855839479506279
123.10000000000011; 0.785663640158857
123.2000000000001; 0.7857431809227581
123.30000000000011; 0.7858225707692854
123.4000000000001; 0.7859018102229922
123.50000000000011; 0.7859808998060426
123.60000000000011; 0.7860598400382257
123.7000000000001; 0.7861386314369685
123.80000000000011; 0.7862172745173476
123.9000000000001; 0.7862957697921019
124.00000000000011; 0.7863741177716465
124.10000000000011; 0.7864523189640834
124.2000000000001; 0.7865303738752157
124.30000000000011; 0.7866082830085585
124.4000000000001; 0.7866860468653516
124.50000000000011; 0.7867636659445718
124.60000000000011; 0.7868411407429452
124.70000000000012; 0.786918471754959
124.80000000000011; 0.7869956594728733
124.9000000000001; 0.7870727043867327
125.00000000000011; 0.7871496069843799
125.10000000000011; 0.7872263677514648
125.20000000000012; 0.7873029871714581
125.30000000000011; 0.7873794657256621
125.4000000000001; 0.7874558038932227
125.50000000000011; 0.7875320021511402
125.60000000000011; 0.7876080609742816
125.70000000000012; 0.7876839808353908
125.80000000000011; 0.7877597622051011
125.9000000000001; 0.7878354055519452
126.00000000000011; 0.7879109113423672
126.10000000000011; 0.7879862800407332
126.20000000000012; 0.7880615121093429
126.30000000000011; 0.7881366080084392
126.4000000000001; 0.7882115681962204
126.50000000000011; 0.7882863931288503
126.60000000000011; 0.7883610832604695
126.70000000000012; 0.7884356390432052
126.80000000000011; 0.7885100609271826
126.9000000000001; 0.788584349360535
127.00000000000011; 0.7886585047894143
127.10000000000011; 0.7887325276580015
127.20000000000012; 0.7888064184085172
127.30000000000011; 0.7888801774812317
127.40000000000012; 0.788953805314475
127.50000000000011; 0.7890273023446472
127.60000000000011; 0.789100669006229
127.70000000000012; 0.789173905731791
127.80000000000011; 0.7892470129520038
127.90000000000012; 0.7893199910956491
128.0000000000001; 0.7893928405896273
128.1000000000001; 0.7894655618589697
128.2000000000001; 0.7895381553268463
128.30000000000013; 0.7896106214145772
128.40000000000012; 0.7896829605416406
128.5000000000001; 0.7897551731256837
128.6000000000001; 0.7898272595825311
128.7000000000001; 0.7898992203261953
128.80000000000013; 0.7899710557688856
128.90000000000012; 0.7900427663210172
129.0000000000001; 0.7901143523912211
129.1000000000001; 0.7901858143863524
129.2000000000001; 0.790257152711501
129.30000000000013; 0.7903283677699986
129.40000000000012; 0.7903994599634304
129.5000000000001; 0.7904704296916415
129.6000000000001; 0.7905412773527478
129.7000000000001; 0.7906120033431442
129.80000000000013; 0.7906826080575127
129.90000000000012; 0.7907530918888327
130.0000000000001; 0.7908234552283889
130.1000000000001; 0.7908936984657804
130.2000000000001; 0.7909638219889281
130.30000000000013; 0.7910338261840855
130.40000000000012; 0.7911037114358451
130.5000000000001; 0.7911734781271487
130.6000000000001; 0.7912431266392943
130.7000000000001; 0.7913126573519458
130.80000000000013; 0.7913820706431403
130.90000000000012; 0.7914513668892972
131.0000000000001; 0.7915205464652261
131.1000000000001; 0.791589609744135
131.2000000000001; 0.7916585570976383
131.30000000000013; 0.7917273888957661
131.40000000000012; 0.7917961055069701
131.5000000000001; 0.7918647072981335
131.6000000000001; 0.7919331946345782
131.7000000000001; 0.7920015678800728
131.80000000000013; 0.7920698273968407
131.90000000000012; 0.7921379735455677
132.0000000000001; 0.7922060066854097
132.1000000000001; 0.7922739271740007
132.2000000000001; 0.7923417353674604
132.30000000000013; 0.792409431620402
132.40000000000012; 0.7924770162859397
132.5000000000001; 0.7925444897156959
132.6000000000001; 0.7926118522598096
132.70000000000013; 0.792679104266943
132.80000000000013; 0.7927462460842892
132.90000000000012; 0.7928132780575803
133.0000000000001; 0.7928802005310934
133.1000000000001; 0.7929470138476593
133.20000000000013; 0.7930137183486687
133.30000000000013; 0.7930803143740803
133.40000000000012; 0.7931468022624272
133.5000000000001; 0.7932131823508244
133.6000000000001; 0.7932794549749761
133.70000000000013; 0.7933456204691824
133.80000000000013; 0.7934116791663468
133.90000000000012; 0.7934776313979823
134.0000000000001; 0.7935434774942198
134.1000000000001; 0.7936092177838132
134.20000000000013; 0.7936748525941478
134.30000000000013; 0.7937403822512461
134.40000000000012; 0.7938058070797754
134.5000000000001; 0.7938711274030539
134.6000000000001; 0.7939363435430579
134.70000000000013; 0.7940014558204278
134.80000000000013; 0.7940664645544755
134.90000000000012; 0.7941313700631906
135.0000000000001; 0.794196172663247
135.1000000000001; 0.7942608726700093
135.20000000000013; 0.79432547039754
135.30000000000013; 0.7943899661586045
135.40000000000012; 0.7944543602646789
135.5000000000001; 0.7945186530259556
135.6000000000001; 0.7945828447513503
135.70000000000013; 0.7946469357485079
135.80000000000013; 0.7947109263238078
135.90000000000012; 0.7947748167823723
136.0000000000001; 0.794838607428071
136.1000000000001; 0.7949022985635277
136.20000000000013; 0.7949658904901261
136.30000000000013; 0.7950293835080168
136.40000000000012; 0.7950927779161218
136.5000000000001; 0.7951560740121421
136.6000000000001; 0.7952192720925633
136.70000000000013; 0.7952823724526604
136.80000000000013; 0.7953453753865055
136.90000000000012; 0.7954082811869722
137.0000000000001; 0.7954710901457424
137.1000000000001; 0.7955338025533117
137.20000000000013; 0.7955964186989956
137.30000000000013; 0.7956589388709339
137.40000000000012; 0.7957213633560987
137.5000000000001; 0.7957836924402982
137.6000000000001; 0.7958459264081833
137.70000000000013; 0.7959080655432529
137.80000000000013; 0.7959701101278591
137.90000000000012; 0.7960320604432142
138.0000000000001; 0.7960939167693939
138.1000000000001; 0.7961556793853457
138.20000000000013; 0.7962173485688918
138.30000000000013; 0.7962789245967359
138.40000000000012; 0.7963404077444682
138.5000000000001; 0.7964017982865714
138.60000000000014; 0.7964630964964248
138.70000000000013; 0.7965243026463107
138.80000000000013; 0.7965854170074196
138.90000000000012; 0.796646439849855
139.0000000000001; 0.7967073714426387
139.10000000000014; 0.7967682120537166
139.20000000000013; 0.7968289619499633
139.30000000000013; 0.7968896213971872
139.40000000000012; 0.7969501906601365
139.5000000000001; 0.7970106700025028
139.60000000000014; 0.7970710596869273
139.70000000000013; 0.7971313599750058
139.80000000000013; 0.7971915711272934
139.90000000000012; 0.7972516934033094
140.0000000000001; 0.7973117270615422
140.10000000000014; 0.7973716723594549
140.20000000000013; 0.7974315295534893
140.30000000000013; 0.7974912988990714
140.40000000000012; 0.797550980650616
140.5000000000001; 0.797610575061532
140.60000000000014; 0.7976700823842261
140.70000000000013; 0.7977295028701084
140.80000000000013; 0.7977888367695973
140.90000000000012; 0.7978480843321237
141.0000000000001; 0.7979072458061358
141.10000000000014; 0.7979663214391041
141.20000000000013; 0.7980253114775255
141.30000000000013; 0.7980842161669286
141.40000000000012; 0.7981430357518776
141.5000000000001; 0.7982017704759773
141.60000000000014; 0.7982604205818772
141.70000000000013; 0.798318986311277
141.80000000000013; 0.7983774679049297
141.90000000000012; 0.7984358656026473
142.0000000000001; 0.7984941796433046
142.10000000000014; 0.7985524102648434
142.20000000000013; 0.7986105577042778
142.30000000000013; 0.7986686221976976
142.40000000000012; 0.7987266039802732
142.5000000000001; 0.79878450328626
142.60000000000014; 0.7988423203490019
142.70000000000013; 0.7989000554009367
142.80000000000013; 0.7989577086735998
142.90000000000012; 0.7990152803976283
143.0000000000001; 0.799072770802765
143.10000000000014; 0.7991301801178636
143.20000000000013; 0.7991875085708918
143.30000000000013; 0.7992447563889361
143.40000000000012; 0.7993019237982054
143.5000000000001; 0.7993590110240355
143.60000000000014; 0.7994160182908929
143.70000000000013; 0.7994729458223793
143.80000000000013; 0.7995297938412349
143.90000000000012; 0.7995865625693432
144.0000000000001; 0.7996432522277344
144.10000000000014; 0.7996998630365897
144.20000000000013; 0.7997563952152451
144.30000000000013; 0.7998128489821953
144.40000000000012; 0.7998692245550976
144.5000000000001; 0.7999255221507761
144.60000000000014; 0.7999817419852249
144.70000000000013; 0.8000378842736129
144.80000000000013; 0.8000939492302863
144.90000000000012; 0.8001499370687739
145.0000000000001; 0.8002058480017898
145.10000000000014; 0.8002616822412375
145.20000000000013; 0.8003174399982135
145.30000000000013; 0.8003731214830118
145.40000000000012; 0.800428726905126
145.50000000000014; 0.8004842564732547
145.60000000000014; 0.8005397103953042
145.70000000000013; 0.8005950888783923
145.80000000000013; 0.800650392128852
145.90000000000012; 0.8007056203522349
146.00000000000014; 0.8007607737533153
146.10000000000014; 0.8008158525360932
146.20000000000013; 0.8008708569037979
146.30000000000013; 0.8009257870588922
146.40000000000012; 0.8009806432030749
146.50000000000014; 0.8010354255372852
146.60000000000014; 0.8010901342617055
146.70000000000013; 0.8011447695757653
146.80000000000013; 0.8011993316781443
146.90000000000012; 0.8012538207667761
147.00000000000014; 0.8013082370388516
147.10000000000014; 0.8013625806908218
147.20000000000013; 0.8014168519184022
147.30000000000013; 0.8014710509165752
147.40000000000012; 0.801525177879594
147.50000000000014; 0.8015792330009857
147.60000000000014; 0.8016332164735542
147.70000000000013; 0.8016871284893847
147.80000000000013; 0.8017409692398455
147.90000000000012; 0.801794738915592
148.00000000000014; 0.8018484377065702
148.10000000000014; 0.8019020658020188
148.20000000000013; 0.8019556233904741
148.30000000000013; 0.8020091106597711
148.40000000000012; 0.8020625277970489
148.50000000000014; 0.8021158749887516
148.60000000000014; 0.8021691524206334
148.70000000000013; 0.8022223602777603
148.80000000000013; 0.802275498744514
148.90000000000012; 0.8023285680045945
149.00000000000014; 0.8023815682410237
149.10000000000014; 0.802434499636148
149.20000000000013; 0.8024873623716411
149.30000000000013; 0.802540156628508
149.40000000000012; 0.8025928825870866
149.50000000000014; 0.8026455404270523
149.60000000000014; 0.8026981303274194
149.70000000000013; 0.8027506524665452
149.80000000000013; 0.8028031070221324
149.90000000000012; 0.802855494171232
150.00000000000014; 0.8029078140902466
150.10000000000014; 0.8029600655650886
150.20000000000013; 0.8030122501389046
150.30000000000013; 0.8030643680045189
150.40000000000012; 0.8031164193342001
150.50000000000014; 0.8031684042995941
150.60000000000014; 0.8032203230717277
150.70000000000013; 0.8032721758210097
150.80000000000013; 0.8033239627172343
150.90000000000012; 0.8033756839295843
151.00000000000014; 0.8034273396266326
151.10000000000014; 0.8034789299763462
151.20000000000013; 0.8035304551460877
151.30000000000013; 0.8035819153026189
151.40000000000015; 0.8036333106121027
151.50000000000014; 0.8036846412401063
151.60000000000014; 0.8037359073516032
151.70000000000013; 0.8037871091109761
151.80000000000013; 0.8038382466820192
151.90000000000015; 0.8038893202279421
152.00000000000014; 0.8039403299113703
152.10000000000014; 0.8039912758943488
152.20000000000013; 0.804042158338345
152.30000000000013; 0.8040929774042505
152.40000000000015; 0.8041437332523835
152.50000000000014; 0.8041944260424924
152.60000000000014; 0.8042450559337566
152.70000000000013; 0.804295623084791
152.80000000000013; 0.8043461276536463
152.90000000000015; 0.804396569797813
153.00000000000014; 0.8044469496742234
153.10000000000014; 0.8044972674392532
153.20000000000013; 0.8045475232487254
153.30000000000013; 0.8045977172579114
153.40000000000015; 0.8046478496215344
153.50000000000014; 0.8046979204937704
153.60000000000014; 0.8047479300282523
153.70000000000013; 0.8047978783780707
153.80000000000013; 0.8048477656957771
153.90000000000015; 0.8048975921333861
154.00000000000014; 0.8049473578423773
154.10000000000014; 0.804997062973698
154.20000000000013; 0.8050467076777656
154.30000000000013; 0.8050962921044695
154.40000000000015; 0.8051458164031734
154.50000000000014; 0.8051952807227177
154.60000000000014; 0.8052446852114218
154.70000000000013; 0.805294030017086
154.80000000000013; 0.8053433152869943
154.90000000000015; 0.805392541167916
155.00000000000014; 0.8054417078061084
155.10000000000014; 0.8054908153473181
155.20000000000013; 0.8055398639367848
155.30000000000013; 0.8055888537192416
155.40000000000015; 0.8056377848389185
155.50000000000014; 0.8056866574395436
155.60000000000014; 0.8057354716643468
155.70000000000013; 0.8057842276560592
155.80000000000013; 0.8058329255569182
155.90000000000015; 0.8058815655086675
156.00000000000014; 0.8059301476525603
156.10000000000014; 0.8059786721293608
156.20000000000013; 0.8060271390793466
156.30000000000013; 0.8060755486423103
156.40000000000015; 0.8061239009575625
156.50000000000014; 0.8061721961639325
156.60000000000014; 0.8062204343997721
156.70000000000013; 0.8062686158029553
156.80000000000013; 0.8063167405108822
156.90000000000015; 0.8063648086604808
157.00000000000014; 0.8064128203882078
157.10000000000014; 0.806460775830052
157.20000000000013; 0.8065086751215351
157.30000000000013; 0.8065565183977147
157.40000000000015; 0.8066043057931853
157.50000000000014; 0.806652037442081
157.60000000000014; 0.8066997134780769
157.70000000000013; 0.8067473340343914
157.80000000000013; 0.806794899243788
157.90000000000015; 0.8068424092385769
158.00000000000014; 0.8068898641506174
158.10000000000014; 0.8069372641113197
158.20000000000013; 0.806984609251646
158.30000000000015; 0.8070318997021135
158.40000000000015; 0.8070791355927961
158.50000000000014; 0.8071263170533249
158.60000000000014; 0.807173444212892
158.70000000000013; 0.8072205172002508
158.80000000000015; 0.8072675361437185
158.90000000000015; 0.8073145011711783
159.00000000000014; 0.8073614124100801
159.10000000000014; 0.807408269987443
159.20000000000013; 0.8074550740298576
159.30000000000015; 0.8075018246634866
159.40000000000015; 0.8075485220140671
159.50000000000014; 0.8075951662069131
159.60000000000014; 0.807641757366916
159.70000000000013; 0.807688295618547
159.80000000000015; 0.807734781085859
159.90000000000015; 0.8077812138924882
160.00000000000014; 0.8078275941616552
