energy (keV); transmission
1.0; 0.0
1.1; 0.0
1.2000000000000002; 0.0
1.3000000000000003; 0.0
1.4000000000000004; 0.0
1.5000000000000004; 0.0
1.6000000000000005; 0.0
1.7000000000000006; 0.0
1.8000000000000007; 0.0
1.9000000000000008; 0.0
2.000000000000001; 0.0
2.100000000000001; 0.0
2.200000000000001; 0.0
2.300000000000001; 0.0
2.4000000000000012; 0.0
2.5000000000000013; 0.0
2.6000000000000014; 0.0
2.7000000000000015; 0.0
2.8000000000000016; 0.0
2.9000000000000017; 0.0
3.0000000000000018; 0.0
3.100000000000002; 0.0
3.200000000000002; 0.0
3.300000000000002; 0.0
3.400000000000002; 0.0
3.500000000000002; 0.0
3.6000000000000023; 0.0
3.7000000000000024; 0.0
3.8000000000000025; 0.0
3.9000000000000026; 0.0
4.000000000000003; 0.0
4.100000000000003; 1.12899e-317
4.200000000000003; 2.8477116245450333e-297
4.3000000000000025; 1.476036146517078e-278
4.400000000000003; 2.3055389649638907e-261
4.5000000000000036; 1.5241822820358415e-245
4.600000000000003; 5.7676824010167e-231
4.700000000000003; 1.6345935352280958e-217
4.800000000000003; 4.409596545650027e-205
4.900000000000004; 1.402882009855639e-193
5.0000000000000036; 6.376267033960654e-183
5.100000000000003; 4.920416019996683e-173
5.200000000000004; 7.54493256448854e-164
5.300000000000004; 2.64818327986379e-155
5.400000000000004; 2.415070682188745e-147
5.5000000000000036; 6.412704673479447e-140
5.600000000000004; 5.492522805323608e-133
5.700000000000005; 1.6643014708614447e-126
5.800000000000004; 1.9393200046847138e-120
5.900000000000004; 9.371369270701186e-115
6.000000000000004; 2.0109486289116087e-109
6.100000000000005; 2.0379696089860495e-104
6.200000000000005; 1.0324453650656687e-99
6.300000000000004; 2.7521608881208198e-95
6.400000000000005; 4.045164003817527e-91
6.500000000000005; 3.421539538060092e-87
6.600000000000005; 1.7318910923098536e-83
6.700000000000005; 5.437518861018737e-80
6.800000000000005; 1.0943192890465865e-76
6.900000000000006; 1.455019683792291e-73
7.000000000000005; 1.3141331469338739e-70
7.100000000000005; 8.271094546706736e-68
7.2000000000000055; 3.529980605618905e-65
7.300000000000006; 1.1578147916573923e-62
7.400000000000006; 2.8251396723788106e-60
7.500000000000005; 5.224520878320033e-58
7.600000000000006; 7.449548236102443e-56
7.700000000000006; 8.321709622326722e-54
7.800000000000006; 7.391185075612971e-52
7.900000000000006; 5.29168273747508e-50
8.000000000000007; 3.0930621614219296e-48
8.100000000000007; 1.493945538359683e-46
8.200000000000006; 6.027133745884847e-45
8.300000000000006; 2.0519469736080706e-43
8.400000000000006; 5.951838904822855e-42
8.500000000000007; 1.4840230805257627e-40
8.600000000000007; 3.207411005926556e-39
8.700000000000006; 6.055884838536457e-38
8.800000000000008; 1.006181535821326e-36
8.900000000000007; 1.4812071610864315e-35
9.000000000000007; 1.9443480809854103e-34
9.100000000000007; 2.289578904737662e-33
9.200000000000006; 2.4322280095559446e-32
9.300000000000008; 2.34322613732795e-31
9.400000000000007; 2.0575033757156128e-30
9.500000000000007; 1.654280820406476e-29
9.600000000000009; 1.2232796506529615e-28
9.700000000000008; 8.353788486440673e-28
9.800000000000008; 5.288971463875483e-27
9.900000000000007; 3.115876818294935e-26
10.000000000000007; 1.7140002155416655e-25
10.100000000000009; 8.831772989890212e-25
10.200000000000008; 4.276272215291559e-24
10.300000000000008; 1.951323947345759e-23
10.40000000000001; 8.414642339006836e-23
10.500000000000009; 3.438063693963368e-22
10.600000000000009; 1.3342343296606193e-21
10.700000000000008; 4.929471476365263e-21
10.800000000000008; 1.737699018593044e-20
10.90000000000001; 5.856791230723693e-20
11.000000000000009; 1.8910945055255054e-19
11.100000000000009; 5.860673380733314e-19
11.20000000000001; 1.7463568374934144e-18
11.30000000000001; 5.011877522089984e-18
11.40000000000001; 1.3875334924329764e-17
11.500000000000009; 3.711253366489755e-17
11.600000000000009; 9.604115805456674e-17
11.70000000000001; 2.407954622565412e-16
11.80000000000001; 5.85677469737725e-16
11.90000000000001; 1.3836479570509383e-15
12.00000000000001; 3.1787843452181405e-15
12.10000000000001; 7.109708570637753e-15
12.20000000000001; 1.5497494170692e-14
12.30000000000001; 3.295579863686873e-14
12.40000000000001; 6.843588046151518e-14
12.50000000000001; 1.3890532744026673e-13
12.60000000000001; 2.758162041420408e-13
12.70000000000001; 5.362307600491097e-13
12.800000000000011; 1.0215587451225907e-12
12.900000000000011; 1.90847948402313e-12
13.00000000000001; 3.4989850682365466e-12
13.10000000000001; 6.299859822885272e-12
13.20000000000001; 1.1146646259183504e-11
13.300000000000011; 1.9393655613065225e-11
13.400000000000011; 3.320035790664304e-11
13.50000000000001; 5.595610706591238e-11
13.600000000000012; 9.290026789170773e-11
13.700000000000012; 1.5201411902636238e-10
13.800000000000011; 2.4528515195189074e-10
13.900000000000011; 3.90474320209707e-10
14.00000000000001; 6.135531343461901e-10
14.100000000000012; 9.520208890846267e-10
14.200000000000012; 1.4593632644139024e-09
14.300000000000011; 2.2109723926522624e-09
14.400000000000013; 3.311915319872704e-09
14.500000000000012; 4.907012408409281e-09
14.600000000000012; 7.193769080026289e-09
14.700000000000012; 1.0438792456126696e-08
14.800000000000011; 1.499841757192857e-08
14.900000000000013; 2.134436416498458e-08
15.000000000000012; 3.0095342390897575e-08
15.100000000000012; 4.205595738059774e-08
15.200000000000014; 5.8262544456742834e-08
15.300000000000013; 8.003969615605791e-08
15.400000000000013; 1.0906647727964356e-07
15.500000000000012; 1.4745464487689755e-07
15.600000000000012; 1.9784005159357915e-07
15.700000000000014; 2.634886064729648e-07
15.800000000000013; 3.4841816141503894e-07
15.900000000000013; 4.5753765854283634e-07
16.000000000000014; 5.968048117428881e-07
16.100000000000016; 7.73403503101017e-07
16.200000000000014; 9.959419509933318e-07
16.30000000000001; 1.2746725510882868e-06
16.400000000000013; 1.6217341051177941e-06
16.500000000000014; 2.051416936420615e-06
16.600000000000016; 2.580451148145513e-06
16.700000000000014; 3.228318012570076e-06
16.800000000000015; 4.017584191854339e-06
16.900000000000013; 4.974258185915272e-06
17.000000000000014; 6.128168086672403e-06
17.100000000000016; 7.5133593947976024e-06
17.200000000000014; 9.168511330602892e-06
17.300000000000015; 1.1137369750378027e-05
17.400000000000013; 1.3469194468768062e-05
17.500000000000014; 1.621921849212645e-05
17.600000000000016; 1.9449116392216072e-05
17.700000000000014; 2.322747879910059e-05
17.800000000000015; 2.7630289770754078e-05
17.900000000000016; 3.274140360875612e-05
18.000000000000014; 3.865301753754305e-05
18.100000000000016; 4.546613655169319e-05
18.200000000000017; 5.329102666338069e-05
18.300000000000015; 6.22476527517652e-05
18.400000000000016; 7.246609722786285e-05
18.500000000000014; 8.40869557825645e-05
18.600000000000016; 9.726170658044333e-05
18.700000000000017; 0.00011215304939689332
18.800000000000015; 0.00012893521136836747
18.900000000000016; 0.00014779421623282822
19.000000000000014; 0.000168928114176584
19.100000000000016; 0.0001925471696713296
19.200000000000017; 0.000218874004977721
19.300000000000015; 0.00024814369730479874
19.400000000000016; 0.00028060382794487193
19.500000000000018; 0.00031651448204593263
19.600000000000016; 0.0003561481980349033
19.700000000000017; 0.0003997898660605585
19.80000000000002; 0.00044773657518108447
19.900000000000016; 0.0005002974093738304
20.000000000000018; 0.0005577931927908205
20.100000000000016; 0.0006205484349338658
20.200000000000017; 0.0006889128917068945
20.30000000000002; 0.000763240554209941
20.400000000000016; 0.0008438956686659843
20.500000000000018; 0.0009312522536254086
20.600000000000016; 0.0010256935722383776
20.700000000000017; 0.0011276115654632625
20.80000000000002; 0.001237406248797264
20.900000000000016; 0.001355485075285874
21.000000000000018; 0.0014822622677123616
21.10000000000002; 0.0016181581229889222
21.200000000000017; 0.001763598291865051
21.30000000000002; 0.0019190130371384792
21.40000000000002; 0.0020848364735994713
21.500000000000018; 0.002261505792961351
21.60000000000002; 0.0024494604770303584
21.700000000000017; 0.0026491415023459186
21.80000000000002; 0.0028609905394815145
21.90000000000002; 0.003085449150137612
22.000000000000018; 0.003322957985078519
22.10000000000002; 0.0035739559858777754
22.200000000000017; 0.0038388795933238917
22.30000000000002; 0.004118161965226666
22.40000000000002; 0.004412232206229402
22.500000000000018; 0.004721514612095972
22.60000000000002; 0.005046427930795818
22.70000000000002; 0.005387384642555721
22.80000000000002; 0.005744790260889397
22.90000000000002; 0.006119042656457118
23.00000000000002; 0.006510531405440749
23.10000000000002; 0.006919637163957581
23.20000000000002; 0.0073467310698715855
23.30000000000002; 0.007792174173194618
23.40000000000002; 0.008256316896115334
23.50000000000002; 0.008739498523526859
23.60000000000002; 0.009242046724777055
23.70000000000002; 0.0097642771072112
23.80000000000002; 0.010306492801932281
23.90000000000002; 0.010868984082066699
24.00000000000002; 0.011452028013688186
24.10000000000002; 0.012055888139422983
24.20000000000002; 0.01268081419464742
24.300000000000022; 0.013327041856063652
24.40000000000002; 0.013994792522345425
24.50000000000002; 0.014684273126436642
24.600000000000023; 0.01539567597900012
24.70000000000002; 0.016129178642426426
24.800000000000022; 0.01688494383473468
24.90000000000002; 0.017663119362631784
25.00000000000002; 0.01846383808292794
25.100000000000023; 0.01928721789145045
25.20000000000002; 0.020133361738554723
25.300000000000022; 0.02100235767027812
25.40000000000002; 0.021894278894157664
25.50000000000002; 0.02280918386868625
25.600000000000023; 0.02374711641537386
25.70000000000002; 0.024708105852345893
25.800000000000022; 0.025692167148408177
25.900000000000023; 0.026699301096488333
26.00000000000002; 0.027729494505366246
26.100000000000023; 0.028782720408597036
26.200000000000024; 0.02985893828954633
26.300000000000022; 0.03095809432145137
26.400000000000023; 0.03208012162143165
26.50000000000002; 0.033224940517407466
26.600000000000023; 0.03439245882686576
26.700000000000024; 0.035582572146466186
26.800000000000022; 0.0367951641514778
26.900000000000023; 0.03803010690407408
27.00000000000002; 0.03928726116952784
27.100000000000023; 0.04056647673938541
27.200000000000024; 0.04186759276072219
27.300000000000022; 0.0431904380706037
27.400000000000023; 0.04453483153492835
27.500000000000025; 0.04590058239082919
27.600000000000023; 0.04728749059187238
27.700000000000024; 0.04869534715530175
27.800000000000026; 0.05012393451061805
27.900000000000023; 0.051573026848827856
28.000000000000025; 0.053042390471696045
28.100000000000023; 0.05453178414040845
28.200000000000024; 0.05604095942305405
28.300000000000026; 0.05756966104038058
28.400000000000023; 0.05911762720931147
28.500000000000025; 0.06068458998372997
28.600000000000023; 0.06227027559208946
28.700000000000024; 0.06387440477141126
28.800000000000026; 0.06549669309728194
28.900000000000023; 0.06713685130949007
29.000000000000025; 0.06879458563295232
29.100000000000026; 0.07046959809362321
29.200000000000024; 0.07216158682910333
29.300000000000026; 0.07387024639369447
29.400000000000027; 0.07559526805764377
29.500000000000025; 0.07733634010040029
29.600000000000026; 0.07909314809765654
29.700000000000024; 0.08086537520204448
29.800000000000026; 0.08265270241731217
29.900000000000027; 0.08445480886587135
30.000000000000025; 0.08627137204960929
30.100000000000026; 0.08810279820322671
30.200000000000024; 0.08994805576878423
30.300000000000026; 0.09180680799828306
30.400000000000027; 0.09367872792711159
30.500000000000025; 0.09556348817815825
30.600000000000026; 0.09746076118198341
30.700000000000028; 0.0993702193899224
30.800000000000026; 0.1012915354801285
30.900000000000027; 0.1032243825565832
31.00000000000003; 0.10516843434111915
31.100000000000026; 0.10712336535848245
31.200000000000028; 0.10908885111451415
31.300000000000026; 0.1110645682674976
31.400000000000027; 0.11305019479275519
31.50000000000003; 0.11504541014056881
31.600000000000026; 0.1170498953875131
31.700000000000028; 0.11906333338129402
31.800000000000026; 0.12108540887920316
31.900000000000027; 0.12311580868026492
32.00000000000003; 0.1251542217512154
32.10000000000002; 0.12720033934641184
32.20000000000003; 0.12925385512178297
32.300000000000026; 0.13131446524295526
32.40000000000003; 0.13338186848766495
32.50000000000003; 0.13545576634259307
32.60000000000003; 0.13753586309473267
32.70000000000003; 0.13962186591743414
32.800000000000026; 0.14171348495125508
32.90000000000003; 0.1438104333797343
33.00000000000003; 0.14591242750023717
33.10000000000003; 0.14801918678999224
33.20000000000003; 0.1501304339674601
33.300000000000026; 0.15224589504915667
33.40000000000003; 0.15436529940207858
33.50000000000003; 0.15648837979183777
33.60000000000003; 0.15861487242666897
33.70000000000003; 0.16074451699739886
33.800000000000026; 0.16287705671354516
33.90000000000003; 0.16501223833564108
34.00000000000003; 0.1671498122039404
34.10000000000003; 0.16928953226359236
34.20000000000003; 0.17143115608644266
34.30000000000003; 0.17357444488956522
34.40000000000003; 0.17571916355063844
34.50000000000003; 0.17786508062029988
34.60000000000003; 0.18001196833157407
34.70000000000003; 0.18215960260651265
34.80000000000003; 0.18430776306012134
34.90000000000003; 0.18645623300172806
35.00000000000003; 0.1886047994338543
35.10000000000003; 0.19075325304872084
35.20000000000003; 0.19290138822249
35.30000000000003; 0.19504900300732075
35.400000000000034; 0.19719589912136973
35.50000000000003; 0.1993418819367924
35.60000000000003; 0.20148676046587802
35.70000000000003; 0.20363034734537344
35.80000000000003; 0.20577245881910344
35.900000000000034; 0.2079129147189739
36.00000000000003; 0.21005153844442312
36.10000000000003; 0.21218815694042714
36.20000000000003; 0.21432260067411588
36.30000000000003; 0.2164547036100873
36.400000000000034; 0.2185843031844917
36.50000000000003; 0.22071124027795852
36.60000000000003; 0.22283535918742822
36.70000000000003; 0.2249565075969719
36.80000000000003; 0.22707453654764645
36.900000000000034; 0.22918930040645236
37.00000000000003; 0.2313006568344713
37.10000000000003; 0.23340846675421473
37.20000000000003; 0.23551259431626534
37.30000000000003; 0.23761290686525077
37.400000000000034; 0.23970927490521143
37.500000000000036; 0.24180157206439662
37.60000000000003; 0.24388967505957296
37.70000000000003; 0.24597346365984793
37.80000000000003; 0.2480528206500915
37.900000000000034; 0.25012763179397357
38.000000000000036; 0.2521977857966759
38.10000000000003; 0.25426317426731204
38.20000000000003; 0.25632369168109226
38.30000000000003; 0.2583792353412773
38.400000000000034; 0.2604297053409443
38.500000000000036; 0.2624750045246174
38.60000000000004; 0.26451503844977253
38.70000000000003; 0.2665497153482771
38.80000000000003; 0.2685789460877582
38.900000000000034; 0.27060264413296137
39.000000000000036; 0.2726207255071056
39.10000000000004; 0.27463310875327257
39.20000000000003; 0.276639714895842
39.30000000000003; 0.2786404674020162
39.400000000000034; 0.28063529214343147
39.500000000000036; 0.28262411735789994
39.60000000000004; 0.28460687361129106
39.70000000000003; 0.2865834937595652
39.80000000000003; 0.28855391291099924
39.900000000000034; 0.29051806838859673
40.000000000000036; 0.2924758851113497
40.10000000000004; 0.29442628673433463
40.20000000000003; 0.2963702541762884
40.30000000000003; 0.29830773305538577
40.400000000000034; 0.3002386710116536
40.500000000000036; 0.302163017671191
40.60000000000004; 0.30408072461068547
40.70000000000004; 0.305991745322211
40.80000000000003; 0.3078960351783504
40.900000000000034; 0.3097935513976117
41.000000000000036; 0.3116842530101863
41.10000000000004; 0.3135681008240325
41.20000000000004; 0.3154450573912887
41.30000000000003; 0.3173150869750415
41.400000000000034; 0.31917815551644146
41.500000000000036; 0.32103423060216557
41.60000000000004; 0.3228832814322588
41.70000000000004; 0.3247252787883192
41.80000000000004; 0.3265601950020647
41.900000000000034; 0.32838800392427414
42.000000000000036; 0.3302086808940909
42.10000000000004; 0.33202220270871596
42.20000000000004; 0.33382854759348063
42.30000000000004; 0.33562769517228697
42.400000000000034; 0.33741962643845835
42.500000000000036; 0.3392043237259433
42.60000000000004; 0.34098177068093016
42.70000000000004; 0.34275195223383864
42.80000000000004; 0.344514854571691
42.900000000000034; 0.34627046511088355
43.000000000000036; 0.34801877247033125
43.10000000000004; 0.34975976644500756
43.20000000000004; 0.3514934379798631
43.30000000000004; 0.35321977914413016
43.400000000000034; 0.35493878310601323
43.500000000000036; 0.3566504441077504
43.60000000000004; 0.3583547574410686
43.70000000000004; 0.36005171942300873
43.80000000000004; 0.36174132737212406
43.90000000000004; 0.36342357958505517
44.000000000000036; 0.36509847531348455
44.10000000000004; 0.36676601474144743
44.20000000000004; 0.36842619896301243
44.30000000000004; 0.37007902996033526
44.40000000000004; 0.37172451058206396
44.500000000000036; 0.37336264452210216
44.60000000000004; 0.3749934362987356
44.70000000000004; 0.37661689123410547
44.80000000000004; 0.3782330154340281
44.90000000000004; 0.3798418157681672
45.00000000000004; 0.3814432998505434
45.10000000000004; 0.38303747602038607
45.20000000000004; 0.3846243533233176
45.30000000000004; 0.3862039414928744
45.40000000000004; 0.3877762509323512
45.50000000000004; 0.38934129269697115
45.60000000000004; 0.3908990784763836
45.70000000000004; 0.3924496205774738
45.80000000000004; 0.39399293190748097
45.90000000000004; 0.3955290259574433
46.00000000000004; 0.39705791678592856
46.10000000000004; 0.3985796190030855
46.20000000000004; 0.40009414775498225
46.30000000000004; 0.40160151870824773
46.40000000000004; 0.4031017480349941
46.50000000000004; 0.404594852398036
46.60000000000004; 0.4060808489363895
46.70000000000004; 0.4075597552510522
46.80000000000004; 0.4090315893910559
46.90000000000004; 0.4104963698397927
47.00000000000004; 0.41195411550160993
47.100000000000044; 0.4134048456886721
47.20000000000004; 0.4148485801080734
47.30000000000004; 0.4162853388492225
47.40000000000004; 0.41771514237146407
47.50000000000004; 0.41913801149195845
47.600000000000044; 0.42055396737380946
47.70000000000004; 0.42196303151442166
47.80000000000004; 0.42336522573411056
47.90000000000004; 0.42476057216493696
48.00000000000004; 0.4261490932397757
48.100000000000044; 0.42753081168160634
48.200000000000045; 0.4289057504930378
48.30000000000004; 0.43027393294604427
48.40000000000004; 0.43163538257191886
48.50000000000004; 0.4329901231514399
48.600000000000044; 0.43433817870524966
48.700000000000045; 0.4356795734844365
48.80000000000004; 0.43701433196132067
48.90000000000004; 0.4383424788204367
49.00000000000004; 0.43966403894971123
49.100000000000044; 0.4409790374318422
49.200000000000045; 0.4422874995358515
49.30000000000004; 0.44358945070883865
49.40000000000004; 0.4448849165679107
49.50000000000004; 0.44617392289228436
49.600000000000044; 0.4474564956155842
49.700000000000045; 0.4487326608182892
49.80000000000004; 0.45000244472037104
49.90000000000004; 0.45126587367409027
50.00000000000004; 0.45252297415694964
50.100000000000044; 0.45377421517952243
50.200000000000045; 0.45501918179371026
50.30000000000005; 0.456257895768073
50.40000000000004; 0.4574903838544978
50.50000000000004; 0.45871667290364854
50.600000000000044; 0.4599367898587332
50.700000000000045; 0.4611507617494175
50.80000000000005; 0.46235861568588277
50.90000000000004; 0.4635603788530245
51.00000000000004; 0.4647560785047878
51.100000000000044; 0.46594574195863636
51.200000000000045; 0.4671293965901573
51.30000000000005; 0.468307069827791
51.40000000000005; 0.46947878914769875
51.50000000000004; 0.47064458206873844
51.600000000000044; 0.471804476147583
51.700000000000045; 0.4729584989739447
51.80000000000005; 0.4741066781659231
51.90000000000005; 0.47524904136547286
52.00000000000004; 0.4763856162339734
52.100000000000044; 0.4775164304479253
52.200000000000045; 0.4786415116947453
52.30000000000005; 0.47976088766867214
52.40000000000005; 0.4808745860667774
52.50000000000004; 0.4819826345850826
52.600000000000044; 0.48308506091476955
52.700000000000045; 0.48418189273849566
52.80000000000005; 0.4852731577268093
52.90000000000005; 0.4863588835346524
53.00000000000004; 0.4874390977979612
53.100000000000044; 0.48851382813035804
53.200000000000045; 0.4895831021199329
53.30000000000005; 0.4906469473261117
53.40000000000005; 0.49170539127660984
53.50000000000005; 0.49275846146447233
53.600000000000044; 0.4938061853451987
53.700000000000045; 0.49484859033393824
53.80000000000005; 0.49588570380277763
53.90000000000005; 0.49691755307809854
54.00000000000005; 0.4979441654380133
54.100000000000044; 0.49896556810987175
54.200000000000045; 0.4999817882678485
54.30000000000005; 0.5009928530305936
54.40000000000005; 0.5019987894589549
54.50000000000005; 0.5029996245537761
54.60000000000005; 0.5039953852537471
54.700000000000045; 0.5049860984333353
54.80000000000005; 0.505971790900772
54.90000000000005; 0.5069524893961017
55.00000000000005; 0.5079282205892998
55.10000000000005; 0.5088990110784386
55.200000000000045; 0.5098648873879243
55.30000000000005; 0.5108258759667852
55.40000000000005; 0.5117820031870127
55.50000000000005; 0.5127332953419677
55.60000000000005; 0.5136797786448325
55.700000000000045; 0.5146214792271163
55.80000000000005; 0.5155584231372148
55.90000000000005; 0.51649063633902
56.00000000000005; 0.5174181447105749
56.10000000000005; 0.5183409740427857
56.200000000000045; 0.5192591500381677
56.30000000000005; 0.5201726983096515
56.40000000000005; 0.5210816443794223
56.50000000000005; 0.5219860136778112
56.60000000000005; 0.5228858315422242
56.70000000000005; 0.5237811232161192
56.80000000000005; 0.5246719138480177
56.90000000000005; 0.5255582284905572
57.00000000000005; 0.5264400920995901
57.10000000000005; 0.5273175295333133
57.20000000000005; 0.5281905655514356
57.30000000000005; 0.529059224814388
57.40000000000005; 0.5299235318825632
57.50000000000005; 0.5307835112155889
57.60000000000005; 0.5316391871716458
57.70000000000005; 0.5324905840068047
57.800000000000054; 0.5333377258744062
57.90000000000005; 0.5341806368244696
58.00000000000005; 0.5350193408031273
58.10000000000005; 0.5358538616521004
58.20000000000005; 0.5366842231081919
58.300000000000054; 0.5375104488028155
58.40000000000005; 0.5383325622615533
58.50000000000005; 0.5391505869037375
58.60000000000005; 0.539964546042056
58.70000000000005; 0.5407744628821963
58.800000000000054; 0.5415803605224976
58.90000000000005; 0.5423822619536428
59.00000000000005; 0.5431801900583647
59.10000000000005; 0.5439741676111823
59.20000000000005; 0.5447642172781558
59.300000000000054; 0.5455503616166657
59.40000000000005; 0.5463326230752129
59.50000000000005; 0.5471110239932415
59.60000000000005; 0.547885586600982
59.70000000000005; 0.5486563330193119
59.800000000000054; 0.5494232852596402
59.900000000000055; 0.550186465223811
60.00000000000005; 0.5509458947040169
60.10000000000005; 0.5517014575499438
60.20000000000005; 0.5524533143375148
60.300000000000054; 0.553201486501384
60.400000000000055; 0.5539459953519825
60.50000000000005; 0.5546868620887541
60.60000000000005; 0.5554241078002092
60.70000000000005; 0.556157753463999
60.800000000000054; 0.5568878199469987
60.900000000000055; 0.5576143280054096
61.00000000000006; 0.5583372982848717
61.10000000000005; 0.5590567513205909
61.20000000000005; 0.5597727075374785
61.300000000000054; 0.5604851872503049
61.400000000000055; 0.5611942106638602
61.50000000000006; 0.5618997978731362
61.60000000000005; 0.562601968863509
61.70000000000005; 0.5633007435109394
61.800000000000054; 0.5639961415821814
61.900000000000055; 0.5646881827350063
62.00000000000006; 0.5653768865184253
62.10000000000005; 0.5660622723729358
62.20000000000005; 0.566744359630768
62.300000000000054; 0.5674231675161414
62.400000000000055; 0.5680987151455372
62.50000000000006; 0.5687710215279679
62.60000000000005; 0.5694401055652674
62.70000000000005; 0.5701059860523797
62.800000000000054; 0.5707686816776594
62.900000000000055; 0.5714282110231824
63.00000000000006; 0.5720845925650557
63.10000000000006; 0.5727378446737442
63.20000000000005; 0.5733879856143969
63.300000000000054; 0.5740350335471816
63.400000000000055; 0.57467900652763
63.50000000000006; 0.5753199225069828
63.60000000000006; 0.5759577993325418
63.70000000000005; 0.5765926547480333
63.800000000000054; 0.5772245063939709
63.900000000000055; 0.5778533718080233
64.00000000000006; 0.5784792684253939
64.10000000000005; 0.5791022135791968
64.20000000000006; 0.5797222245008425
64.30000000000005; 0.5803393183204283
64.40000000000006; 0.5809535120671303
64.50000000000006; 0.5815648226696
64.60000000000005; 0.582173266956368
64.70000000000006; 0.5827788616562469
64.80000000000005; 0.5833816233987406
64.90000000000006; 0.5839815687144592
65.00000000000006; 0.5845787140355279
65.10000000000005; 0.5851730756960137
65.20000000000006; 0.5857646699323407
65.30000000000005; 0.5863535128837163
65.40000000000006; 0.5869396205925607
65.50000000000006; 0.5875230090049314
65.60000000000005; 0.5881036939709604
65.70000000000006; 0.5886816912452866
65.80000000000005; 0.5892570164874896
65.90000000000006; 0.5898296852625318
66.00000000000006; 0.5903997130411976
66.10000000000005; 0.5909671152005341
66.20000000000006; 0.5915319070242969
66.30000000000005; 0.5920941037033944
66.40000000000006; 0.5926537203363347
66.50000000000006; 0.5932107719296728
66.60000000000005; 0.593765273398461
66.70000000000006; 0.5943172395667002
66.80000000000005; 0.5948666851677886
66.90000000000006; 0.5954136248449775
67.00000000000006; 0.5959580731518194
67.10000000000007; 0.5965000445526292
67.20000000000006; 0.5970395534229306
67.30000000000005; 0.5975766140499189
67.40000000000006; 0.5981112406329099
67.50000000000006; 0.5986434472838014
67.60000000000007; 0.5991732480275254
67.70000000000006; 0.5997006568025062
67.80000000000005; 0.6002256874611173
67.90000000000006; 0.6007483537701389
68.00000000000006; 0.6012686694112122
68.10000000000007; 0.6017866479812977
68.20000000000006; 0.6023023029931323
68.30000000000005; 0.6028156478756831
68.40000000000006; 0.6033266959746071
68.50000000000006; 0.6038354605527039
68.60000000000007; 0.6043419547903724
68.70000000000006; 0.6048461917860657
68.80000000000005; 0.6053481845567447
68.90000000000006; 0.6058479460383334
69.00000000000006; 0.6063454890861701
69.10000000000007; 0.6068408264754616
69.20000000000006; 0.6073339709017344
69.30000000000005; 0.6078249349812864
69.40000000000006; 0.6083137312516356
69.50000000000006; 0.6088003721719707
69.60000000000007; 0.6092848701235998
69.70000000000006; 0.6097672374103974
69.80000000000007; 0.6102474862592505
69.90000000000006; 0.6107256288205051
70.00000000000006; 0.6112016771684099
70.10000000000007; 0.611675643301559
70.20000000000006; 0.6121475391433362
70.30000000000007; 0.6126173765423544
70.40000000000006; 0.6130851672728939
70.50000000000006; 0.6135509230353444
70.60000000000007; 0.6140146554566391
70.70000000000006; 0.6144763760906936
70.80000000000007; 0.6149360964188357
70.90000000000006; 0.6153938278502441
71.00000000000006; 0.6158495817223764
71.10000000000007; 0.6163033693014004
71.20000000000006; 0.6167552017826239
71.30000000000007; 0.6172050902909207
71.40000000000006; 0.6176530458811564
71.50000000000006; 0.6180990795386144
71.60000000000007; 0.6185432021794167
71.70000000000006; 0.618985424650947
71.80000000000007; 0.6194257577322685
71.90000000000006; 0.6198642121345427
72.00000000000006; 0.6203007985014453
72.10000000000007; 0.6207355274095822
72.20000000000006; 0.6211684093689006
72.30000000000007; 0.6215994548231025
72.40000000000006; 0.6220286741500508
72.50000000000006; 0.6224560776621824
72.60000000000007; 0.6228816756069082
72.70000000000006; 0.6233054781670235
72.80000000000007; 0.6237274954611061
72.90000000000006; 0.6241477375439194
73.00000000000006; 0.6245662144068109
73.10000000000007; 0.6249829359781092
73.20000000000006; 0.6253979121235202
73.30000000000007; 0.6258111526465198
73.40000000000006; 0.6262226672887469
73.50000000000007; 0.6266324657303921
73.60000000000007; 0.627040557590586
73.70000000000006; 0.6274469524277866
73.80000000000007; 0.6278516597401624
73.90000000000006; 0.6282546889659755
74.00000000000007; 0.6286560494839628
74.10000000000007; 0.6290557506137128
74.20000000000006; 0.6294538016160449
74.30000000000007; 0.6298502116933826
74.40000000000006; 0.6302449899901281
74.50000000000007; 0.6306381455930316
74.60000000000007; 0.6310296875315623
74.70000000000006; 0.6314196247782752
74.80000000000007; 0.6318079662491752
74.90000000000006; 0.6321947208040826
75.00000000000007; 0.6325798972469945
75.10000000000007; 0.6329635043264428
75.20000000000006; 0.6333455507358539
75.30000000000007; 0.6337260451139027
75.40000000000006; 0.6341049960448687
75.50000000000007; 0.634482412058986
75.60000000000007; 0.6348583016327949
75.70000000000006; 0.6352326731894878
75.80000000000007; 0.6356055350992593
75.90000000000006; 0.635976895679645
76.00000000000007; 0.6363467631958707
76.10000000000007; 0.6367151458611853
76.20000000000007; 0.6370820518372063
76.30000000000007; 0.6374474892342511
76.40000000000006; 0.6378114661116754
76.50000000000007; 0.6381739904782039
76.60000000000007; 0.6385350702922609
76.70000000000007; 0.6388947134623013
76.80000000000007; 0.6392529278471355
76.90000000000006; 0.6396097212562561
77.00000000000007; 0.6399651014501612
77.10000000000007; 0.6403190761406725
77.20000000000007; 0.6406716529912599
77.30000000000007; 0.6410228396173561
77.40000000000006; 0.6413726435866711
77.50000000000007; 0.6417210724195102
77.60000000000007; 0.6420681335890808
77.70000000000007; 0.642413834521807
77.80000000000007; 0.6427581825976346
77.90000000000006; 0.6431011851503398
78.00000000000007; 0.6434428494678313
78.10000000000007; 0.6437831827924554
78.20000000000007; 0.6441221923212949
78.30000000000007; 0.6444598852064687
78.40000000000006; 0.64479626855543
78.50000000000007; 0.6451313494312594
78.60000000000007; 0.6454651348529605
78.70000000000007; 0.6457976317957494
78.80000000000007; 0.6461288471913481
78.90000000000006; 0.6464587879282675
79.00000000000007; 0.6467874608520983
79.10000000000007; 0.647114872765793
79.20000000000007; 0.6474410304299494
79.30000000000007; 0.6477659405630906
79.40000000000006; 0.6480896098419454
79.50000000000007; 0.6484120449017253
79.60000000000007; 0.6487332523363991
79.70000000000007; 0.6490532386989688
79.80000000000007; 0.6493720105017398
79.90000000000008; 0.649689574216591
80.00000000000007; 0.6500059362752472
80.10000000000007; 0.650321189519027
80.20000000000007; 0.650635254572056
80.30000000000007; 0.6509481364951738
80.40000000000008; 0.651259841583414
80.50000000000007; 0.6515703760929448
80.60000000000007; 0.6518797462413267
80.70000000000007; 0.6521879582077679
80.80000000000007; 0.652495018133375
80.90000000000008; 0.6528009321214067
81.00000000000007; 0.6531057062375224
81.10000000000007; 0.6534093465100298
81.20000000000007; 0.6537118589301335
81.30000000000007; 0.6540132494521779
81.40000000000008; 0.6543135239938913
81.50000000000007; 0.65461268843663
81.60000000000007; 0.654910748625615
81.70000000000007; 0.6552077103701729
81.80000000000007; 0.6555035794439724
81.90000000000008; 0.655798361585262
82.00000000000007; 0.6560920624971007
82.10000000000007; 0.6563846878475932
82.20000000000007; 0.6566762432701212
82.30000000000007; 0.6569667343635708
82.40000000000008; 0.6572561666925633
82.50000000000007; 0.6575445457876796
82.60000000000008; 0.6578318771456874
82.70000000000007; 0.6581181662297633
82.80000000000007; 0.658403418469716
82.90000000000008; 0.6586876392622059
83.00000000000007; 0.6589708339709657
83.10000000000008; 0.6592530079270187
83.20000000000007; 0.6595341664288927
83.30000000000007; 0.6598143147428384
83.40000000000008; 0.6600934581030389
83.50000000000007; 0.6603716017118261
83.60000000000008; 0.6606487507398889
83.70000000000007; 0.6609249103264839
83.80000000000007; 0.661200085579641
83.90000000000008; 0.6614742815763732
84.00000000000007; 0.6617475033628797
84.10000000000008; 0.6620197559547503
84.20000000000007; 0.6622910443371677
84.30000000000007; 0.66256137346511
84.40000000000008; 0.6628307482635477
84.50000000000007; 0.6630991736276444
84.60000000000008; 0.663366654422954
84.70000000000007; 0.6636331954856152
84.80000000000007; 0.6638988016225461
84.90000000000008; 0.664163477611639
85.00000000000007; 0.6644272282019495
85.10000000000008; 0.664690058113891
85.20000000000007; 0.6649519720394195
85.30000000000007; 0.6652129746422254
85.40000000000008; 0.6654730705579176
85.50000000000007; 0.6657322643942104
85.60000000000008; 0.665990560731109
85.70000000000007; 0.6662479641210884
85.80000000000007; 0.6665044790892795
85.90000000000008; 0.6667601101336467
86.00000000000007; 0.6670148617251697
86.10000000000008; 0.6672687383080188
86.20000000000007; 0.6675217442997344
86.30000000000008; 0.6677738840914006
86.40000000000008; 0.6680251620478213
86.50000000000007; 0.6682755825076921
86.60000000000008; 0.6685251497837734
86.70000000000007; 0.6687738681630615
86.80000000000008; 0.6690217419069575
86.90000000000008; 0.6692687752514359
87.00000000000007; 0.6695149724072131
87.10000000000008; 0.6697603375599132
87.20000000000007; 0.6700048748702331
87.30000000000008; 0.6702485884741066
87.40000000000008; 0.670491482482867
87.50000000000007; 0.6707335609834102
87.60000000000008; 0.6709748280383543
87.70000000000007; 0.6712152876861981
87.80000000000008; 0.6714549439414829
87.90000000000008; 0.6716938007949473
88.00000000000007; 0.671931862213684
88.10000000000008; 0.6721691321412963
88.20000000000007; 0.6724056144980507
88.30000000000008; 0.6726413131810306
88.40000000000008; 0.67287623206429
88.50000000000007; 0.673110374999002
88.60000000000008; 0.6733437458136106
88.70000000000007; 0.6735763483139791
88.80000000000008; 0.6738081862835386
88.90000000000008; 0.6740392634834333
89.00000000000009; 0.6742695836526698
89.10000000000008; 0.6744991505082577
89.20000000000007; 0.6747279677453581
89.30000000000008; 0.6749560390374227
89.40000000000008; 0.6751833680363378
89.50000000000009; 0.6754099583725653
89.60000000000008; 0.6756358136552821
89.70000000000007; 0.6758609374725192
89.80000000000008; 0.6760853333913006
89.90000000000008; 0.6763090049577789
90.00000000000009; 0.6765319556973745
90.10000000000008; 0.6767541891149061
90.20000000000007; 0.6769757086947309
90.30000000000008; 0.6771965179008721
90.40000000000008; 0.6774166201771562
90.50000000000009; 0.6776360189473419
90.60000000000008; 0.6778547176152517
90.70000000000007; 0.6780727195649018
90.80000000000008; 0.6782900281606299
90.90000000000008; 0.6785066467472243
91.00000000000009; 0.6787225786500516
91.10000000000008; 0.6789378271751803
91.20000000000007; 0.6791523956095094
91.30000000000008; 0.679366287220891
91.40000000000008; 0.6795795052582533
91.50000000000009; 0.6797920529517255
91.60000000000008; 0.6800039335127582
91.70000000000007; 0.6802151501342453
91.80000000000008; 0.6804257059906432
91.90000000000008; 0.6806356042380911
92.00000000000009; 0.6808448480145296
92.10000000000008; 0.6810534404398179
92.20000000000007; 0.6812613846158515
92.30000000000008; 0.6814686836266775
92.40000000000008; 0.6816753405386111
92.50000000000009; 0.681881358400349
92.60000000000008; 0.6820867402430839
92.70000000000009; 0.6822914890806169
92.80000000000008; 0.6824956079094702
92.90000000000008; 0.6826990997089983
93.00000000000009; 0.6829019674414989
93.10000000000008; 0.6831042140523229
93.20000000000009; 0.6833058424699826
93.30000000000008; 0.6835068556062609
93.40000000000008; 0.6837072563563189
93.50000000000009; 0.6839070475988027
93.60000000000008; 0.6841062321959493
93.70000000000009; 0.6843048129936924
93.80000000000008; 0.6845027928217671
93.90000000000008; 0.6847001744938126
94.00000000000009; 0.684896960807478
94.10000000000008; 0.6850931545445222
94.20000000000009; 0.6852887584709182
94.30000000000008; 0.6854837753369512
94.40000000000008; 0.6856782078773217
94.50000000000009; 0.6858720588112449
94.60000000000008; 0.6860653308425474
94.70000000000009; 0.6862580266597695
94.80000000000008; 0.6864501489362586
94.90000000000008; 0.6866417003302699
95.00000000000009; 0.6868326834850598
95.10000000000008; 0.6870231010289843
95.20000000000009; 0.6872129555755914
95.30000000000008; 0.6874022497237179
95.40000000000009; 0.6875909860575808
95.50000000000009; 0.6877791671468723
95.60000000000008; 0.6879667955468509
95.70000000000009; 0.6881538737984345
95.80000000000008; 0.6883404044282901
95.90000000000009; 0.6885263899489257
96.00000000000009; 0.6887118328587786
96.10000000000008; 0.6888967356423061
96.20000000000009; 0.6890811007700747
96.30000000000008; 0.6892649306988458
96.40000000000009; 0.6894482278716647
96.50000000000009; 0.6896309947179488
96.60000000000008; 0.6898132336535702
96.70000000000009; 0.6899949470809458
96.80000000000008; 0.6901761373891188
96.90000000000009; 0.6903568069538447
97.00000000000009; 0.6905369581376758
97.10000000000008; 0.6907165932900426
97.20000000000009; 0.6908957147473391
97.30000000000008; 0.6910743248330032
97.40000000000009; 0.6912524258575989
97.50000000000009; 0.6914300201188975
97.60000000000008; 0.6916071099019571
97.70000000000009; 0.6917836974792051
97.80000000000008; 0.6919597851105147
97.90000000000009; 0.6921353750432853
98.00000000000009; 0.692310469512521
98.10000000000008; 0.692485070740908
98.20000000000009; 0.6926591809388917
98.30000000000008; 0.6928328023047532
98.40000000000009; 0.6930059370246873
98.50000000000009; 0.6931785872728754
98.60000000000008; 0.6933507552115629
98.70000000000009; 0.6935224429911336
98.80000000000008; 0.6936936527501826
98.90000000000009; 0.693864386615591
99.00000000000009; 0.6940346467025984
99.1000000000001; 0.6942044351148774
99.20000000000009; 0.6943737539446024
99.30000000000008; 0.6945426052725252
99.40000000000009; 0.694710991168042
99.50000000000009; 0.6948789136892679
99.6000000000001; 0.6950463748831048
99.70000000000009; 0.6952133767853121
99.80000000000008; 0.6953799214205756
99.90000000000009; 0.6955460108025757
100.00000000000009; 0.6957116457097837
100.1000000000001; 0.6958767826227231
100.20000000000009; 0.6960414704853036
100.30000000000008; 0.696205711265055
100.40000000000009; 0.6963695069188591
100.50000000000009; 0.6965328593930156
100.6000000000001; 0.6966957706233052
100.70000000000009; 0.6968582425350582
100.80000000000008; 0.6970202770432173
100.90000000000009; 0.6971818760524005
101.00000000000009; 0.6973430414569677
101.1000000000001; 0.6975037751410812
101.20000000000009; 0.6976640789787703
101.30000000000008; 0.6978239548339935
101.40000000000009; 0.6979834045606993
101.50000000000009; 0.6981424300028893
101.6000000000001; 0.6983010329946787
101.70000000000009; 0.6984592153603569
101.8000000000001; 0.6986169789144477
101.90000000000009; 0.6987743254617708
102.00000000000009; 0.6989312567974979
102.1000000000001; 0.699087774707216
102.20000000000009; 0.6992438809669835
102.3000000000001; 0.699399577343389
102.40000000000009; 0.6995548655936092
102.50000000000009; 0.6997097474654671
102.6000000000001; 0.6998642246974882
102.70000000000009; 0.7000182990189586
102.8000000000001; 0.7001719721499798
102.90000000000009; 0.7003252458015254
103.00000000000009; 0.700478121675498
103.1000000000001; 0.7006306014647816
103.20000000000009; 0.7007826868532993
103.3000000000001; 0.7009343795160664
103.40000000000009; 0.7010856811192449
103.50000000000009; 0.7012365933201968
103.6000000000001; 0.7013871177675394
103.70000000000009; 0.7015372561011951
103.8000000000001; 0.7016870099524471
103.90000000000009; 0.7018363809439903
104.00000000000009; 0.7019853706899835
104.1000000000001; 0.7021339807961015
104.20000000000009; 0.7022822128595861
104.3000000000001; 0.7024300684692971
104.40000000000009; 0.7025775492057628
104.50000000000009; 0.7027246566412307
104.6000000000001; 0.7028713923397167
104.70000000000009; 0.7030177578570563
104.8000000000001; 0.7031637547409514
104.90000000000009; 0.7033093845310221
105.00000000000009; 0.7034546487588528
105.1000000000001; 0.7035995489480426
105.20000000000009; 0.7037440866142516
105.3000000000001; 0.7038882632652497
105.40000000000009; 0.7040320804009639
105.5000000000001; 0.7041755395135246
105.6000000000001; 0.7043186420873131
105.70000000000009; 0.7044613895990076
105.8000000000001; 0.7046037835176291
105.90000000000009; 0.7047458253045883
106.0000000000001; 0.7048875164137292
106.1000000000001; 0.7050288582913766
106.20000000000009; 0.7051698523763795
106.3000000000001; 0.7053105001001555
106.40000000000009; 0.7054508028867364
106.5000000000001; 0.7055907621528114
106.6000000000001; 0.70573037930777
106.70000000000009; 0.7058696557537475
106.8000000000001; 0.7060085928856665
106.90000000000009; 0.7061471920912801
107.0000000000001; 0.706285454751215
107.1000000000001; 0.7064233822390135
107.20000000000009; 0.7065609759211752
107.3000000000001; 0.7066982371571986
107.40000000000009; 0.7068351672996243
107.5000000000001; 0.7069717676940731
107.6000000000001; 0.7071080396792908
107.70000000000009; 0.7072439845871847
107.8000000000001; 0.7073796037428679
107.90000000000009; 0.7075148984646961
108.0000000000001; 0.7076498700643102
108.1000000000001; 0.7077845198466733
108.2000000000001; 0.7079188491101128
108.3000000000001; 0.7080528591463571
108.40000000000009; 0.7081865512405758
108.5000000000001; 0.708319926671418
108.6000000000001; 0.7084529867110502
108.7000000000001; 0.7085857326251948
108.8000000000001; 0.7087181656731676
108.90000000000009; 0.7088502871079163
109.0000000000001; 0.7089820981760562
109.1000000000001; 0.7091136001179082
109.2000000000001; 0.7092447941675367
109.3000000000001; 0.7093756815527839
109.40000000000009; 0.7095062634953077
109.5000000000001; 0.7096365412106177
109.6000000000001; 0.7097665159081112
109.7000000000001; 0.7098961887911082
109.8000000000001; 0.7100255610568871
109.90000000000009; 0.7101546338967201
110.0000000000001; 0.710283408495908
110.1000000000001; 0.7104118860338152
110.2000000000001; 0.7105400676839035
110.3000000000001; 0.7106679546137677
110.40000000000009; 0.7107955479851679
110.5000000000001; 0.7109228489540653
110.6000000000001; 0.7110498586706544
110.7000000000001; 0.7111765782793962
110.8000000000001; 0.7113030089190532
110.90000000000009; 0.7114291517227204
111.0000000000001; 0.7115550078178593
111.1000000000001; 0.7116805783263298
111.2000000000001; 0.7118058643644232
111.3000000000001; 0.7119308670428935
111.40000000000009; 0.7120555874669898
111.5000000000001; 0.7121800267364883
111.6000000000001; 0.7123041859457229
111.7000000000001; 0.712428066183618
111.8000000000001; 0.712551668533718
111.9000000000001; 0.7126749940742192
112.0000000000001; 0.7127980438780002
112.1000000000001; 0.7129208190126528
112.2000000000001; 0.7130433205405114
112.3000000000001; 0.7131655495186844
112.4000000000001; 0.7132875069990832
112.5000000000001; 0.7134091940284519
112.6000000000001; 0.7135306116483978
112.7000000000001; 0.7136517608954196
112.8000000000001; 0.7137726428009373
112.9000000000001; 0.7138932583913212
113.0000000000001; 0.7140136086879201
113.1000000000001; 0.7141336947070903
113.2000000000001; 0.714253517460225
113.3000000000001; 0.7143730779537805
113.4000000000001; 0.7144923771893057
113.5000000000001; 0.7146114161634702
113.6000000000001; 0.7147301958680907
113.7000000000001; 0.7148487172901603
113.8000000000001; 0.7149669814118741
113.9000000000001; 0.7150849892106574
114.0000000000001; 0.7152027416591932
114.1000000000001; 0.7153202397254474
114.2000000000001; 0.7154374843726973
114.3000000000001; 0.7155544765595567
114.4000000000001; 0.715671217240003
114.5000000000001; 0.7157877073634037
114.60000000000011; 0.7159039478745411
114.7000000000001; 0.7160199397136394
114.8000000000001; 0.7161356838163899
114.9000000000001; 0.7162511811139767
115.0000000000001; 0.7163664325331017
115.10000000000011; 0.71648143899601
115.2000000000001; 0.716596201420515
115.3000000000001; 0.7167107207200234
115.4000000000001; 0.7168249978035597
115.5000000000001; 0.7169390335757903
115.60000000000011; 0.7170528289370491
115.7000000000001; 0.7171663847833614
115.8000000000001; 0.7172797020064664
115.9000000000001; 0.7173927814938443
116.0000000000001; 0.7175056241287364
116.10000000000011; 0.7176182307901718
116.2000000000001; 0.7177306023529898
116.3000000000001; 0.7178427396878624
116.4000000000001; 0.7179546436613187
116.5000000000001; 0.718066315135768
116.60000000000011; 0.7181777549695222
116.7000000000001; 0.7182889640168177
116.8000000000001; 0.7183999431278403
116.9000000000001; 0.718510693148746
117.0000000000001; 0.7186212149216838
117.10000000000011; 0.7187315092848173
117.2000000000001; 0.7188415770723484
117.3000000000001; 0.7189514191145376
117.4000000000001; 0.7190610362377268
117.5000000000001; 0.7191704292643603
117.60000000000011; 0.7192795990130064
117.7000000000001; 0.7193885462983799
117.8000000000001; 0.7194972719313618
117.9000000000001; 0.719605776719021
118.0000000000001; 0.7197140614646365
118.10000000000011; 0.7198221269677157
118.2000000000001; 0.7199299740240184
118.30000000000011; 0.7200376034255741
118.4000000000001; 0.7201450159607046
118.5000000000001; 0.7202522124140446
118.60000000000011; 0.7203591935665603
118.7000000000001; 0.7204659601955707
118.80000000000011; 0.7205725130747669
118.9000000000001; 0.720678852974233
119.0000000000001; 0.7207849806604649
119.10000000000011; 0.7208908968963897
119.2000000000001; 0.7209966024413869
119.30000000000011; 0.7211020980513049
119.4000000000001; 0.7212073844784835
119.5000000000001; 0.7213124624717704
119.60000000000011; 0.7214173327765421
119.7000000000001; 0.7215219961347213
119.80000000000011; 0.7216264532847971
119.9000000000001; 0.7217307049618422
120.0000000000001; 0.7218347518975329
120.10000000000011; 0.7219385948201665
120.2000000000001; 0.7220422344546801
120.30000000000011; 0.7221456715226692
120.4000000000001; 0.7222489067424038
120.5000000000001; 0.7223519408288501
120.60000000000011; 0.722454774493685
120.7000000000001; 0.7225574084453148
120.80000000000011; 0.7226598433888944
120.9000000000001; 0.7227620800263423
121.00000000000011; 0.7228641190563608
121.10000000000011; 0.7229659611744502
121.2000000000001; 0.7230676070729297
121.30000000000011; 0.7231690574409515
121.4000000000001; 0.723270312964519
121.50000000000011; 0.7233713743265041
121.60000000000011; 0.723472242206664
121.7000000000001; 0.7235729172816561
121.80000000000011; 0.7236734002250581
121.9000000000001; 0.7237736917073809
122.00000000000011; 0.7238737923960874
122.10000000000011; 0.7239737029556081
122.2000000000001; 0.724073424047357
122.30000000000011; 0.7241729563297482
122.4000000000001; 0.7242723004582116
122.50000000000011; 0.7243714570852094
122.60000000000011; 0.7244704268602513
122.7000000000001; 0.7245692104299101
122.80000000000011; 0.7246678084378384
122.9000000000001; 0.7247662215247831
123.00000000000011; 0.7248644503286016
123.10000000000011; 0.7249624954842764
123.2000000000001; 0.7250603576239305
123.30000000000011; 0.7251580373768437
123.4000000000001; 0.7252555353694666
123.50000000000011; 0.7253528522254356
123.60000000000011; 0.725449988565588
123.7000000000001; 0.7255469450079775
123.80000000000011; 0.7256437221678879
123.9000000000001; 0.725740320657848
124.00000000000011; 0.7258367410876466
124.10000000000011; 0.7259329840643468
124.2000000000001; 0.7260290501923001
124.30000000000011; 0.7261249400731612
124.4000000000001; 0.7262206543059014
124.50000000000011; 0.7263161934868235
124.60000000000011; 0.7264115582095756
124.70000000000012; 0.7265067490651652
124.80000000000011; 0.7266017666419727
124.9000000000001; 0.726696611525765
125.00000000000011; 0.7267912842997107
125.10000000000011; 0.7268857855443916
125.20000000000012; 0.7269801158378179
125.30000000000011; 0.7270742757554405
125.4000000000001; 0.7271682658701659
125.50000000000011; 0.7272620867523675
125.60000000000011; 0.7273557389699009
125.70000000000012; 0.7274492230881152
125.80000000000011; 0.7275425396698677
125.9000000000001; 0.7276356892755353
126.00000000000011; 0.727728672463029
126.10000000000011; 0.7278214897878056
126.20000000000012; 0.7279141418028812
126.30000000000011; 0.7280066290588431
126.4000000000001; 0.728098952103863
126.50000000000011; 0.7281911114837096
126.60000000000011; 0.7282831077417611
126.70000000000012; 0.728374941419017
126.80000000000011; 0.7284666130541108
126.9000000000001; 0.7285581231833226
127.00000000000011; 0.7286494723405907
127.10000000000011; 0.7287406610575241
127.20000000000012; 0.7288316898634142
127.30000000000011; 0.7289225592852474
127.40000000000012; 0.7290132698477161
127.50000000000011; 0.7291038220732311
127.60000000000011; 0.7291942164819333
127.70000000000012; 0.7292844535917056
127.80000000000011; 0.7293745339181835
127.90000000000012; 0.7294644579747688
128.0000000000001; 0.729554226272638
128.1000000000001; 0.7296438393207568
128.2000000000001; 0.7297332976258891
128.30000000000013; 0.72982260169261
128.40000000000012; 0.7299117520233159
128.5000000000001; 0.7300007491182363
128.6000000000001; 0.730089593475444
128.7000000000001; 0.7301782855908673
128.80000000000013; 0.7302668259583007
128.90000000000012; 0.7303552150694147
129.0000000000001; 0.730443453413768
129.1000000000001; 0.7305315414788176
129.2000000000001; 0.7306194797499298
129.30000000000013; 0.7307072687103898
129.40000000000012; 0.7307949088414148
129.5000000000001; 0.7308824006221613
129.6000000000001; 0.7309697445297381
129.7000000000001; 0.7310569410392154
129.80000000000013; 0.7311439906236354
129.90000000000012; 0.7312308937540231
130.0000000000001; 0.7313176508993957
130.1000000000001; 0.7314042625267737
130.2000000000001; 0.7314907291011896
130.30000000000013; 0.7315770510856998
130.40000000000012; 0.7316632289413931
130.5000000000001; 0.7317492631274013
130.6000000000001; 0.7318351541009087
130.7000000000001; 0.7319209023171626
130.80000000000013; 0.7320065082294823
130.90000000000012; 0.7320919722892694
131.0000000000001; 0.7321772949460166
131.1000000000001; 0.7322624766473187
131.2000000000001; 0.7323475178388806
131.30000000000013; 0.7324324189645284
131.40000000000012; 0.7325171804662168
131.5000000000001; 0.7326018027840405
131.6000000000001; 0.7326862863562422
131.7000000000001; 0.7327706316192227
131.80000000000013; 0.7328548390075496
131.90000000000012; 0.7329389089539663
132.0000000000001; 0.733022841889402
132.1000000000001; 0.7331066382429796
132.2000000000001; 0.7331902984420259
132.30000000000013; 0.7332738229120793
132.40000000000012; 0.7333572120769002
132.5000000000001; 0.7334404663584784
132.6000000000001; 0.7335235861770426
132.70000000000013; 0.7336065719510696
132.80000000000013; 0.7336894240972919
132.90000000000012; 0.7337721430307073
133.0000000000001; 0.7338547291645872
133.1000000000001; 0.7339371829104849
133.20000000000013; 0.7340195046782448
133.30000000000013; 0.7341016948760104
133.40000000000012; 0.7341837539102322
133.5000000000001; 0.7342656821856771
133.6000000000001; 0.7343474801054362
133.70000000000013; 0.7344291480709328
133.80000000000013; 0.7345106864819316
133.90000000000012; 0.7345920957365456
134.0000000000001; 0.7346733762312454
134.1000000000001; 0.7347545283608664
134.20000000000013; 0.7348355525186173
134.30000000000013; 0.7349164490960879
134.40000000000012; 0.7349972184832577
134.5000000000001; 0.7350778610685026
134.6000000000001; 0.7351583772386042
134.70000000000013; 0.735238767378756
134.80000000000013; 0.735319031872573
134.90000000000012; 0.7353991711020976
135.0000000000001; 0.735479185447809
135.1000000000001; 0.7355590752886295
135.20000000000013; 0.7356388410019332
135.30000000000013; 0.7357184829635522
135.40000000000012; 0.7357980015477859
135.5000000000001; 0.7358773971274064
135.6000000000001; 0.7359566700736682
135.70000000000013; 0.7360358207563141
135.80000000000013; 0.7361148495435823
135.90000000000012; 0.7361937568022153
136.0000000000001; 0.7362725428974657
136.1000000000001; 0.7363512081931037
136.20000000000013; 0.7364297530514251
136.30000000000013; 0.736508177833258
136.40000000000012; 0.7365864828979686
136.5000000000001; 0.7366646686034709
136.6000000000001; 0.7367427353062321
136.70000000000013; 0.736820683361279
136.80000000000013; 0.7368985131222068
136.90000000000012; 0.7369762249411841
137.0000000000001; 0.7370538191689616
137.1000000000001; 0.7371312961548773
137.20000000000013; 0.7372086562468646
137.30000000000013; 0.7372858997914579
137.40000000000012; 0.7373630271338005
137.5000000000001; 0.7374400386176506
137.6000000000001; 0.7375169345853881
137.70000000000013; 0.7375937153780214
137.80000000000013; 0.7376703813351932
137.90000000000012; 0.7377469327951887
138.0000000000001; 0.7378233700949396
138.1000000000001; 0.7378996935700337
138.20000000000013; 0.7379759035547186
138.30000000000013; 0.7380520003819098
138.40000000000012; 0.738127984383196
138.5000000000001; 0.7382038558888466
138.60000000000014; 0.7382796152278164
138.70000000000013; 0.7383552627277534
138.80000000000013; 0.7384307987150047
138.90000000000012; 0.7385062235146217
139.0000000000001; 0.7385815374503675
139.10000000000014; 0.7386567408447221
139.20000000000013; 0.7387318340188896
139.30000000000013; 0.738806817292803
139.40000000000012; 0.7388816909851312
139.5000000000001; 0.7389564554132846
139.60000000000014; 0.7390311108934204
139.70000000000013; 0.7391056577404506
139.80000000000013; 0.7391800962680452
139.90000000000012; 0.7392544267886403
140.0000000000001; 0.7393286496134425
140.10000000000014; 0.7394027650524357
140.20000000000013; 0.7394767734143862
140.30000000000013; 0.7395506750068487
140.40000000000012; 0.7396244701361717
140.5000000000001; 0.7396981591075045
140.60000000000014; 0.7397717422248008
140.70000000000013; 0.7398452197908255
140.80000000000013; 0.7399185921071608
140.90000000000012; 0.7399918594742104
141.0000000000001; 0.7400650221912061
141.10000000000014; 0.7401380805562128
141.20000000000013; 0.7402110348661344
141.30000000000013; 0.7402838854167186
141.40000000000012; 0.7403566325025631
141.5000000000001; 0.7404292764171203
141.60000000000014; 0.7405018174527027
141.70000000000013; 0.7405742559004891
141.80000000000013; 0.7406465920505284
141.90000000000012; 0.7407188261917468
142.0000000000001; 0.7407909586119509
142.10000000000014; 0.7408629895978346
142.20000000000013; 0.7409349194349837
142.30000000000013; 0.7410067484078806
142.40000000000012; 0.7410784767999102
142.5000000000001; 0.7411501048933649
142.60000000000014; 0.7412216329694485
142.70000000000013; 0.7412930613082833
142.80000000000013; 0.7413643901889135
142.90000000000012; 0.7414356198893107
143.0000000000001; 0.741506750686379
143.10000000000014; 0.7415777828559595
143.20000000000013; 0.7416487166728362
143.30000000000013; 0.7417195524107397
143.40000000000012; 0.7417902903423528
143.5000000000001; 0.741860930739315
143.60000000000014; 0.7419314738722278
143.70000000000013; 0.7420019200106587
143.80000000000013; 0.7420722694231466
143.90000000000012; 0.7421425223772066
144.0000000000001; 0.7422126791393339
144.10000000000014; 0.7422827399750096
144.20000000000013; 0.7423527051487047
144.30000000000013; 0.7424225749238845
144.40000000000012; 0.7424923495630139
144.5000000000001; 0.7425620293275618
144.60000000000014; 0.742631614478005
144.70000000000013; 0.7427011052738337
144.80000000000013; 0.7427705019735552
144.90000000000012; 0.7428398048346994
145.0000000000001; 0.742909014113822
145.10000000000014; 0.74297813006651
145.20000000000013; 0.7430471529473854
145.30000000000013; 0.7431160830101105
145.40000000000012; 0.7431849205073907
145.50000000000014; 0.7432536656909811
145.60000000000014; 0.7433223188116884
145.70000000000013; 0.7433908801193773
145.80000000000013; 0.7434593498629735
145.90000000000012; 0.7435277282904681
146.00000000000014; 0.7435960156489227
146.10000000000014; 0.7436642121844725
146.20000000000013; 0.7437323181423311
146.30000000000013; 0.7438003337667948
146.40000000000012; 0.7438682593012463
146.50000000000014; 0.7439360949881594
146.60000000000014; 0.7440038410691022
146.70000000000013; 0.7440714977847425
146.80000000000013; 0.7441390653748506
146.90000000000012; 0.7442065440783041
147.00000000000014; 0.7442739341330918
147.10000000000014; 0.7443412357763173
147.20000000000013; 0.7444084492442036
147.30000000000013; 0.7444755747720968
147.40000000000012; 0.7445426125944699
147.50000000000014; 0.7446095629449269
147.60000000000014; 0.7446764260562063
147.70000000000013; 0.7447432021601862
147.80000000000013; 0.7448098914878862
147.90000000000012; 0.7448764942694732
148.00000000000014; 0.7449430107342639
148.10000000000014; 0.7450094411107293
148.20000000000013; 0.7450757856264981
148.30000000000013; 0.7451420445083606
148.40000000000012; 0.7452082179822729
148.50000000000014; 0.745274306273359
148.60000000000014; 0.7453403096059172
148.70000000000013; 0.7454062282034215
148.80000000000013; 0.7454720622885259
148.90000000000012; 0.7455378120830686
149.00000000000014; 0.7456034778080749
149.10000000000014; 0.7456690596837616
149.20000000000013; 0.7457345579295396
149.30000000000013; 0.7457999727640185
149.40000000000012; 0.7458653044050093
149.50000000000014; 0.7459305530695285
149.60000000000014; 0.7459957189738012
149.70000000000013; 0.7460608023332654
149.80000000000013; 0.7461258033625744
149.90000000000012; 0.746190722275601
150.00000000000014; 0.7462555592854406
150.10000000000014; 0.7463203128820064
150.20000000000013; 0.7463849849721527
150.30000000000013; 0.7464495757894041
150.40000000000012; 0.7465140855418383
150.50000000000014; 0.7465785144367865
150.60000000000014; 0.7466428626808377
150.70000000000013; 0.7467071304798414
150.80000000000013; 0.7467713180389097
150.90000000000012; 0.7468354255624233
151.00000000000014; 0.7468994532540311
151.10000000000014; 0.7469634013166561
151.20000000000013; 0.7470272699524972
151.30000000000013; 0.7470910593630335
151.40000000000015; 0.7471547697490258
151.50000000000014; 0.7472184013105212
151.60000000000014; 0.7472819542468551
151.70000000000013; 0.747345428756655
151.80000000000013; 0.7474088250378429
151.90000000000015; 0.7474721432876397
152.00000000000014; 0.7475353837025663
152.10000000000014; 0.7475985464784478
152.20000000000013; 0.7476616318104168
152.30000000000013; 0.7477246398929152
152.40000000000015; 0.7477875709196979
152.50000000000014; 0.7478504250838363
152.60000000000014; 0.7479132025777196
152.70000000000013; 0.7479759035930599
152.80000000000013; 0.7480385283208932
152.90000000000015; 0.748101076951583
153.00000000000014; 0.7481635496748239
153.10000000000014; 0.7482259466796429
153.20000000000013; 0.748288268154404
153.30000000000013; 0.7483505142868093
153.40000000000015; 0.7484126852639038
153.50000000000014; 0.7484747812720761
153.60000000000014; 0.748536802497063
153.70000000000013; 0.748598749123951
153.80000000000013; 0.7486606213371795
153.90000000000015; 0.7487224193205443
154.00000000000014; 0.748784143257199
154.10000000000014; 0.7488457933296588
154.20000000000013; 0.7489073697198025
154.30000000000013; 0.748968872608876
154.40000000000015; 0.7490303021774939
154.50000000000014; 0.7490916586056433
154.60000000000014; 0.7491529420726858
154.70000000000013; 0.7492141527573599
154.80000000000013; 0.7492752908377849
154.90000000000015; 0.7493363564914618
155.00000000000014; 0.7493973498952774
155.10000000000014; 0.7494582712255058
155.20000000000013; 0.7495191206578118
155.30000000000013; 0.749579898367253
155.40000000000015; 0.7496406045282829
155.50000000000014; 0.7497012393147516
155.60000000000014; 0.7497618028999122
155.70000000000013; 0.7498222954564185
155.80000000000013; 0.7498827171563317
155.90000000000015; 0.7499430681711199
156.00000000000014; 0.7500033486716625
156.10000000000014; 0.7500635588282518
156.20000000000013; 0.7501236988105957
156.30000000000013; 0.7501837687878198
156.40000000000015; 0.7502437689284704
156.50000000000014; 0.7503036994005168
156.60000000000014; 0.7503635603713535
156.70000000000013; 0.7504233520078024
156.80000000000013; 0.7504830744761156
156.90000000000015; 0.7505427279419781
157.00000000000014; 0.750602312570509
157.10000000000014; 0.7506618285262651
157.20000000000013; 0.7507212759732427
157.30000000000013; 0.7507806550748796
157.40000000000015; 0.7508399659940584
157.50000000000014; 0.7508992088931079
157.60000000000014; 0.7509583839338055
157.70000000000013; 0.7510174912773799
157.80000000000013; 0.7510765310845134
157.90000000000015; 0.7511355035153436
158.00000000000014; 0.7511944087294662
158.10000000000014; 0.7512532468859373
158.20000000000013; 0.7513120181432746
158.30000000000015; 0.7513707226594614
158.40000000000015; 0.7514293605919474
158.50000000000014; 0.7514879320976511
158.60000000000014; 0.7515464373329628
158.70000000000013; 0.7516048764537456
158.80000000000015; 0.7516632496153387
158.90000000000015; 0.7517215569725592
159.00000000000014; 0.7517797986797032
159.10000000000014; 0.7518379748905499
159.20000000000013; 0.7518960857583624
159.30000000000015; 0.7519541314358898
159.40000000000015; 0.7520121120753697
159.50000000000014; 0.7520700278285304
159.60000000000014; 0.7521278788465932
159.70000000000013; 0.752185665280273
159.80000000000015; 0.7522433872797827
159.90000000000015; 0.7523010449948333
160.00000000000014; 0.7523586385746371
