energy (keV); transmission
1.0; 0.0
1.1; 0.0
1.2000000000000002; 0.0
1.3000000000000003; 0.0
1.4000000000000004; 0.0
1.5000000000000004; 0.0
1.6000000000000005; 0.0
1.7000000000000006; 0.0
1.8000000000000007; 0.0
1.9000000000000008; 1.76964328567e-313
2.000000000000001; 3.793019384583467e-275
2.100000000000001; 4.638679696169603e-242
2.200000000000001; 2.683958976029323e-214
2.300000000000001; 1.1214739053890135e-190
2.4000000000000012; 1.66279328492932e-170
2.5000000000000013; 3.44866685155947e-153
2.6000000000000014; 9.550542236743318e-144
2.7000000000000015; 6.572564829859771e-133
2.8000000000000016; 7.230974716317184e-121
2.9000000000000017; 1.8162909791456453e-111
3.0000000000000018; 4.5577195042978885e-102
3.100000000000002; 1.6053514935631717e-93
3.200000000000002; 6.164783942244243e-86
3.300000000000002; 3.5134909582758987e-79
3.400000000000002; 3.8459083415703555e-73
3.500000000000002; 1.0041483936160632e-67
3.6000000000000023; 7.50988752510185e-63
3.7000000000000024; 1.8793038839216314e-58
3.8000000000000025; 1.7966043636866543e-54
3.9000000000000026; 7.350398169209146e-51
4.000000000000003; 1.4190200463033475e-47
4.100000000000003; 1.5463310620908402e-44
4.200000000000003; 9.1749695405796e-42
4.3000000000000025; 3.164758694619167e-39
4.400000000000003; 6.719364879540368e-37
4.5000000000000036; 9.231843287400216e-35
4.600000000000003; 8.576087768389729e-33
4.700000000000003; 5.599099128430459e-31
4.800000000000003; 2.6582507756059077e-29
4.900000000000004; 9.458919944603986e-28
5.0000000000000036; 2.591192083880844e-26
5.100000000000003; 5.79500464814951e-25
5.200000000000004; 1.0393555564000984e-23
5.300000000000004; 1.5244130430361842e-22
5.400000000000004; 1.860591993591313e-21
5.5000000000000036; 1.9195926770348168e-20
5.600000000000004; 1.6978005673452065e-19
5.700000000000005; 1.303723408366403e-18
5.800000000000004; 8.791607620993896e-18
5.900000000000004; 5.260417382971313e-17
6.000000000000004; 3.0564426024692974e-29
6.100000000000005; 1.2643537567664803e-28
6.200000000000005; 6.332761244596638e-28
6.300000000000004; 3.712236282416871e-27
6.400000000000005; 2.4586320027197558e-26
6.500000000000005; 1.7772889071409153e-25
6.600000000000005; 4.544828363443125e-25
6.700000000000005; 3.702999589838897e-24
6.800000000000005; 3.0106227788240255e-23
6.900000000000006; 2.3894805673645095e-22
7.000000000000005; 1.8180619581816322e-21
7.100000000000005; 1.3068908149245539e-20
7.2000000000000055; 4.6082433041334144e-60
7.300000000000006; 5.723936589624583e-58
7.400000000000006; 5.752992464698505e-56
7.500000000000005; 4.7074031365331225e-54
7.600000000000006; 3.1573776795755196e-52
7.700000000000006; 1.7487303411819278e-50
7.800000000000006; 8.059386324158351e-49
7.900000000000006; 3.114997231298832e-47
8.000000000000007; 1.0176095669013497e-45
8.100000000000007; 2.837047480647842e-44
8.200000000000006; 6.806445018763904e-43
8.300000000000006; 1.4186145082716524e-41
8.400000000000006; 1.4900295393092002e-45
8.500000000000007; 3.3817570199824183e-44
8.600000000000007; 6.738125659517781e-43
8.700000000000006; 1.1874356089824885e-41
8.800000000000008; 1.8635222664897886e-40
8.900000000000007; 2.6210314187642384e-39
9.000000000000007; 3.323418929834686e-38
9.100000000000007; 3.8199435525827655e-37
9.200000000000006; 4.000458738090227e-36
9.300000000000008; 3.835467141947722e-35
9.400000000000007; 3.381599813285725e-34
9.500000000000007; 2.7532001589292096e-33
9.600000000000009; 2.078103901080838e-32
9.700000000000008; 1.4595121564580866e-31
9.800000000000008; 9.571034266539678e-31
9.900000000000007; 5.879359922035067e-30
10.000000000000007; 3.3934895511766627e-29
10.100000000000009; 1.846117413922172e-28
10.200000000000008; 9.486847850154835e-28
10.300000000000008; 4.615800555580893e-27
10.40000000000001; 2.1310736950847122e-26
10.500000000000009; 9.356081884109966e-26
10.600000000000009; 3.913883953891108e-25
10.700000000000008; 1.5630519955478076e-24
10.800000000000008; 5.970143317647192e-24
10.90000000000001; 2.1847385830983005e-23
11.000000000000009; 7.672560764998245e-23
11.100000000000009; 2.5899843022849343e-22
11.20000000000001; 8.416440411501017e-22
11.30000000000001; 2.6367157003674795e-21
11.40000000000001; 7.974484917227187e-21
11.500000000000009; 2.3314215107758562e-20
11.600000000000009; 6.597309521614845e-20
11.70000000000001; 1.8091139443160948e-19
11.80000000000001; 4.813049174893853e-19
11.90000000000001; 1.243685762184902e-18
12.00000000000001; 3.124619240199374e-18
12.10000000000001; 7.640471153829204e-18
12.20000000000001; 1.820126949607531e-17
12.30000000000001; 4.228106413468743e-17
12.40000000000001; 9.586060135368922e-17
12.50000000000001; 2.1230276954910985e-16
12.60000000000001; 4.59672370257193e-16
12.70000000000001; 9.737775311495603e-16
12.800000000000011; 2.0198410208369944e-15
12.900000000000011; 4.1052058965719444e-15
13.00000000000001; 8.181154709650369e-15
13.10000000000001; 1.5997263569911392e-14
13.20000000000001; 3.0711869011128644e-14
13.300000000000011; 5.792463098887254e-14
13.400000000000011; 1.0739234501013348e-13
13.50000000000001; 1.958316635513137e-13
13.600000000000012; 3.5142202710395407e-13
13.700000000000012; 6.20925241915818e-13
13.800000000000011; 1.0807692075748826e-12
13.900000000000011; 1.854046404514575e-12
14.00000000000001; 3.1362083341741405e-12
14.100000000000012; 5.2333635014165684e-12
14.200000000000012; 8.61859137148343e-12
14.300000000000011; 1.4013665996084592e-11
14.400000000000013; 2.2506154542275183e-11
14.500000000000012; 3.571514737010847e-11
14.600000000000012; 5.602303192363886e-11
14.700000000000012; 8.689589957048726e-11
14.800000000000011; 1.333215392356646e-10
14.900000000000013; 2.0240169594586728e-10
15.000000000000012; 3.041445274140583e-10
15.100000000000012; 4.5254888771726556e-10
15.200000000000014; 6.669110793666244e-10
15.300000000000013; 9.73676148936941e-10
15.400000000000013; 1.4087304174731547e-09
15.500000000000012; 2.0203478128451145e-09
15.600000000000012; 2.8729173753571688e-09
15.700000000000014; 4.051619351234935e-09
15.800000000000013; 5.668243338130722e-09
15.900000000000013; 7.868369933563919e-09
16.000000000000014; 1.084016702404869e-08
16.100000000000016; 1.4825082903246484e-08
16.200000000000014; 2.0130750401636484e-08
16.30000000000001; 2.7146448645166485e-08
16.400000000000013; 3.636150135543896e-08
16.500000000000014; 4.838702210803389e-08
16.600000000000016; 6.398144696646017e-08
16.700000000000014; 8.408032264762919e-08
16.800000000000015; 1.0983084305823374e-07
16.900000000000013; 1.4263164786245127e-07
17.000000000000014; 1.8417841289478732e-07
17.100000000000016; 2.365157729368352e-07
17.200000000000014; 3.020961218921352e-07
17.300000000000015; 3.838458330447473e-07
17.400000000000013; 4.85239432276731e-07
17.500000000000014; 6.103822393547557e-07
17.600000000000016; 7.6410196629074e-07
17.700000000000014; 9.520497270890437e-07
17.800000000000015; 1.1808108697929003e-06
17.900000000000016; 1.458025989673578e-06
18.000000000000014; 1.7925224218455963e-06
18.100000000000016; 2.194456442880131e-06
18.200000000000017; 2.675466334603158e-06
18.300000000000015; 3.248836379841824e-06
18.400000000000016; 3.92967177016574e-06
18.500000000000014; 4.735084310569708e-06
18.600000000000016; 5.684388706516807e-06
18.700000000000017; 6.799309115921296e-06
18.800000000000015; 8.104195543629915e-06
18.900000000000016; 9.626249549983936e-06
19.000000000000014; 1.1395758639340049e-05
19.100000000000016; 1.3446338590259965e-05
19.200000000000017; 1.5815182887702477e-05
19.300000000000015; 1.8543318320144957e-05
19.400000000000016; 2.1675865712366623e-05
19.500000000000018; 2.5262304678677303e-05
19.600000000000016; 2.935674120274991e-05
19.700000000000017; 3.401817677982857e-05
19.80000000000002; 3.9310777795760254e-05
19.900000000000016; 4.530414376576292e-05
20.000000000000018; 5.2073573012298175e-05
20.100000000000016; 3.1327601572332835e-05
20.200000000000017; 3.6110952493677326e-05
20.30000000000002; 4.151667004420804e-05
20.400000000000016; 4.761058933021828e-05
20.500000000000018; 5.446369250481492e-05
20.600000000000016; 6.21523296938105e-05
20.700000000000017; 7.075843446632022e-05
20.80000000000002; 8.03697326357006e-05
20.900000000000016; 9.107994318528454e-05
21.000000000000018; 0.00010298897013101546
21.10000000000002; 0.00011620308415952093
21.200000000000017; 0.00013083509291492347
21.30000000000002; 0.00014700449885046758
21.40000000000002; 0.00016483764361144895
21.500000000000018; 0.00018446783797337296
21.60000000000002; 0.00020603547642327114
21.700000000000017; 0.00022968813554192073
21.80000000000002; 0.00025558065541982864
21.90000000000002; 0.0002838752034196939
22.000000000000018; 0.00031474131968120604
22.10000000000002; 0.00034835594385146265
22.200000000000017; 0.0003849034226125209
22.30000000000002; 0.0004245754976694618
22.40000000000002; 0.0004675712739535108
22.500000000000018; 0.0005140971678872902
22.60000000000002; 0.0005643668356513676
22.70000000000002; 0.0006186010814819123
22.80000000000002; 0.0006770277461187584
22.90000000000002; 0.0007398815756106871
23.00000000000002; 0.0008074040707689308
23.10000000000002; 0.0008798433176417074
23.20000000000002; 0.0009574537994604713
23.30000000000002; 0.001040496190582022
23.40000000000002; 0.001129237133021384
23.50000000000002; 0.0012239489962339622
23.60000000000002; 0.001324909620866876
23.70000000000002; 0.0014324020472540333
23.80000000000002; 0.0015467142294793479
23.90000000000002; 0.001668138735877778
24.00000000000002; 0.0017969724368827246
24.10000000000002; 0.0019335161811619
24.20000000000002; 0.002078074461013934
24.300000000000022; 0.0022309550680187063
24.40000000000002; 0.00239246873995535
24.50000000000002; 0.002562928800012123
24.600000000000023; 0.0027426507893221377
24.70000000000002; 0.0029319520938612155
24.800000000000022; 0.0031311515667421033
24.90000000000002; 0.003340569146935315
25.00000000000002; 0.003560525475434455
25.100000000000023; 0.0037913415098706268
25.20000000000002; 0.004033338138564108
25.300000000000022; 0.004286835794977475
25.40000000000002; 0.004552154073513672
25.50000000000002; 0.004829611347570486
25.600000000000023; 0.005119524390737879
25.70000000000002; 0.005422208001988231
25.800000000000022; 0.005737974635678158
25.900000000000023; 0.006067134037141946
26.00000000000002; 0.006409992884620337
26.100000000000023; 0.006766854438227141
26.200000000000024; 0.007138018196619784
26.300000000000022; 0.007523779561994669
26.400000000000023; 0.007924429513985757
26.50000000000002; 0.008340254293010541
26.600000000000023; 0.008771535093552206
26.700000000000024; 0.009218547767837133
26.800000000000022; 0.009681562540315417
26.900000000000023; 0.010160843733315947
27.00000000000002; 0.010656649504201195
27.100000000000023; 0.011169231594310698
27.200000000000024; 0.01169883508993996
27.300000000000022; 0.01224569819555921
27.400000000000023; 0.012810052019447416
27.500000000000025; 0.013392120371866859
27.600000000000023; 0.013992119575880953
27.700000000000024; 0.014610258290872659
27.800000000000026; 0.015246737348793041
27.900000000000023; 0.015901749603140086
28.000000000000025; 0.016575479790627068
28.100000000000023; 0.017268104405483348
28.200000000000024; 0.01797979158629419
28.300000000000026; 0.018710701015262895
28.400000000000023; 0.019460983829755966
28.500000000000025; 0.02023078254596333
28.600000000000023; 0.021020230994493468
28.700000000000024; 0.021829454267691614
28.800000000000026; 0.022658568678459466
28.900000000000023; 0.023507681730338483
29.000000000000025; 0.024376892098593866
29.100000000000026; 0.025266289622031455
29.200000000000024; 0.02617595530526266
29.300000000000026; 0.027105961331127647
29.400000000000027; 0.02805637108295835
29.500000000000025; 0.029027239176386322
29.600000000000026; 0.03001861150035223
29.700000000000024; 0.031030525267009886
29.800000000000026; 0.03206300907017397
29.900000000000027; 0.033116082951984954
30.000000000000025; 0.03418975847744953
30.100000000000026; 0.03528446529526878
30.200000000000024; 0.03639979447373734
30.300000000000026; 0.0375357259192458
30.400000000000027; 0.03869223739002283
30.500000000000025; 0.03986929858280381
30.600000000000026; 0.04106687124811769
30.700000000000028; 0.0422849093111666
30.800000000000026; 0.04352335899795741
30.900000000000027; 0.04478215896635013
31.00000000000003; 0.04606124044170015
31.100000000000026; 0.04736052735675393
31.200000000000028; 0.04867993649549506
31.300000000000026; 0.0500193776406151
31.400000000000027; 0.051378753724305976
31.50000000000003; 0.05275796098207264
31.600000000000026; 0.05415688910926822
31.700000000000028; 0.05557542142006971
31.800000000000026; 0.05701343500861738
31.900000000000027; 0.05847080091203091
32.00000000000003; 0.05994738427505838
32.10000000000002; 0.06144304451609249
32.20000000000003; 0.0629576354943022
32.300000000000026; 0.0644910056776511
32.40000000000003; 0.0660429983115641
32.50000000000003; 0.06761345158802684
32.60000000000003; 0.06920219881489238
32.70000000000003; 0.07080906858520214
32.800000000000026; 0.07243388494632147
32.90000000000003; 0.07407646756869224
33.00000000000003; 0.07573663191403501
33.10000000000003; 0.0774141894028187
33.20000000000003; 0.07910894758084068
33.300000000000026; 0.08082071028475483
33.40000000000003; 0.08254927780641096
33.50000000000003; 0.0842944470558475
33.60000000000003; 0.08605601172283159
33.70000000000003; 0.08783376243679014
33.800000000000026; 0.08962748692504369
33.90000000000003; 0.09143697016921169
34.00000000000003; 0.09326199455970705
34.10000000000003; 0.09510234004819652
34.20000000000003; 0.09695778429796584
34.30000000000003; 0.0988281028320926
34.40000000000003; 0.1007130691793461
34.50000000000003; 0.10261245501776028
34.60000000000003; 0.10452603031579509
34.70000000000003; 0.10645356347105321
34.80000000000003; 0.10839482144646687
34.90000000000003; 0.11034956990394708
35.00000000000003; 0.11231757333541484
35.10000000000003; 0.11429859519120157
35.20000000000003; 0.1162923980057857
35.30000000000003; 0.11829874352081748
35.400000000000034; 0.1203173928054433
35.50000000000003; 0.12234810637387106
35.60000000000003; 0.12439064430020086
35.70000000000003; 0.12644476633047957
35.80000000000003; 0.12851023199198786
35.900000000000034; 0.13058680069975998
36.00000000000003; 0.13267423186031804
36.10000000000003; 0.13477228497264868
36.20000000000003; 0.136880719726407
36.30000000000003; 0.13899929609736889
36.400000000000034; 0.14112777444014243
36.50000000000003; 0.14326591557815063
36.60000000000003; 0.14541348089090148
36.70000000000003; 0.14757023239857325
36.80000000000003; 0.14973593284392672
36.900000000000034; 0.15191034577156567
37.00000000000003; 0.15409323560459284
37.10000000000003; 0.15628436771865678
37.20000000000003; 0.15848350851344703
37.30000000000003; 0.16069042548165055
37.400000000000034; 0.16290488727541247
37.500000000000036; 0.16512666377031465
37.60000000000003; 0.1673555261269455
37.70000000000003; 0.1695912468500474
37.80000000000003; 0.17183359984532115
37.900000000000034; 0.17408236047389444
38.000000000000036; 0.17633730560451044
38.10000000000003; 0.17859821366347142
38.20000000000003; 0.18086486468237012
38.30000000000003; 0.18313704034366238
38.400000000000034; 0.1854145240241003
38.500000000000036; 0.187697100836098
38.60000000000004; 0.18998455766703248
38.70000000000003; 0.1922766832165675
38.80000000000003; 0.19457326803199163
38.900000000000034; 0.19687410454165574
39.000000000000036; 0.1991789870865243
39.10000000000004; 0.20148771194990095
39.20000000000003; 0.2038000773853484
39.30000000000003; 0.20611588364287592
39.400000000000034; 0.20843493299340105
39.500000000000036; 0.21075702975155494
39.60000000000004; 0.21308198029686254
39.70000000000003; 0.2154095930933275
39.80000000000003; 0.217739678707492
39.900000000000034; 0.2200720498249797
40.000000000000036; 0.22240650407498502
40.10000000000004; 0.22474165319519682
40.20000000000003; 0.227078534879036
40.30000000000003; 0.22941697130722374
40.400000000000034; 0.23175678684002748
40.500000000000036; 0.23409780802513305
40.60000000000004; 0.23643986360431213
40.70000000000004; 0.23878278451889431
40.80000000000003; 0.24112640391412066
40.900000000000034; 0.24347055714236845
41.000000000000036; 0.2458150817653273
41.10000000000004; 0.2481598175551356
41.20000000000004; 0.2505046064945082
41.30000000000003; 0.2528492927759107
41.400000000000034; 0.255193722799799
41.500000000000036; 0.2575377451719468
41.60000000000004; 0.25988121069993103
41.70000000000004; 0.2622239723887536
41.80000000000004; 0.2645658854356737
41.900000000000034; 0.26690680722426946
42.000000000000036; 0.2692465973177359
42.10000000000004; 0.27158511745148495
42.20000000000004; 0.27392223152505324
42.30000000000004; 0.27625780559333396
42.400000000000034; 0.27859170785720966
42.500000000000036; 0.2809238086535376
42.60000000000004; 0.28325398044458844
42.70000000000004; 0.28558209780691624
42.80000000000004; 0.2879080374196913
42.900000000000034; 0.2902316780525445
43.000000000000036; 0.29255290055291167
43.10000000000004; 0.29487158783293077
43.20000000000004; 0.2971876248558956
43.30000000000004; 0.2995008986222958
43.400000000000034; 0.301811298155466
43.500000000000036; 0.3041187144868511
43.60000000000004; 0.30642304064093484
43.70000000000004; 0.30872417161982335
43.80000000000004; 0.31102200438751476
43.90000000000004; 0.3133164378538712
44.000000000000036; 0.31560737285832746
44.10000000000004; 0.31789471215332055
44.20000000000004; 0.3201783603874794
44.30000000000004; 0.32245822408860186
44.40000000000004; 0.324734211646405
44.500000000000036; 0.32700623329508155
44.60000000000004; 0.32927420109568545
44.70000000000004; 0.3315380289183447
44.80000000000004; 0.33379763242431987
44.90000000000004; 0.33605292904793005
45.00000000000004; 0.3383038379783509
45.10000000000004; 0.3405502801413044
45.20000000000004; 0.3427921781806402
45.30000000000004; 0.34502945643984223
45.40000000000004; 0.3472620409434459
45.50000000000004; 0.34948985937839555
45.60000000000004; 0.3517128410753541
45.70000000000004; 0.3539309169899622
45.80000000000004; 0.3561440196840545
45.90000000000004; 0.35835208330687807
46.00000000000004; 0.3605550435762624
46.10000000000004; 0.36275283775981376
46.20000000000004; 0.3649454046560933
46.30000000000004; 0.36713268457581616
46.40000000000004; 0.36931461932306003
46.50000000000004; 0.37149115217650874
46.60000000000004; 0.373662227870728
46.70000000000004; 0.37582779257748405
46.80000000000004; 0.3779877938871032
46.90000000000004; 0.3801421807898923
47.00000000000004; 0.38229090365761703
47.100000000000044; 0.38443391422505285
47.20000000000004; 0.3865711655715933
47.30000000000004; 0.38870261210295876
47.40000000000004; 0.39082820953296527
47.50000000000004; 0.39294791486539327
47.600000000000044; 0.39506168637595357
47.70000000000004; 0.3971694835943338
47.80000000000004; 0.39927126728636547
47.90000000000004; 0.4013669994362844
48.00000000000004; 0.40345664322910485
48.100000000000044; 0.4055401630330985
48.200000000000045; 0.4076175243824071
48.30000000000004; 0.4096886939597606
48.40000000000004; 0.4117536395793211
48.50000000000004; 0.4138123301696526
48.600000000000044; 0.41586473575682276
48.700000000000045; 0.4179108274476333
48.80000000000004; 0.4199505774129845
48.90000000000004; 0.42198395887137313
49.00000000000004; 0.42401094607252643
49.100000000000044; 0.4260315142811898
49.200000000000045; 0.4280456397610326
49.30000000000004; 0.4300532997587204
49.40000000000004; 0.4320544724881217
49.50000000000004; 0.4340491371146491
49.600000000000044; 0.4360372737397805
49.700000000000045; 0.43801886338568796
49.80000000000004; 0.439993887980051
49.90000000000004; 0.44196233034100596
50.00000000000004; 0.44392417416223595
50.100000000000044; 0.44588011131359434
50.200000000000045; 0.4478294241478088
50.30000000000005; 0.44977209117397315
50.40000000000004; 0.4517080995011961
50.50000000000004; 0.45363743704090104
50.600000000000044; 0.4555600924928476
50.700000000000045; 0.45747605533131164
50.80000000000005; 0.45938531579142117
50.90000000000004; 0.4612878648556501
51.00000000000004; 0.46318369424046485
51.100000000000044; 0.46507279638312643
51.200000000000045; 0.46695516442864904
51.30000000000005; 0.4688307922169106
51.40000000000005; 0.4706996742699284
51.50000000000004; 0.4725618057792679
51.600000000000044; 0.47441718259363047
51.700000000000045; 0.4762658012065766
51.80000000000005; 0.47810765874440764
51.90000000000005; 0.4799427529542057
52.00000000000004; 0.48177108219200915
52.100000000000044; 0.48359264541115893
52.200000000000045; 0.48540744215078196
52.30000000000005; 0.4872154725244268
52.40000000000005; 0.48901673720885025
52.50000000000004; 0.49081123743295374
52.600000000000044; 0.49259897496685806
52.700000000000045; 0.4943799521111287
52.80000000000005; 0.4961541716861574
52.90000000000005; 0.4979216370216687
53.00000000000004; 0.49968235194638216
53.100000000000044; 0.5014363207778152
53.200000000000045; 0.5031835483122244
53.30000000000005; 0.50492403981469
53.40000000000005; 0.5066578010093368
53.50000000000005; 0.5083848380696936
53.600000000000044; 0.5101051576091983
53.700000000000045; 0.5118187666718182
53.80000000000005; 0.513525672722828
53.90000000000005; 0.5152258836397078
54.00000000000005; 0.5169194077031788
54.100000000000044; 0.5186062535883623
54.200000000000045; 0.5202864303560846
54.30000000000005; 0.5219599474442926
54.40000000000005; 0.523626814659607
54.50000000000005; 0.525287042169006
54.60000000000005; 0.5269406404916174
54.700000000000045; 0.5285876204906547
54.80000000000005; 0.5302279933654638
54.90000000000005; 0.5318617706436902
55.00000000000005; 0.5334889641735792
55.10000000000005; 0.5351095861163736
55.200000000000045; 0.5367236489388502
55.30000000000005; 0.5383311654059634
55.40000000000005; 0.5399321485735965
55.50000000000005; 0.5415266117814435
55.60000000000005; 0.5431145686459927
55.700000000000045; 0.5446960330536197
55.80000000000005; 0.5462710191537963
55.90000000000005; 0.5478395413524096
56.00000000000005; 0.5494016143051774
56.10000000000005; 0.5509572529111895
56.200000000000045; 0.5525064723065288
56.30000000000005; 0.5540492878580225
56.40000000000005; 0.5555857151570737
56.50000000000005; 0.557115770013609
56.60000000000005; 0.5586394684501166
56.70000000000005; 0.5601568266957949
56.80000000000005; 0.5616678611807859
56.90000000000005; 0.5631725885305068
57.00000000000005; 0.5646710255600904
57.10000000000005; 0.5661631892689045
57.20000000000005; 0.5676490968351653
57.30000000000005; 0.5691287656106561
57.40000000000005; 0.5706022131155195
57.50000000000005; 0.5720694570331426
57.60000000000005; 0.5735305152051474
57.70000000000005; 0.5749854056264395
57.800000000000054; 0.5764341464403666
57.90000000000005; 0.5778767559339522
58.00000000000005; 0.5793132525332055
58.10000000000005; 0.5807436547985338
58.20000000000005; 0.5821679814202123
58.300000000000054; 0.5835862512139491
58.40000000000005; 0.58499848311653
58.50000000000005; 0.5864046961815325
58.60000000000005; 0.5878049095751169
58.70000000000005; 0.5891991425719099
58.800000000000054; 0.5905874145509352
58.90000000000005; 0.5919697449916447
59.00000000000005; 0.5933461534700024
59.10000000000005; 0.5947166596546534
59.20000000000005; 0.5960812833031555
59.300000000000054; 0.5974400442582845
59.40000000000005; 0.5987929624444029
59.50000000000005; 0.6001400578639045
59.60000000000005; 0.601481350593718
59.70000000000005; 0.6028168607818785
59.800000000000054; 0.6041466086441655
59.900000000000055; 0.6054706144608071
60.00000000000005; 0.6067888985732318
60.10000000000005; 0.6081012440607337
60.20000000000005; 0.6094079102936412
60.300000000000054; 0.6107089177159443
60.400000000000055; 0.6120042868000138
60.50000000000005; 0.6132940380663343
60.60000000000005; 0.6145781920805877
60.70000000000005; 0.6158567694508054
60.800000000000054; 0.617129790824565
60.900000000000055; 0.618397276886254
61.00000000000006; 0.6196592483543768
61.10000000000005; 0.6209157259789204
61.20000000000005; 0.6221667305387725
61.300000000000054; 0.6234122828391909
61.400000000000055; 0.6246524037093177
61.50000000000006; 0.6258871139997586
61.60000000000005; 0.6271164345801928
61.70000000000005; 0.6283403863370434
61.800000000000054; 0.6295589901711912
61.900000000000055; 0.6307722669957441
62.00000000000006; 0.6319802377338307
62.10000000000005; 0.6331829233164685
62.20000000000005; 0.6343803446804549
62.300000000000054; 0.6355725227663079
62.400000000000055; 0.6367594785162607
62.50000000000006; 0.6379412328722781
62.60000000000005; 0.639117806774139
62.70000000000005; 0.6402892211575398
62.800000000000054; 0.6414554969522489
62.900000000000055; 0.6426166550803037
63.00000000000006; 0.6437727164542342
63.10000000000006; 0.6449237019753401
63.20000000000005; 0.646069632531996
63.300000000000054; 0.6472105289979966
63.400000000000055; 0.6483464122309435
63.50000000000006; 0.649477303070661
63.60000000000006; 0.6506032223376472
63.70000000000005; 0.6517241908315716
63.800000000000054; 0.652840229329793
63.900000000000055; 0.6539513585859162
64.00000000000006; 0.6550575993283897
64.10000000000005; 0.6561589722591229
64.20000000000006; 0.6572554980521428
64.30000000000005; 0.6583471973522862
64.40000000000006; 0.6594340907739141
64.50000000000006; 0.66051619889966
64.60000000000005; 0.661593542279214
64.70000000000006; 0.6626661414281255
64.80000000000005; 0.6637340168266448
64.90000000000006; 0.664797188918592
65.00000000000006; 0.665855678110241
65.10000000000005; 0.6669095047692554
65.20000000000006; 0.6679586892236251
65.30000000000005; 0.6690032517606475
65.40000000000006; 0.6700432126259319
65.50000000000006; 0.6710785920224185
65.60000000000005; 0.6721094101094387
65.70000000000006; 0.6731356870017906
65.80000000000005; 0.6741574427688363
65.90000000000006; 0.6751746974336317
66.00000000000006; 0.6761874709720772
66.10000000000005; 0.6771957833120835
66.20000000000006; 0.6781996543327724
66.30000000000005; 0.679199103863691
66.40000000000006; 0.6801941516840516
66.50000000000006; 0.6811848175219901
66.60000000000005; 0.6821711210538495
66.70000000000006; 0.6831530819034833
66.80000000000005; 0.6841307196415732
66.90000000000006; 0.6851040537849784
67.00000000000006; 0.6860731037960873
67.10000000000007; 0.6870378890822129
67.20000000000006; 0.6879984289949777
67.30000000000005; 0.6889547428297454
67.40000000000006; 0.6899068498250477
67.50000000000006; 0.6908547691620467
67.60000000000007; 0.6917985199640013
67.70000000000006; 0.6927381212957591
67.80000000000005; 0.6936735921632623
67.90000000000006; 0.694604951513073
68.00000000000006; 0.6955322182319068
68.10000000000007; 0.6964554111461919
68.20000000000006; 0.6973745490216391
68.30000000000005; 0.6982896505628259
68.40000000000006; 0.6992007344128002
68.50000000000006; 0.7001078191526944
68.60000000000007; 0.701010923301356
68.70000000000006; 0.7019100653149916
68.80000000000005; 0.7028052635868253
68.90000000000006; 0.7036965364467728
69.00000000000006; 0.7045839021611234
69.10000000000007; 0.7054673789322403
69.20000000000006; 0.7063469848982727
69.30000000000005; 0.7072227381328803
69.40000000000006; 0.7080946566449652
69.50000000000006; 0.7089627583784261
69.60000000000007; 0.7098270612119165
69.70000000000006; 0.7106875829586167
69.80000000000007; 0.7115443413660167
69.90000000000006; 0.7123973541157124
70.00000000000006; 0.7132466388232103
70.10000000000007; 0.7140922130377431
70.20000000000006; 0.7149340942420996
70.30000000000007; 0.7157722998524603
70.40000000000006; 0.7166068472182416
70.50000000000006; 0.7174377536219602
70.60000000000007; 0.7182650362790926
70.70000000000006; 0.7190887123379595
70.80000000000007; 0.7199087988796019
70.90000000000006; 0.720725312917686
71.00000000000006; 0.7215382713984
71.10000000000007; 0.72234769120037
71.20000000000006; 0.7231535891345805
71.30000000000007; 0.7239559819443038
71.40000000000006; 0.7247548863050358
71.50000000000006; 0.7255503188244461
71.60000000000007; 0.7263422960423271
71.70000000000006; 0.7271308344305589
71.80000000000007; 0.7279159503930758
71.90000000000006; 0.7286976602658417
72.00000000000006; 0.7294759803168351
72.10000000000007; 0.7302509267460409
72.20000000000006; 0.7310225156854433
72.30000000000007; 0.731790763199035
72.40000000000006; 0.7325556852828206
72.50000000000006; 0.7333172978648431
72.60000000000007; 0.7340756168051971
72.70000000000006; 0.7348306578960668
72.80000000000007; 0.7355824368617558
72.90000000000006; 0.7363309693587303
73.00000000000006; 0.7370762709756669
73.10000000000007; 0.7378183572335023
73.20000000000006; 0.7385572435854961
73.30000000000007; 0.7392929454172895
73.40000000000006; 0.7400254780469778
73.50000000000007; 0.7407548567251818
73.60000000000007; 0.7414810966351253
73.70000000000006; 0.7422042128927233
73.80000000000007; 0.7429242205466657
73.90000000000006; 0.7436411345785134
74.00000000000007; 0.7443549699027948
74.10000000000007; 0.7450657413671055
74.20000000000006; 0.7457734637522184
74.30000000000007; 0.7464781517721911
74.40000000000006; 0.747179820074483
74.50000000000007; 0.7478784832400701
74.60000000000007; 0.7485741557835712
74.70000000000006; 0.7492668521533726
74.80000000000007; 0.7499565867317556
74.90000000000006; 0.7506433738350331
75.00000000000007; 0.7513272277136867
75.10000000000007; 0.7520081625525039
75.20000000000006; 0.7526861924707252
75.30000000000007; 0.7533613315221879
75.40000000000006; 0.7540335936954785
75.50000000000007; 0.7547029929140853
75.60000000000007; 0.7553695430365536
75.70000000000006; 0.7560332578566443
75.80000000000007; 0.7566941511034991
75.90000000000006; 0.7573522364417982
76.00000000000007; 0.7580075274719368
76.10000000000007; 0.7586600377301842
76.20000000000007; 0.7593097806888666
76.30000000000007; 0.7599567697565319
76.40000000000006; 0.7606010182781361
76.50000000000007; 0.7612425395352147
76.60000000000007; 0.7618813467460681
76.70000000000007; 0.7625174530659456
76.80000000000007; 0.7631508715872289
76.90000000000006; 0.7637816153396226
77.00000000000007; 0.7644096972903427
77.10000000000007; 0.7650351303443046
77.20000000000007; 0.7656579273443239
77.30000000000007; 0.7662781010713067
77.40000000000006; 0.7668956642444452
77.50000000000007; 0.7675106295214223
77.60000000000007; 0.768123009498604
77.70000000000007; 0.7687328167112488
77.80000000000007; 0.7693400636337041
77.90000000000006; 0.769944762679616
78.00000000000007; 0.7705469262021314
78.10000000000007; 0.7711465664941094
78.20000000000007; 0.7717436957883248
78.30000000000007; 0.7723383262576822
78.40000000000006; 0.7729304700154256
78.50000000000007; 0.7735201391153496
78.60000000000007; 0.7741073455520138
78.70000000000007; 0.7746921012609553
78.80000000000007; 0.7752744181189078
78.90000000000006; 0.7758543079440114
79.00000000000007; 0.7764317824960363
79.10000000000007; 0.7770068534765965
79.20000000000007; 0.7775795325293698
79.30000000000007; 0.7781498312403168
79.40000000000006; 0.7787177611379025
79.50000000000007; 0.7792833336933159
79.60000000000007; 0.779846560320691
79.70000000000007; 0.7804074523773321
79.80000000000007; 0.7809660211639334
79.90000000000008; 0.7815222779248018
80.00000000000007; 0.7820762338480861
80.10000000000007; 0.7826280426547292
80.20000000000007; 0.783177573905708
80.30000000000007; 0.7837248365215376
80.40000000000008; 0.7842698414682745
80.50000000000007; 0.7848125996568703
80.60000000000007; 0.7853531219433996
80.70000000000007; 0.7858914191292906
80.80000000000007; 0.7864275019615516
80.90000000000008; 0.7869613811330017
81.00000000000007; 0.7874930672824979
81.10000000000007; 0.7880225709951644
81.20000000000007; 0.7885499028026247
81.30000000000007; 0.7890750731832277
81.40000000000008; 0.7895980925622772
81.50000000000007; 0.7901189713122664
81.60000000000007; 0.7906377197531003
81.70000000000007; 0.7911543481523293
81.80000000000007; 0.7916688667253774
81.90000000000008; 0.7921812856357746
82.00000000000007; 0.7926916149953807
82.10000000000007; 0.7931998648646185
82.20000000000007; 0.7937060452527034
82.30000000000007; 0.7942101661178684
82.40000000000008; 0.7947122373675981
82.50000000000007; 0.7952122688588524
82.60000000000008; 0.7957102703982989
82.70000000000007; 0.7962062517425387
82.80000000000007; 0.7967002225983355
82.90000000000008; 0.797192192622842
83.00000000000007; 0.7976821714238286
83.10000000000008; 0.7981701685599122
83.20000000000007; 0.7986561935407781
83.30000000000007; 0.7991402558274121
83.40000000000008; 0.7996223648323217
83.50000000000007; 0.8001025299197664
83.60000000000008; 0.8005807604059803
83.70000000000007; 0.8010570655593987
83.80000000000007; 0.8015314546008806
83.90000000000008; 0.8020039367039361
84.00000000000007; 0.802474520994948
84.10000000000008; 0.8029432165533958
84.20000000000007; 0.8034100324120783
84.30000000000007; 0.8038749775573385
84.40000000000008; 0.804338060929281
84.50000000000007; 0.8047992914219972
84.60000000000008; 0.8052586778837864
84.70000000000007; 0.8057162291173742
84.80000000000007; 0.8061719538801335
84.90000000000008; 0.8066258608843042
85.00000000000007; 0.807077958797211
85.10000000000008; 0.807528256241486
85.20000000000007; 0.8079767617952784
85.30000000000007; 0.8084234839924805
85.40000000000008; 0.8088684313229385
85.50000000000007; 0.8093116122326698
85.60000000000008; 0.8097530351240823
85.70000000000007; 0.8101927083561824
85.80000000000007; 0.8106306402447948
85.90000000000008; 0.8110668390627738
86.00000000000007; 0.8115013130402172
86.10000000000008; 0.8119340703646777
86.20000000000007; 0.8123651191813752
86.30000000000008; 0.8127944675934072
86.40000000000008; 0.8132221236619613
86.50000000000007; 0.8136480954065214
86.60000000000008; 0.8140723908050793
86.70000000000007; 0.8144950177943431
86.80000000000008; 0.8149159842699443
86.90000000000008; 0.8153352980866428
87.00000000000007; 0.8157529670585372
87.10000000000008; 0.8161689989592671
87.20000000000007; 0.8165834015222205
87.30000000000008; 0.8169961824407355
87.40000000000008; 0.8174073493683047
87.50000000000007; 0.8178169099187795
87.60000000000008; 0.8182248716665703
87.70000000000007; 0.818631242146847
87.80000000000008; 0.8190360288557422
87.90000000000008; 0.81943923925055
88.00000000000007; 0.819840880749923
88.10000000000008; 0.8202409607340748
88.20000000000007; 0.8206394865449732
88.30000000000008; 0.821036465486539
88.40000000000008; 0.821431904824844
88.50000000000007; 0.8218258117883018
88.60000000000008; 0.8222181935678675
88.70000000000007; 0.8226090573172271
88.80000000000008; 0.822998410152994
88.90000000000008; 0.8233862591548975
89.00000000000009; 0.8237726113659792
89.10000000000008; 0.8241574737927786
89.20000000000007; 0.824540853405528
89.30000000000008; 0.824922757138337
89.40000000000008; 0.825303191889384
89.50000000000009; 0.8256821645211033
89.60000000000008; 0.8260596818603709
89.70000000000007; 0.8264357506986921
89.80000000000008; 0.8268103777923854
89.90000000000008; 0.8271835698627671
90.00000000000009; 0.8275553335963378
90.10000000000008; 0.8279256756449596
90.20000000000007; 0.8282946026260453
90.30000000000008; 0.828662121122733
90.40000000000008; 0.829028237684072
90.50000000000009; 0.8293929588251998
90.60000000000008; 0.8297562910275219
90.70000000000007; 0.8301182407388897
90.80000000000008; 0.8304788143737786
90.90000000000008; 0.8308380183134627
91.00000000000009; 0.8311958589061949
91.10000000000008; 0.831552342467376
91.20000000000007; 0.8319074752797346
91.30000000000008; 0.8322612635934976
91.40000000000008; 0.8326137136265624
91.50000000000009; 0.8329648315646708
91.60000000000008; 0.8333146235615794
91.70000000000007; 0.8336630957392291
91.80000000000008; 0.8340102541879162
91.90000000000008; 0.8343561049664586
92.00000000000009; 0.8347006541023675
92.10000000000008; 0.8350439075920107
92.20000000000007; 0.8353858714007826
92.30000000000008; 0.8357265514632664
92.40000000000008; 0.836065953683402
92.50000000000009; 0.8364040839346483
92.60000000000008; 0.8367409480601468
92.70000000000009; 0.8370765518728841
92.80000000000008; 0.8374109011558539
92.90000000000008; 0.8377440016622179
93.00000000000009; 0.8380758591154654
93.10000000000008; 0.8384064792095748
93.20000000000009; 0.8387358676091691
93.30000000000008; 0.8390640299496753
93.40000000000008; 0.8393909718374827
93.50000000000009; 0.8397166988500973
93.60000000000008; 0.8400412165362984
93.70000000000009; 0.8403645304162927
93.80000000000008; 0.84068664598187
93.90000000000008; 0.8410075686965537
94.00000000000009; 0.8413273039957562
94.10000000000008; 0.8416458572869286
94.20000000000009; 0.8419632339497138
94.30000000000008; 0.8422794393360934
94.40000000000008; 0.8425944787705403
94.50000000000009; 0.8429083575501677
94.60000000000008; 0.843221080944873
94.70000000000009; 0.8435326541974915
94.80000000000008; 0.8438430825239357
94.90000000000008; 0.8441523711133476
95.00000000000009; 0.8444605251282388
95.10000000000008; 0.8447675497046386
95.20000000000009; 0.8450734499522341
95.30000000000008; 0.8453782309545168
95.40000000000009; 0.845681897768921
95.50000000000009; 0.8459844554269671
95.60000000000008; 0.8462859089344026
95.70000000000009; 0.8465862632713413
95.80000000000008; 0.8468855233924028
95.90000000000009; 0.8471836942268508
96.00000000000009; 0.8474807806787299
96.10000000000008; 0.8477767876270048
96.20000000000009; 0.8480717199256961
96.30000000000008; 0.8483655824040136
96.40000000000009; 0.848658379866494
96.50000000000009; 0.8489501170931347
96.60000000000008; 0.8492407988395253
96.70000000000009; 0.8495304298369835
96.80000000000008; 0.8498190147926845
96.90000000000009; 0.8501065583897935
97.00000000000009; 0.8503930652875974
97.10000000000008; 0.8506785401216326
97.20000000000009; 0.8509629875038172
97.30000000000008; 0.8512464120225767
97.40000000000009; 0.8515288182429747
97.50000000000009; 0.8518102107068387
97.60000000000008; 0.8520905939328859
97.70000000000009; 0.8523699724168524
97.80000000000008; 0.8526483506316145
97.90000000000009; 0.8529257330273161
98.00000000000009; 0.8532021240314919
98.10000000000008; 0.8534775280491905
98.20000000000009; 0.853751949463097
98.30000000000008; 0.8540253926336547
98.40000000000009; 0.8542978618991884
98.50000000000009; 0.8545693615760215
98.60000000000008; 0.8548398959585995
98.70000000000009; 0.8551094693196079
98.80000000000008; 0.8553780859100903
98.90000000000009; 0.8556457499595673
99.00000000000009; 0.8559124656761539
99.1000000000001; 0.8561782372466771
99.20000000000009; 0.8564430688367897
99.30000000000008; 0.8567069645910893
99.40000000000009; 0.8569699286332291
99.50000000000009; 0.8572319650660358
99.6000000000001; 0.857493077971622
99.70000000000009; 0.8577532714114987
99.80000000000008; 0.8580125494266888
99.90000000000009; 0.8582709160378371
100.00000000000009; 0.8585283733824297
100.1000000000001; 0.8587848562352521
100.20000000000009; 0.8590404400521607
100.30000000000008; 0.8592951287570098
100.40000000000009; 0.8595489262540832
100.50000000000009; 0.8598018364281997
100.6000000000001; 0.8600538631448157
100.70000000000009; 0.8603050102501311
100.80000000000008; 0.8605552815711928
100.90000000000009; 0.8608046809159953
101.00000000000009; 0.861053212073587
101.1000000000001; 0.8613008788141678
101.20000000000009; 0.8615476848891924
101.30000000000008; 0.861793634031472
101.40000000000009; 0.8620387299552721
101.50000000000009; 0.8622829763564138
101.6000000000001; 0.8625263769123729
101.70000000000009; 0.8627689352823773
101.8000000000001; 0.8630106551075053
101.90000000000009; 0.8632515400107851
102.00000000000009; 0.8634915935972879
102.1000000000001; 0.8637308194542287
102.20000000000009; 0.8639692211510589
102.3000000000001; 0.8642068022395634
102.40000000000009; 0.8644435662539546
102.50000000000009; 0.8646795167109672
102.6000000000001; 0.8649146571099519
102.70000000000009; 0.8651489909329698
102.8000000000001; 0.8653825216448834
102.90000000000009; 0.865615252693449
103.00000000000009; 0.8658471875094116
103.1000000000001; 0.8660783295065917
103.20000000000009; 0.8663086820819794
103.3000000000001; 0.8665382486158238
103.40000000000009; 0.8667670324717226
103.50000000000009; 0.8669950369967111
103.6000000000001; 0.8672222655213526
103.70000000000009; 0.8674487213598249
103.8000000000001; 0.8676744078100092
103.90000000000009; 0.8678993281535768
104.00000000000009; 0.8681234856560777
104.1000000000001; 0.8683468835670247
104.20000000000009; 0.8685695251199815
104.3000000000001; 0.8687914135326467
104.40000000000009; 0.8690125520069388
104.50000000000009; 0.8692329437290834
104.6000000000001; 0.8694525918696926
104.70000000000009; 0.8696714995838538
104.8000000000001; 0.8698896700112078
104.90000000000009; 0.8701071062760364
105.00000000000009; 0.8703238114873406
105.1000000000001; 0.8705397887389257
105.20000000000009; 0.8707550411094794
105.3000000000001; 0.8709695716626555
105.40000000000009; 0.8711833834471531
105.5000000000001; 0.8713964794967968
105.6000000000001; 0.8716088628306157
105.70000000000009; 0.8718205364529239
105.8000000000001; 0.8720315033533973
105.90000000000009; 0.8722417665071542
106.0000000000001; 0.8724513288748306
106.1000000000001; 0.8726601934026598
106.20000000000009; 0.8728683630225479
106.3000000000001; 0.8730758406521508
106.40000000000009; 0.8732826291949507
106.5000000000001; 0.8734887315403312
106.6000000000001; 0.8736941505636524
106.70000000000009; 0.8738988891263268
106.8000000000001; 0.8741029500758934
106.90000000000009; 0.87430633624609
107.0000000000001; 0.8745090504569297
107.1000000000001; 0.874711095514772
107.20000000000009; 0.8749124742123965
107.3000000000001; 0.875113189329074
107.40000000000009; 0.8753132436306413
107.5000000000001; 0.875512639869569
107.6000000000001; 0.8757113807850366
107.70000000000009; 0.8759094691029997
107.8000000000001; 0.8761069075362634
107.90000000000009; 0.8763036987845498
108.0000000000001; 0.8764998455345702
108.1000000000001; 0.8766953504600912
108.2000000000001; 0.8768902162220065
108.3000000000001; 0.8770844454684038
108.40000000000009; 0.8772780408346331
108.5000000000001; 0.8774710049433745
108.6000000000001; 0.8776633404047058
108.7000000000001; 0.8778550498161684
108.8000000000001; 0.8780461357628353
108.90000000000009; 0.8782366008173768
109.0000000000001; 0.8784264475401251
109.1000000000001; 0.8786156784791413
109.2000000000001; 0.8788042961702812
109.3000000000001; 0.8789923031372567
109.40000000000009; 0.8791797018917035
109.5000000000001; 0.8793664949332437
109.6000000000001; 0.8795526847495497
109.7000000000001; 0.8797382738164078
109.8000000000001; 0.87992326459778
109.90000000000009; 0.8801076595458677
110.0000000000001; 0.8802914611011738
110.1000000000001; 0.8804746716925642
110.2000000000001; 0.8806572937373295
110.3000000000001; 0.8808393296412466
110.40000000000009; 0.8810207817986382
110.5000000000001; 0.8812016525924359
110.6000000000001; 0.8813819443942379
110.7000000000001; 0.8815616595643694
110.8000000000001; 0.8817408004519429
110.90000000000009; 0.8819193693949171
111.0000000000001; 0.8820973687201549
111.1000000000001; 0.8822748007434835
111.2000000000001; 0.8824516677697511
111.3000000000001; 0.8826279720928855
111.40000000000009; 0.882803715995951
111.5000000000001; 0.8829789017512066
111.6000000000001; 0.8831535316201621
111.7000000000001; 0.8833276078536353
111.8000000000001; 0.8835011326918077
111.9000000000001; 0.8836741083642803
112.0000000000001; 0.8838465370901298
112.1000000000001; 0.8840184210779645
112.2000000000001; 0.884189762525977
112.3000000000001; 0.8843605636220015
112.4000000000001; 0.8845308265435667
112.5000000000001; 0.8847005534579507
112.6000000000001; 0.8848697465222339
112.7000000000001; 0.885038407883353
112.8000000000001; 0.8852065396781543
112.9000000000001; 0.8853741440334467
113.0000000000001; 0.8855412230660535
113.1000000000001; 0.8857077788828651
113.2000000000001; 0.8858738135808926
113.3000000000001; 0.8860393292473162
113.4000000000001; 0.8862043279595394
113.5000000000001; 0.8863688117852393
113.6000000000001; 0.8865327827824168
113.7000000000001; 0.8866962429994485
113.8000000000001; 0.8868591944751356
113.9000000000001; 0.8870216392387543
114.0000000000001; 0.887183579310107
114.1000000000001; 0.8873450166995692
114.2000000000001; 0.8875059534081404
114.3000000000001; 0.8876663914274924
114.4000000000001; 0.8878263327400183
114.5000000000001; 0.8879857793188809
114.60000000000011; 0.8881447331280599
114.7000000000001; 0.8883031961224
114.8000000000001; 0.8884611702476597
114.9000000000001; 0.8886186574405573
115.0000000000001; 0.888775659628818
115.10000000000011; 0.8889321787312209
115.2000000000001; 0.8890882166576451
115.3000000000001; 0.8892437753091171
115.4000000000001; 0.8893988565778554
115.5000000000001; 0.8895534623473169
115.60000000000011; 0.8897075944922421
115.7000000000001; 0.8898612548787008
115.8000000000001; 0.8900144453641359
115.9000000000001; 0.89016716779741
116.0000000000001; 0.8903194240188473
116.10000000000011; 0.8904712158602804
116.2000000000001; 0.8906225451450929
116.3000000000001; 0.8907734136882626
116.4000000000001; 0.8909238232964057
116.5000000000001; 0.8910737757678212
116.60000000000011; 0.8912232728925314
116.7000000000001; 0.891372316452326
116.8000000000001; 0.891520908220805
116.9000000000001; 0.89166904996342
117.0000000000001; 0.8918167434375174
117.10000000000011; 0.8919639903923782
117.2000000000001; 0.8921107925692618
117.3000000000001; 0.8922571517014467
117.4000000000001; 0.8924030695142702
117.5000000000001; 0.8925485477251711
117.60000000000011; 0.8926935880437292
117.7000000000001; 0.8928381921717068
117.8000000000001; 0.8929823618030872
117.9000000000001; 0.8931260986241163
118.0000000000001; 0.8932694043133418
118.10000000000011; 0.8934122805416522
118.2000000000001; 0.893554728972317
118.30000000000011; 0.8936967512610252
118.4000000000001; 0.8938383490559237
118.5000000000001; 0.8939795239976577
118.60000000000011; 0.8941202777194074
118.7000000000001; 0.8942606118469267
118.80000000000011; 0.8944005279985813
118.9000000000001; 0.8945400277853869
119.0000000000001; 0.8946791128110465
119.10000000000011; 0.8948177846719871
119.2000000000001; 0.8949560449573984
119.30000000000011; 0.8950938952492677
119.4000000000001; 0.8952313371224191
119.5000000000001; 0.8953683721445475
119.60000000000011; 0.8955050018762576
119.7000000000001; 0.8956412278710979
119.80000000000011; 0.8957770516755973
119.9000000000001; 0.8959124748293013
120.0000000000001; 0.8960474988648076
120.10000000000011; 0.8961821253078007
120.2000000000001; 0.8963163556770875
120.30000000000011; 0.8964501914846327
120.4000000000001; 0.8965836342355921
120.5000000000001; 0.89671668542835
120.60000000000011; 0.8968493465545503
120.7000000000001; 0.8969816190991324
120.80000000000011; 0.8971135045403662
120.9000000000001; 0.8972450043498831
121.00000000000011; 0.8973761199927132
121.10000000000011; 0.8975068529273146
121.2000000000001; 0.8976372046056112
121.30000000000011; 0.8977671764730223
121.4000000000001; 0.8978967699684967
121.50000000000011; 0.8980259865245455
121.60000000000011; 0.8981548275672752
121.7000000000001; 0.8982832945164186
121.80000000000011; 0.8984113887853689
121.9000000000001; 0.8985391117812092
122.00000000000011; 0.8986664649047469
122.10000000000011; 0.8987934495505437
122.2000000000001; 0.8989200671069478
122.30000000000011; 0.899046318956125
122.4000000000001; 0.8991722064740895
122.50000000000011; 0.8992977310307357
122.60000000000011; 0.8994228939898683
122.7000000000001; 0.8995476967092327
122.80000000000011; 0.8996721405405463
122.9000000000001; 0.8997962268295286
123.00000000000011; 0.8999199569159304
123.10000000000011; 0.9000433321335651
123.2000000000001; 0.9001663538103369
123.30000000000011; 0.9002890232682721
123.4000000000001; 0.900411341823548
123.50000000000011; 0.9005333107865211
123.60000000000011; 0.9006549314617577
123.7000000000001; 0.9007762051480626
123.80000000000011; 0.9008971331385072
123.9000000000001; 0.9010177167204585
124.00000000000011; 0.9011379571756082
124.10000000000011; 0.9012578557800004
124.2000000000001; 0.9013774138040597
124.30000000000011; 0.9014966325126199
124.4000000000001; 0.9016155131649515
124.50000000000011; 0.9017340570147888
124.60000000000011; 0.901852265310359
124.70000000000012; 0.9019701392944083
124.80000000000011; 0.9020876802042298
124.9000000000001; 0.9022048892716898
125.00000000000011; 0.902321767723257
125.10000000000011; 0.9024383167800262
125.20000000000012; 0.9025545376577474
125.30000000000011; 0.9026704315668513
125.4000000000001; 0.9027859997124765
125.50000000000011; 0.9029012432944943
125.60000000000011; 0.9030161635075362
125.70000000000012; 0.9031307615410197
125.80000000000011; 0.9032450385791733
125.9000000000001; 0.903358995801063
126.00000000000011; 0.9034726343806173
126.10000000000011; 0.9035859554866533
126.20000000000012; 0.9036989602829015
126.30000000000011; 0.9038116499280306
126.4000000000001; 0.9039240255756733
126.50000000000011; 0.9040360883744504
126.60000000000011; 0.9041478394679962
126.70000000000012; 0.9042592799949828
126.80000000000011; 0.9043704110891441
126.9000000000001; 0.9044812338793016
127.00000000000011; 0.9045917494893863
127.10000000000011; 0.9047019590384647
127.20000000000012; 0.9048118636407623
127.30000000000011; 0.9049214644056868
127.40000000000012; 0.9050307624378521
127.50000000000011; 0.9051397588371024
127.60000000000011; 0.9052484546985345
127.70000000000012; 0.9053568511125223
127.80000000000011; 0.9054649491647387
127.90000000000012; 0.9055727499361805
128.0000000000001; 0.905680254503189
128.1000000000001; 0.9057874639374746
128.2000000000001; 0.9058943793061385
128.30000000000013; 0.9060010016716955
128.40000000000012; 0.9061073320920972
128.5000000000001; 0.906213371620753
128.6000000000001; 0.9063191213065528
128.7000000000001; 0.9064245821938899
128.80000000000013; 0.9065297553226813
128.90000000000012; 0.9066346417283911
129.0000000000001; 0.9067392424420515
129.1000000000001; 0.9068435584902842
129.2000000000001; 0.9069475908953222
129.30000000000013; 0.9070513406750312
129.40000000000012; 0.9071548088429311
129.5000000000001; 0.9072579964082159
129.6000000000001; 0.9073609043757763
129.7000000000001; 0.9074635337462204
129.80000000000013; 0.9075658855158927
129.90000000000012; 0.9076679606768969
130.0000000000001; 0.9077697602171158
130.1000000000001; 0.9078712851202315
130.2000000000001; 0.9079725363657458
130.30000000000013; 0.9080735149290006
130.40000000000012; 0.9081742217811981
130.5000000000001; 0.9082746578894204
130.6000000000001; 0.9083748242166502
130.7000000000001; 0.9084747217217898
130.80000000000013; 0.9085743513596817
130.90000000000012; 0.9086737140811266
131.0000000000001; 0.9087728108329051
131.1000000000001; 0.9088716425577954
131.2000000000001; 0.9089702101945931
131.30000000000013; 0.9090685146781312
131.40000000000012; 0.9091665569392974
131.5000000000001; 0.9092643379050548
131.6000000000001; 0.90936185849846
131.7000000000001; 0.9094591196386815
131.80000000000013; 0.9095561222410199
131.90000000000012; 0.9096528672169247
132.0000000000001; 0.9097493554740136
132.1000000000001; 0.909845587916091
132.2000000000001; 0.9099415654431662
132.30000000000013; 0.9100372889514713
132.40000000000012; 0.9101327593334798
132.5000000000001; 0.9102279774779242
132.6000000000001; 0.9103229442698137
132.70000000000013; 0.910417660590453
132.80000000000013; 0.9105121273174589
132.90000000000012; 0.9106063453247785
133.0000000000001; 0.9107003154827062
133.1000000000001; 0.9107940386579022
133.20000000000013; 0.910887515713409
133.30000000000013; 0.9109807475086685
133.40000000000012; 0.9110737348995398
133.5000000000001; 0.9111664787383158
133.6000000000001; 0.9112589798737404
133.70000000000013; 0.9113512391510254
133.80000000000013; 0.9114432574118672
133.90000000000012; 0.9115350354944634
134.0000000000001; 0.9116265742335298
134.1000000000001; 0.9117178744603164
134.20000000000013; 0.9118089370026248
134.30000000000013; 0.9118997626848226
134.40000000000012; 0.9119903523278625
134.5000000000001; 0.9120807067492963
134.6000000000001; 0.9121708267632915
134.70000000000013; 0.9122607131806477
134.80000000000013; 0.9123503668088124
134.90000000000012; 0.9124397884518969
135.0000000000001; 0.9125289789106915
135.1000000000001; 0.9126179389826823
135.20000000000013; 0.9127066694620658
135.30000000000013; 0.9127951711397644
135.40000000000012; 0.9128834448034432
135.5000000000001; 0.9129714912375234
135.6000000000001; 0.9130593112231988
135.70000000000013; 0.9131469055384518
135.80000000000013; 0.9132342749580656
135.90000000000012; 0.9133214202536427
136.0000000000001; 0.9134083421936178
136.1000000000001; 0.9134950415432728
136.20000000000013; 0.9135815190647522
136.30000000000013; 0.9136677755170779
136.40000000000012; 0.9137538116561632
136.5000000000001; 0.9138396282348279
136.6000000000001; 0.9139252260028127
136.70000000000013; 0.914010605706793
136.80000000000013; 0.9140957680903951
136.90000000000012; 0.9141807138942076
137.0000000000001; 0.9142654438557981
137.1000000000001; 0.9143499587097264
137.20000000000013; 0.9144342591875583
137.30000000000013; 0.9145183460178798
137.40000000000012; 0.9146022199263114
137.5000000000001; 0.9146858816355211
137.6000000000001; 0.9147693318652391
137.70000000000013; 0.9148525713322709
137.80000000000013; 0.9149356007505108
137.90000000000012; 0.9150184208309561
138.0000000000001; 0.9151010322817198
138.1000000000001; 0.9151834358080446
138.20000000000013; 0.9152656321123163
138.30000000000013; 0.9153476218940761
138.40000000000012; 0.9154294058500353
138.5000000000001; 0.9155109846740872
138.60000000000014; 0.9155923590573207
138.70000000000013; 0.9156735296880331
138.80000000000013; 0.9157544972517436
138.90000000000012; 0.915835262431205
139.0000000000001; 0.9159158259064177
139.10000000000014; 0.9159961883546418
139.20000000000013; 0.91607635045041
139.30000000000013; 0.91615631286554
139.40000000000012; 0.9162360762691472
139.5000000000001; 0.9163156413276572
139.60000000000014; 0.9163950087048177
139.70000000000013; 0.9164741790617118
139.80000000000013; 0.9165531530567698
139.90000000000012; 0.9166319313457808
140.0000000000001; 0.9167105145819059
140.10000000000014; 0.9167889034156896
140.20000000000013; 0.9168670984950721
140.30000000000013; 0.9169451004654013
140.40000000000012; 0.9170229099694446
140.5000000000001; 0.9171005276474007
140.60000000000014; 0.9171779541369116
140.70000000000013; 0.9172551900730738
140.80000000000013; 0.9173322360884509
140.90000000000012; 0.9174090928130842
141.0000000000001; 0.9174857608745053
141.10000000000014; 0.9175622408977461
141.20000000000013; 0.9176385335053516
141.30000000000013; 0.9177146393173913
141.40000000000012; 0.917790558951469
141.5000000000001; 0.917866293022736
141.60000000000014; 0.9179418421439005
141.70000000000013; 0.9180172069252401
141.80000000000013; 0.9180923879746125
141.90000000000012; 0.9181673858974658
142.0000000000001; 0.9182422012968509
142.10000000000014; 0.918316834773431
142.20000000000013; 0.918391286925493
142.30000000000013; 0.918465558348959
142.40000000000012; 0.9185396496373956
142.5000000000001; 0.9186135613820262
142.60000000000014; 0.9186872941717399
142.70000000000013; 0.9187608485931038
142.80000000000013; 0.9188342252303727
142.90000000000012; 0.9189074246654994
143.0000000000001; 0.9189804474781452
143.10000000000014; 0.9190532942456908
143.20000000000013; 0.9191259655432463
143.30000000000013; 0.9191984619436612
143.40000000000012; 0.9192707840175348
143.5000000000001; 0.9193429323332268
143.60000000000014; 0.9194149074568667
143.70000000000013; 0.9194867099523641
143.80000000000013; 0.9195583403814193
143.90000000000012; 0.9196297993035322
144.0000000000001; 0.9197010872760131
144.10000000000014; 0.9197722048539922
144.20000000000013; 0.9198431525904298
144.30000000000013; 0.919913931036125
144.40000000000012; 0.9199845407397264
144.5000000000001; 0.9200549822477421
144.60000000000014; 0.9201252561045478
144.70000000000013; 0.9201953628523978
144.80000000000013; 0.9202653030314337
144.90000000000012; 0.920335077179695
145.0000000000001; 0.9204046858331265
145.10000000000014; 0.9204741295255898
145.20000000000013; 0.920543408788871
145.30000000000013; 0.9206125241526915
145.40000000000012; 0.9206814761447157
145.50000000000014; 0.9207502652905613
145.60000000000014; 0.9208188921138079
145.70000000000013; 0.9208873571360063
145.80000000000013; 0.9209556608766878
145.90000000000012; 0.9210238038533725
146.00000000000014; 0.9210917865815788
146.10000000000014; 0.9211596095748323
146.20000000000013; 0.9212272733446746
146.30000000000013; 0.921294778400672
146.40000000000012; 0.9213621252504245
146.50000000000014; 0.9214293143995744
146.60000000000014; 0.921496346351815
146.70000000000013; 0.9215632216088995
146.80000000000013; 0.9216299406706489
146.90000000000012; 0.9216965040349617
147.00000000000014; 0.9217629121978215
147.10000000000014; 0.9218291656533054
147.20000000000013; 0.9218952648935937
147.30000000000013; 0.9219612104089767
147.40000000000012; 0.9220270026878643
147.50000000000014; 0.9220926422167932
147.60000000000014; 0.9221581294804362
147.70000000000013; 0.9222234649616101
147.80000000000013; 0.9222886491412834
147.90000000000012; 0.9223536824985855
148.00000000000014; 0.9224185655108135
148.10000000000014; 0.9224832986534413
148.20000000000013; 0.9225478824001272
148.30000000000013; 0.922612317222722
148.40000000000012; 0.9226766035912771
148.50000000000014; 0.9227407419740519
148.60000000000014; 0.9228047328375222
148.70000000000013; 0.922868576646388
148.80000000000013; 0.922932273863581
148.90000000000012; 0.9229958249502724
149.00000000000014; 0.9230592303658811
149.10000000000014; 0.9231224905680807
149.20000000000013; 0.9231856060128075
149.30000000000013; 0.9232485771542686
149.40000000000012; 0.9233114044449479
149.50000000000014; 0.9233740883356155
149.60000000000014; 0.9234366292753344
149.70000000000013; 0.9234990277114675
149.80000000000013; 0.9235612840896859
149.90000000000012; 0.9236233988539754
150.00000000000014; 0.9236853724466447
150.10000000000014; 0.9237472074673885
150.20000000000013; 0.9238089022201079
150.30000000000013; 0.9238704571110428
150.40000000000012; 0.9239318725758043
150.50000000000014; 0.9239931490483638
150.60000000000014; 0.924054286961061
150.70000000000013; 0.9241152867446102
150.80000000000013; 0.9241761488281076
150.90000000000012; 0.9242368736390391
151.00000000000014; 0.9242974616032854
151.10000000000014; 0.9243579131451313
151.20000000000013; 0.9244182286872702
151.30000000000013; 0.9244784086508132
151.40000000000015; 0.9245384534552944
151.50000000000014; 0.9245983635186783
151.60000000000014; 0.9246581392573666
151.70000000000013; 0.9247177810862046
151.80000000000013; 0.9247772894184885
151.90000000000015; 0.9248366646659716
152.00000000000014; 0.9248959072388708
152.10000000000014; 0.9249550175458738
152.20000000000013; 0.9250139959941456
152.30000000000013; 0.9250728429893341
152.40000000000015; 0.925131558935578
152.50000000000014; 0.925190144235512
152.60000000000014; 0.9252485992902747
152.70000000000013; 0.9253069244995136
152.80000000000013; 0.9253651202613921
152.90000000000015; 0.925423186972596
153.00000000000014; 0.9254811250283399
153.10000000000014; 0.9255389348223729
153.20000000000013; 0.9255966167469853
153.30000000000013; 0.9256541711930152
153.40000000000015; 0.9257115985498539
153.50000000000014; 0.9257688992054526
153.60000000000014; 0.9258260735463283
153.70000000000013; 0.9258831219575706
153.80000000000013; 0.9259400448228465
153.90000000000015; 0.9259968425244081
154.00000000000014; 0.9260535154430966
154.10000000000014; 0.9261100639583506
154.20000000000013; 0.9261664884482103
154.30000000000013; 0.926222789289324
154.40000000000015; 0.9262789668569547
154.50000000000014; 0.9263350215249847
154.60000000000014; 0.9263909536659226
154.70000000000013; 0.9264467636509085
154.80000000000013; 0.9265024518497201
154.90000000000015; 0.9265580186307784
155.00000000000014; 0.9266134643611533
155.10000000000014; 0.9266687894065693
155.20000000000013; 0.9267239941314118
155.30000000000013; 0.9267790788987322
155.40000000000015; 0.9268340440702533
155.50000000000014; 0.9268888900063754
155.60000000000014; 0.9269436170661822
155.70000000000013; 0.9269982256074456
155.80000000000013; 0.9270527159866314
155.90000000000015; 0.9271070885589052
156.00000000000014; 0.9271613436781379
156.10000000000014; 0.9272154816969104
156.20000000000013; 0.9272695029665198
156.30000000000013; 0.9273234078369846
156.40000000000015; 0.9273771966570502
156.50000000000014; 0.9274308697741936
156.60000000000014; 0.92748442753463
156.70000000000013; 0.9275378702833165
156.80000000000013; 0.9275911983639585
156.90000000000015; 0.927644412119015
157.00000000000014; 0.9276975118897033
157.10000000000014; 0.9277504980160042
157.20000000000013; 0.9278033708366678
157.30000000000013; 0.9278561306892175
157.40000000000015; 0.9279087779099567
157.50000000000014; 0.9279613128339729
157.60000000000014; 0.9280137357951425
157.70000000000013; 0.9280660471261366
157.80000000000013; 0.9281182471584262
157.90000000000015; 0.9281703362222858
158.00000000000014; 0.9282223146468005
158.10000000000014; 0.9282741827598692
158.20000000000013; 0.9283259408882099
158.30000000000015; 0.9283775893573654
158.40000000000015; 0.9284291284917077
158.50000000000014; 0.9284805586144423
158.60000000000014; 0.9285318800476146
158.70000000000013; 0.9285830931121126
158.80000000000015; 0.9286341981276737
158.90000000000015; 0.9286851954128882
159.00000000000014; 0.9287360852852047
159.10000000000014; 0.9287868680609344
159.20000000000013; 0.9288375440552561
159.30000000000015; 0.9288881135822212
159.40000000000015; 0.9289385769547576
159.50000000000014; 0.9289889344846748
159.60000000000014; 0.9290391864826688
159.70000000000013; 0.9290893332583259
159.80000000000015; 0.9291393751201281
159.90000000000015; 0.9291893123754574
160.00000000000014; 0.9292391453306001
