energy (keV); transmission
1.0; 0.0
1.1; 0.0
1.2000000000000002; 0.0
1.3000000000000003; 0.0
1.4000000000000004; 0.0
1.5000000000000004; 0.0
1.6000000000000005; 0.0
1.7000000000000006; 0.0
1.8000000000000007; 0.0
1.9000000000000008; 0.0
2.000000000000001; 0.0
2.100000000000001; 0.0
2.200000000000001; 0.0
2.300000000000001; 0.0
2.4000000000000012; 0.0
2.5000000000000013; 1.189330305304511e-305
2.6000000000000014; 9.121285701581806e-287
2.7000000000000015; 4.319860844270961e-265
2.8000000000000016; 5.228699534801838e-241
2.9000000000000017; 3.298912920925847e-222
3.0000000000000018; 2.0772807079857392e-203
3.100000000000002; 2.577153417885506e-186
3.200000000000002; 3.800456105455247e-171
3.300000000000002; 1.2344618713886494e-157
3.400000000000002; 1.4791010971760443e-145
3.500000000000002; 1.0083139964017204e-134
3.6000000000000023; 5.639841063968039e-125
3.7000000000000024; 3.531783088122929e-116
3.8000000000000025; 3.2277872396179285e-108
3.9000000000000026; 5.402835324591317e-101
4.000000000000003; 2.0136178918107543e-94
4.100000000000003; 2.391139753586986e-88
4.200000000000003; 8.418006607056343e-83
4.3000000000000025; 1.0015697595167617e-77
4.400000000000003; 4.5149864384400543e-73
4.5000000000000036; 8.522693048311641e-69
4.600000000000003; 7.354928141112392e-65
4.700000000000003; 3.1349911049990726e-61
4.800000000000003; 7.06629718600941e-58
4.900000000000004; 8.947116651842708e-55
5.0000000000000036; 6.714276415566749e-52
5.100000000000003; 3.3582078872074423e-49
5.200000000000004; 1.0802599726197584e-46
5.300000000000004; 2.323835125778839e-44
5.400000000000004; 3.461802566616096e-42
5.5000000000000036; 3.6848360457256944e-40
5.600000000000004; 2.882526766477705e-38
5.700000000000005; 1.699694725522511e-36
5.800000000000004; 7.729236456151795e-35
5.900000000000004; 2.767199104306676e-33
6.000000000000004; 9.34184138218929e-58
6.100000000000005; 1.5985904222495118e-56
6.200000000000005; 4.010386498106515e-55
6.300000000000004; 1.3780698216492227e-53
6.400000000000005; 6.044871324797757e-52
6.500000000000005; 3.158755859446149e-50
6.600000000000005; 2.0655464853157113e-49
6.700000000000005; 1.3712205962347042e-47
6.800000000000005; 9.063849516374098e-46
6.900000000000006; 5.709617381812619e-44
7.000000000000005; 3.305349283787231e-42
7.100000000000005; 1.7079636021341646e-40
7.2000000000000055; 2.123590635009045e-119
7.300000000000006; 3.2763450082043103e-115
7.400000000000006; 3.309692229887778e-111
7.500000000000005; 2.2159644289841882e-107
7.600000000000006; 9.969033811481693e-104
7.700000000000006; 3.058057806170261e-100
7.800000000000006; 6.495370792203067e-97
7.900000000000006; 9.70320775099939e-94
8.000000000000007; 1.0355292306491524e-90
8.100000000000007; 8.048838407450265e-88
8.200000000000006; 4.6327693793455964e-85
8.300000000000006; 2.012467123078822e-82
8.400000000000006; 2.2201880280139877e-90
8.500000000000007; 1.1436280542200367e-87
8.600000000000007; 4.5402337403451925e-85
8.700000000000006; 1.4100033254796134e-82
8.800000000000008; 3.472715237703238e-80
8.900000000000007; 6.869805698149276e-78
9.000000000000007; 1.1045113383183531e-75
9.100000000000007; 1.459196874491864e-73
9.200000000000006; 1.6003670115162453e-71
9.300000000000008; 1.4710808196960624e-69
9.400000000000007; 1.1435217297214049e-67
9.500000000000007; 7.580111115127826e-66
9.600000000000009; 4.3185158236873977e-64
9.700000000000008; 2.1301757348489343e-62
9.800000000000008; 9.160469693127671e-61
9.900000000000007; 3.456687309283219e-59
10.000000000000007; 1.1515771333945188e-57
10.100000000000009; 3.4081495059866883e-56
10.200000000000008; 9.00002821319874e-55
10.300000000000008; 2.1305614768900876e-53
10.40000000000001; 4.541475093882009e-52
10.500000000000009; 8.75362682221707e-51
10.600000000000009; 1.5318487604526292e-49
10.700000000000008; 2.4431315407859836e-48
10.800000000000008; 3.5642611233247424e-47
10.90000000000001; 4.77308267647837e-46
11.000000000000009; 5.886818869259045e-45
11.100000000000009; 6.708018686082378e-44
11.20000000000001; 7.083646920034742e-43
11.30000000000001; 6.952269684564368e-42
11.40000000000001; 6.359240969508388e-41
11.500000000000009; 5.435526260908376e-40
11.600000000000009; 4.3524492923989904e-39
11.70000000000001; 3.272893263518938e-38
11.80000000000001; 2.3165442359946394e-37
11.90000000000001; 1.5467542750614405e-36
12.00000000000001; 9.763245396224115e-36
12.10000000000001; 5.837679945249616e-35
12.20000000000001; 3.312862112687616e-34
12.30000000000001; 1.7876883843615515e-33
12.40000000000001; 9.189254891890924e-33
12.50000000000001; 4.5072465958222445e-32
12.60000000000001; 2.1129868797786597e-31
12.70000000000001; 9.48242680171733e-31
12.800000000000011; 4.079757749455832e-30
12.900000000000011; 1.6852715453249063e-29
13.00000000000001; 6.693129238323441e-29
13.10000000000001; 2.559124417252142e-28
13.20000000000001; 9.43218898156724e-28
13.300000000000011; 3.355262875197053e-27
13.400000000000011; 1.153311576677554e-26
13.50000000000001; 3.8350040449274925e-26
13.600000000000012; 1.2349744113385224e-25
13.700000000000012; 3.8554815604821707e-25
13.800000000000011; 1.1680620800420397e-24
13.900000000000011; 3.4374880700934236e-24
14.00000000000001; 9.835802715343336e-24
14.100000000000012; 2.738809353795908e-23
14.200000000000012; 7.428011722860862e-23
14.300000000000011; 1.9638283464981759e-22
14.400000000000013; 5.065269922807738e-22
14.500000000000012; 1.2755717516685657e-21
14.600000000000012; 3.1385801059170588e-21
14.700000000000012; 7.550897362164208e-21
14.800000000000011; 1.7774632824166855e-20
14.900000000000013; 4.0966446521763305e-20
15.000000000000012; 9.250389355592088e-20
15.100000000000012; 2.0480049577413422e-19
15.200000000000014; 4.44770387781956e-19
15.300000000000013; 9.480452430086724e-19
15.400000000000013; 1.984521389114089e-18
15.500000000000012; 4.0818052848680374e-18
15.600000000000012; 8.253654245629123e-18
15.700000000000014; 1.64156193673014e-17
15.800000000000013; 3.2128982540263315e-17
15.900000000000013; 6.191124541141266e-17
16.000000000000014; 1.1750922110927262e-16
16.100000000000016; 2.1978308308813119e-16
16.200000000000014; 4.0524711173298744e-16
16.30000000000001; 7.369296740446612e-16
16.400000000000013; 1.3221587808215894e-15
16.500000000000014; 2.341303908483361e-15
16.600000000000016; 4.093625555921955e-15
16.700000000000014; 7.0695006565294255e-15
16.800000000000015; 1.206281408688237e-14
16.900000000000013; 2.03437869719583e-14
17.000000000000014; 3.392168777644276e-14
17.100000000000016; 5.593971084790858e-14
17.200000000000014; 9.126206686226783e-14
17.300000000000015; 1.47337623545816e-13
17.400000000000013; 2.3545730663624417e-13
17.500000000000014; 3.725664781197262e-13
17.600000000000016; 5.838518148893751e-13
17.700000000000014; 9.063986828503227e-13
17.800000000000015; 1.394314310221066e-12
17.900000000000016; 2.1258397865636166e-12
18.000000000000014; 3.2131366328192017e-12
18.100000000000016; 4.8156390796981174e-12
18.200000000000017; 7.158120107594856e-12
18.300000000000015; 1.055493782298373e-11
18.400000000000016; 1.544232022123754e-11
18.500000000000014; 2.242102342820341e-11
18.600000000000016; 3.2312274966775817e-11
18.700000000000017; 4.6230604453850445e-11
18.800000000000015; 6.567798540939097e-11
18.900000000000016; 9.266468039856593e-11
19.000000000000014; 1.2986331496609336e-10
19.100000000000016; 1.8080402148391436e-10
19.200000000000017; 2.5012000977147725e-10
19.300000000000015; 3.438546543222236e-10
19.400000000000016; 4.698431543805509e-10
19.500000000000018; 6.381840376783212e-10
19.600000000000016; 8.618182540452343e-10
19.700000000000017; 1.1572363514236673e-09
19.80000000000002; 1.5453372509076373e-09
19.900000000000016; 2.052465442348915e-09
20.000000000000018; 2.7116570062671492e-09
20.100000000000016; 9.814186202748307e-10
20.200000000000017; 1.3040008900006205e-09
20.30000000000002; 1.723633891559641e-09
20.400000000000016; 2.266768216370695e-09
20.500000000000018; 2.966293801259033e-09
20.600000000000016; 3.862912086368118e-09
20.700000000000017; 5.006756048124534e-09
20.80000000000002; 6.459293923933997e-09
20.900000000000016; 8.29555605063466e-09
21.000000000000018; 1.0606727968647194e-08
21.10000000000002; 1.3503156768184705e-08
21.200000000000017; 1.711782153805666e-08
21.30000000000002; 2.1610322682277128e-08
21.40000000000002; 2.717144875137505e-08
21.500000000000018; 3.402838324657058e-08
21.60000000000002; 4.245061754496432e-08
21.700000000000017; 5.275663960872375e-08
21.80000000000002; 6.53214714248292e-08
21.90000000000002; 8.058513111657258e-08
22.000000000000018; 9.906209831466714e-08
22.10000000000002; 1.213518636166434e-07
22.200000000000017; 1.4815064473883287e-07
22.30000000000002; 1.8026435322127117e-07
22.40000000000002; 2.1862289622650906e-07
22.500000000000018; 2.642958980297326e-07
22.60000000000002; 3.1850992518313774e-07
22.70000000000002; 3.8266729801059153e-07
22.80000000000002; 4.5836656901464604e-07
22.90000000000002; 5.47424745928153e-07
23.00000000000002; 6.519013334942406e-07
23.10000000000002; 7.741242635987663e-07
23.20000000000002; 9.167177781012924e-07
23.30000000000002; 1.0826323226156995e-06
23.40000000000002; 1.2751765025943552e-06
23.50000000000002; 1.4980511453821233e-06
23.60000000000002; 1.7553855034656085e-06
23.70000000000002; 2.051775624977546e-06
23.80000000000002; 2.3923249076738933e-06
23.90000000000002; 2.782686842135911e-06
24.00000000000002; 3.2291099389162376e-06
24.10000000000002; 3.738484822814898e-06
24.20000000000002; 4.318393465518353e-06
24.300000000000022; 4.977160515518351e-06
24.40000000000002; 5.723906671663541e-06
24.50000000000002; 6.568604033931579e-06
24.600000000000023; 7.522133352169344e-06
24.70000000000002; 8.596343080697166e-06
24.800000000000022; 9.804110133911529e-06
24.90000000000002; 1.115940222545614e-05
25.00000000000002; 1.2677341661217751e-05
25.100000000000023; 1.4374270444468083e-05
25.20000000000002; 1.6267816539995787e-05
25.300000000000022; 1.8376961133100152e-05
25.40000000000002; 2.0722106709007115e-05
25.50000000000002; 2.3325145768581614e-05
25.600000000000023; 2.6209529987360055e-05
25.70000000000002; 2.9400339616825205e-05
25.800000000000022; 3.292435291968589e-05
25.900000000000023; 3.6810115424646324e-05
26.00000000000002; 4.1088008780883346e-05
26.100000000000023; 4.5790318988154366e-05
26.200000000000024; 5.095130377527516e-05
26.300000000000022; 5.6607258897488695e-05
26.400000000000023; 6.279658312212855e-05
26.50000000000002; 6.955984167208075e-05
26.600000000000023; 7.693982789741791e-05
26.700000000000024; 8.498162294789499e-05
26.800000000000022; 9.37326532220387e-05
26.900000000000023; 0.00010324274537286594
27.00000000000002; 0.00011356417865539157
27.100000000000023; 0.0001247517344073483
27.200000000000024; 0.0001368627424616105
27.300000000000022; 0.00014995712429672207
27.400000000000023; 0.0001640974327409488
27.500000000000025; 0.00017934888805457136
27.600000000000023; 0.00019577941022575098
27.700000000000024; 0.00021345964732601323
27.800000000000026; 0.00023246299978308064
27.900000000000023; 0.0002528656404409659
28.000000000000025; 0.00027474653028948634
28.100000000000023; 0.00029818742975867347
28.200000000000024; 0.00032327290548657525
28.300000000000026; 0.0003500903324825599
28.400000000000023; 0.00037872989162202324
28.500000000000025; 0.00040928456242205445
28.600000000000023; 0.0004418501110618639
28.700000000000024; 0.00047652507362523964
28.800000000000026; 0.0005134107345564643
28.900000000000023; 0.0005526111003348898
29.000000000000025; 0.0005942328683864881
29.100000000000026; 0.0006383853912643745
29.200000000000024; 0.0006851806361431083
29.300000000000026; 0.0007347331396845872
29.400000000000027; 0.0007871599583446615
29.500000000000025; 0.0008425806142031369
29.600000000000026; 0.0009011170364090792
29.700000000000024; 0.000962893498346539
29.800000000000026; 0.0010280365506340583
29.900000000000027; 0.0010966749500827485
30.000000000000025; 0.001168939584746332
30.100000000000026; 0.0012449934911730274
30.200000000000024; 0.0013249450377303196
30.300000000000026; 0.001408930720284741
30.400000000000027; 0.0014970892342458806
30.500000000000025; 0.0015895609694847616
30.600000000000026; 0.0016864879141094754
30.700000000000028; 0.0017880135554535837
30.800000000000026; 0.00189428277846508
30.900000000000027; 0.0020054417616874533
31.00000000000003; 0.0021216378710281134
31.100000000000026; 0.0022430195515098375
31.200000000000028; 0.002369736217205432
31.300000000000026; 0.0025019381395544656
31.400000000000027; 0.0026397763342628855
31.50000000000003; 0.002783402446985899
31.600000000000026; 0.0029329686379935744
31.700000000000028; 0.0030886274660183433
31.800000000000026; 0.0032505317714818373
31.900000000000027; 0.003418834559294355
32.00000000000003; 0.0035936888814215163
32.10000000000002; 0.0037752477194065233
32.20000000000003; 0.003963663867033419
32.300000000000026; 0.004159089813314827
32.40000000000003; 0.004361677625981258
32.50000000000003; 0.004571578835646449
32.60000000000003; 0.004788944320815893
32.70000000000003; 0.0050139241939038594
32.800000000000026; 0.005246667688416937
32.90000000000003; 0.005487323047455513
33.00000000000003; 0.005736037413682026
33.10000000000003; 0.005992956720895487
33.20000000000003; 0.006258225587348198
33.300000000000026; 0.006531987210932276
33.40000000000003; 0.0068143832663600115
33.50000000000003; 0.007105553804451077
33.60000000000003; 0.007405637153640128
33.70000000000003; 0.007714769823802488
33.800000000000026; 0.008033086412498879
33.90000000000003; 0.00836071951372531
34.00000000000003; 0.008697799629254828
34.10000000000003; 0.009044455082642804
34.20000000000003; 0.00940081193597087
34.30000000000003; 0.009766993909390669
34.40000000000003; 0.010143122303523752
34.50000000000003; 0.010529315924771878
34.60000000000003; 0.010925691013578513
34.70000000000003; 0.011332361175685554
34.80000000000003; 0.011749437316411433
34.90000000000003; 0.012177027577986103
35.00000000000003; 0.012615237279956289
35.10000000000003; 0.013064168862682166
35.20000000000003; 0.013523921833936069
35.30000000000003; 0.013994592718604155
35.400000000000034; 0.014476275011499342
35.50000000000003; 0.014969059133272069
35.60000000000003; 0.015473032389419094
35.70000000000003; 0.01598827893236958
35.80000000000003; 0.01651487972663454
35.900000000000034; 0.01705291251699883
36.00000000000003; 0.01760245179972543
36.10000000000003; 0.018163568796748828
36.20000000000003; 0.018736331432819185
36.30000000000003; 0.019320804315564027
36.400000000000034; 0.019917048718427723
36.50000000000003; 0.020525122566445786
36.60000000000003; 0.02114508042480857
36.70000000000003; 0.021776973490168917
36.80000000000003; 0.022420849584640933
36.900000000000034; 0.023076753152436638
37.00000000000003; 0.023744725259092558
37.10000000000003; 0.02442480359322033
37.20000000000003; 0.025117022470731835
37.30000000000003; 0.02582141284147389
37.400000000000034; 0.026538002298214843
37.500000000000036; 0.027266815087914544
37.60000000000003; 0.028007872125226728
37.70000000000003; 0.02876119100815371
37.80000000000003; 0.029526786035801954
37.900000000000034; 0.030304668228162926
38.000000000000036; 0.031094845347858505
38.10000000000003; 0.031897321923782994
38.20000000000003; 0.03271209927657205
38.30000000000003; 0.03353917554583622
38.400000000000034; 0.03437854571908367
38.500000000000036; 0.03523020166227634
38.60000000000004; 0.03609413215193799
38.70000000000003; 0.036970322908764244
38.80000000000003; 0.03785875663264925
38.900000000000034; 0.03875941303907879
39.000000000000036; 0.039672268896813814
39.10000000000004; 0.04059729806680626
39.20000000000003; 0.041534471542273986
39.30000000000003; 0.04248375748988357
39.400000000000034; 0.04344512129196358
39.500000000000036; 0.04441852558969781
39.60000000000004; 0.045403930327232514
39.70000000000003; 0.04640129279663292
39.80000000000003; 0.047410567683641845
39.900000000000034; 0.04843170711416834
40.000000000000036; 0.049464653054856325
40.10000000000004; 0.05050881068091012
40.20000000000003; 0.05156466100280957
40.30000000000003; 0.05263214672377952
40.400000000000034; 0.053711208246413934
40.500000000000036; 0.05480178372217205
40.60000000000004; 0.05590380910122572
40.70000000000004; 0.05701721818259672
40.80000000000003; 0.05814194266455566
40.900000000000034; 0.059277912195215304
41.000000000000036; 0.06042505442329454
41.10000000000004; 0.061583295048998184
41.20000000000004; 0.06275255787496839
41.30000000000003; 0.0639327648572782
41.400000000000034; 0.06512383615642066
41.500000000000036; 0.06632569018825059
41.60000000000004; 0.06753824367486194
41.70000000000004; 0.06876141169533781
41.80000000000004; 0.06999510773636204
41.900000000000034; 0.07123924374265335
42.000000000000036; 0.07249373016717903
42.10000000000004; 0.07375847602113687
42.20000000000004; 0.07503338892366489
42.30000000000004; 0.0763183751512443
42.400000000000034; 0.07761333968679686
42.500000000000036; 0.07891818626840942
42.60000000000004; 0.08023281743770329
42.70000000000004; 0.08155713458779906
42.80000000000004; 0.08289103801085836
42.900000000000034; 0.08423442694519585
43.000000000000036; 0.08558719962192181
43.10000000000004; 0.0869492533111138
43.20000000000004; 0.08832048436748854
43.30000000000004; 0.08970078827556269
43.400000000000034; 0.09109005969428757
43.500000000000036; 0.09248819250113488
43.60000000000004; 0.093895079835636
43.70000000000004; 0.09531061414234615
43.80000000000004; 0.09673468721322727
43.90000000000004; 0.09816719022943873
44.000000000000036; 0.09960801380253534
44.10000000000004; 0.10105704801504252
44.20000000000004; 0.10251418246041463
44.30000000000004; 0.10397930628237496
44.40000000000004; 0.10545230821361214
44.500000000000036; 0.1069330766138373
44.60000000000004; 0.1084214995072019
44.70000000000004; 0.10991746461906118
44.80000000000004; 0.11142085941208135
44.90000000000004; 0.11293157112169312
45.00000000000004; 0.11444948679088231
45.10000000000004; 0.11597449330432089
45.20000000000004; 0.11750647742182777
45.30000000000004; 0.119045325811173
45.40000000000004; 0.12059092508020751
45.50000000000004; 0.1221431618083307
45.60000000000004; 0.1237019225772973
45.70000000000004; 0.12526709400135552
45.80000000000004; 0.12683856275671623
45.90000000000004; 0.1284162156103797
46.00000000000004; 0.12999993944828048
46.10000000000004; 0.13158962130279778
46.20000000000004; 0.13318514837959972
46.30000000000004; 0.1347864080838457
46.40000000000004; 0.13639328804573675
46.50000000000004; 0.13800567614542997
46.60000000000004; 0.13962346053731586
46.70000000000004; 0.14124652967366436
46.80000000000004; 0.1428747723276392
46.90000000000004; 0.14450807761569517
47.00000000000004; 0.14614633501935742
47.100000000000044; 0.1477894344063953
47.20000000000004; 0.1494372660513802
47.30000000000004; 0.15108972065566323
47.40000000000004; 0.1527466893667434
47.50000000000004; 0.15440806379706035
47.600000000000044; 0.1560737360422123
47.70000000000004; 0.15774359869858975
47.80000000000004; 0.15941754488046028
47.90000000000004; 0.16109546823648635
48.00000000000004; 0.1627772629656972
48.100000000000044; 0.1644628238329121
48.200000000000045; 0.16615204618364227
48.30000000000004; 0.16784482595845437
48.40000000000004; 0.16954105970681746
48.50000000000004; 0.17124064460043756
48.600000000000044; 0.172943478446092
48.700000000000045; 0.17464945969796555
48.80000000000004; 0.17635848746949911
48.90000000000004; 0.17807046154475675
49.00000000000004; 0.1797852823893189
49.100000000000044; 0.18150285116072362
49.200000000000045; 0.1832230697184317
49.30000000000004; 0.18494584063336383
49.40000000000004; 0.1866710671969891
49.50000000000004; 0.18839865342997147
49.600000000000044; 0.1901285040904203
49.700000000000045; 0.19186052468168996
49.80000000000004; 0.1935946214598017
49.90000000000004; 0.19533070144045245
50.00000000000004; 0.19706867240562323
50.100000000000044; 0.19880907366502326
50.200000000000045; 0.20055119313255804
50.30000000000005; 0.20229493399900883
50.40000000000004; 0.2040402071549825
50.50000000000004; 0.20578692428503742
50.600000000000044; 0.2075349978720919
50.700000000000045; 0.20928434120149733
50.80000000000005; 0.21103486836478375
50.90000000000004; 0.21278649426308452
51.00000000000004; 0.21453913461024446
51.100000000000044; 0.21629270593562097
51.200000000000045; 0.21804712558658668
51.30000000000005; 0.219802311730736
51.40000000000005; 0.22155818335781674
51.50000000000004; 0.2233146602813625
51.600000000000044; 0.2250716631400781
51.700000000000045; 0.2268291133989423
51.80000000000005; 0.22858693335005892
51.90000000000005; 0.2303450461132617
52.00000000000004; 0.2321033756364596
52.100000000000044; 0.23386184669576288
52.200000000000045; 0.23562038489536477
52.30000000000005; 0.23737891666720048
52.40000000000005; 0.23913736927038967
52.50000000000004; 0.2408956707904673
52.600000000000044; 0.24265375013839924
52.700000000000045; 0.24441153704940188
52.80000000000005; 0.24616896208157696
52.90000000000005; 0.24792595661433842
53.00000000000004; 0.24968245284666815
53.100000000000044; 0.2514383837951919
53.200000000000045; 0.2531936832920807
53.30000000000005; 0.25494828598278674
53.40000000000005; 0.25670212732361664
53.50000000000005; 0.2584551435791485
53.600000000000044; 0.2602072718195051
53.700000000000045; 0.2619584499174611
53.80000000000005; 0.26370861654543304
53.90000000000005; 0.26545771117231765
54.00000000000005; 0.2672056740602051
54.100000000000044; 0.2689524462609568
54.200000000000045; 0.27069796961267684
54.30000000000005; 0.2724421867360487
54.40000000000005; 0.27418504103056646
54.50000000000005; 0.2759264766706631
54.60000000000005; 0.277666438601716
54.700000000000045; 0.27940487253597235
54.80000000000005; 0.2811417249483663
54.90000000000005; 0.2828769430722413
55.00000000000005; 0.28461047489499847
55.10000000000005; 0.28634226915363664
55.200000000000045; 0.28807227533023405
55.30000000000005; 0.2898004436473427
55.40000000000005; 0.29152672506330024
55.50000000000005; 0.2932510712674901
55.60000000000005; 0.29497343467552267
55.700000000000045; 0.29669376842434997
55.80000000000005; 0.29841202636732733
55.90000000000005; 0.3001281630692186
56.00000000000005; 0.3018421338011349
56.10000000000005; 0.3035538945354444
56.200000000000045; 0.3052634019406051
56.30000000000005; 0.30697061337598197
56.40000000000005; 0.308675486886597
56.50000000000005; 0.3103779811978565
56.60000000000005; 0.31207805571022884
56.70000000000005; 0.31377567049390287
56.80000000000005; 0.31547078628339864
56.90000000000005; 0.31716336447215143
57.00000000000005; 0.31885336710708423
57.10000000000005; 0.3205407568831374
57.20000000000005; 0.32222549713777887
57.30000000000005; 0.3239075518455091
57.40000000000005; 0.3255868856123287
57.50000000000005; 0.32726346367019465
57.60000000000005; 0.3289372518714819
57.70000000000005; 0.33060821668340123
57.800000000000054; 0.33227632518243394
57.90000000000005; 0.3339415450487485
58.00000000000005; 0.33560384456060155
58.10000000000005; 0.33726319258875864
58.20000000000005; 0.33891955859088463
58.300000000000054; 0.34057291260595063
58.40000000000005; 0.342223225248641
58.50000000000005; 0.34387046770375534
58.60000000000005; 0.34551461172061126
58.70000000000005; 0.3471556296074738
58.800000000000054; 0.3487934942259581
58.90000000000005; 0.3504281789854729
59.00000000000005; 0.35205965783764764
59.10000000000005; 0.35368790527078886
59.20000000000005; 0.35531289630433666
59.300000000000054; 0.35693460648334085
59.40000000000005; 0.35855301187294414
59.50000000000005; 0.36016808905289066
59.60000000000005; 0.36177981511204316
59.70000000000005; 0.36338816764291865
59.800000000000054; 0.36499312473624645
59.900000000000055; 0.3665946649755472
60.00000000000005; 0.36819276743171575
60.10000000000005; 0.3697871230282121
60.20000000000005; 0.3713780011284626
60.300000000000054; 0.37296538217778
60.400000000000055; 0.37454924706159365
60.50000000000005; 0.3761295771277104
60.60000000000005; 0.3777063541810438
60.70000000000005; 0.3792795604783824
60.800000000000054; 0.38084917872317137
60.900000000000055; 0.38241519206033425
61.00000000000006; 0.3839775840711112
61.10000000000005; 0.3855363387679297
61.20000000000005; 0.38709144058930556
61.300000000000054; 0.38864287439477146
61.400000000000055; 0.39019062545982847
61.50000000000006; 0.3917346794709468
61.60000000000005; 0.3932750225205733
61.70000000000005; 0.3948116411021849
61.800000000000054; 0.39634452210537
61.900000000000055; 0.3978736528109502
62.00000000000006; 0.39939902088610924
62.10000000000005; 0.4009206143795889
62.20000000000005; 0.4024384217168927
62.300000000000054; 0.4039524316955291
62.400000000000055; 0.4054626334803002
62.50000000000006; 0.40696901659860224
62.60000000000005; 0.4084715709357857
62.70000000000005; 0.409970286730529
62.800000000000054; 0.4114651545702566
62.900000000000055; 0.4129561653865981
63.00000000000006; 0.41444331045086374
63.10000000000006; 0.4159265813695773
63.20000000000005; 0.41740597008002833
63.300000000000054; 0.41888146884586663
63.400000000000055; 0.4203530702527365
63.50000000000006; 0.4218207672039392
63.60000000000006; 0.42328455291613004
63.70000000000005; 0.42474442091506687
63.800000000000054; 0.42620036503137676
63.900000000000055; 0.4276523793963656
64.00000000000006; 0.42910045843787314
64.10000000000005; 0.43054459687614843
64.20000000000006; 0.4319847897197702
64.30000000000005; 0.4334210322616101
64.40000000000006; 0.43485332007481875
64.50000000000006; 0.4362816490088551
64.60000000000005; 0.4377060151855581
64.70000000000006; 0.4391264149952405
64.80000000000005; 0.4405428450928327
64.90000000000006; 0.4419553023940621
65.00000000000006; 0.4433637840716489
65.10000000000005; 0.4447682875515735
65.20000000000006; 0.44616881050934337
65.30000000000005; 0.4475653508663203
65.40000000000006; 0.4489579067860799
65.50000000000006; 0.45034647667079164
65.60000000000005; 0.4517310591576576
65.70000000000006; 0.45311165311537255
65.80000000000005; 0.4544882576406168
65.90000000000006; 0.455860872054596
66.00000000000006; 0.4572294958996138
66.10000000000005; 0.4585941289356664
66.20000000000006; 0.45995477113709193
66.30000000000005; 0.4613114226892409
66.40000000000006; 0.4626640839851866
66.50000000000006; 0.464012755622467
66.60000000000005; 0.46535743839986576
66.70000000000006; 0.46669813331422744
66.80000000000005; 0.4680348415572969
66.90000000000006; 0.4693675645126105
67.00000000000006; 0.47069630375239685
67.10000000000007; 0.47202106103454305
67.20000000000006; 0.4733418382995572
67.30000000000005; 0.47465863766760075
67.40000000000006; 0.4759714614355209
67.50000000000006; 0.4772803120739448
67.60000000000007; 0.4785851922243828
67.70000000000006; 0.4798861046963778
67.80000000000005; 0.481183052464684
67.90000000000006; 0.48247603866647853
68.00000000000006; 0.4837650665985969
68.10000000000007; 0.4850501397148112
68.20000000000006; 0.48633126162313445
68.30000000000005; 0.4876084360831535
68.40000000000006; 0.48888166700339913
68.50000000000006; 0.49015095843874174
68.60000000000007; 0.49141631458781954
68.70000000000006; 0.49267773979049573
68.80000000000005; 0.49393523852534693
68.90000000000006; 0.49518881540718424
69.00000000000006; 0.4964384751845955
69.10000000000007; 0.49768422273752516
69.20000000000006; 0.49892606307488074
69.30000000000005; 0.5001640013321685
69.40000000000006; 0.5013980427691511
69.50000000000006; 0.5026281927675466
69.60000000000007; 0.5038544568287459
69.70000000000006; 0.5050768405715608
69.80000000000007; 0.5062953497299985
69.90000000000006; 0.5075099901510677
70.00000000000006; 0.508720767792607
70.10000000000007; 0.5099276887211415
70.20000000000006; 0.5111307591097713
70.30000000000007; 0.5123299852360803
70.40000000000006; 0.5135253734800683
70.50000000000006; 0.5147169303221244
70.60000000000007; 0.5159046623410061
70.70000000000006; 0.5170885762118645
70.80000000000007; 0.5182686787042711
70.90000000000006; 0.5194449766802965
71.00000000000006; 0.5206174770925911
71.10000000000007; 0.5217861869825051
71.20000000000006; 0.5229511134782258
71.30000000000007; 0.5241122637929411
71.40000000000006; 0.5252696452230254
71.50000000000006; 0.5264232651462554
71.60000000000007; 0.5275731310200396
71.70000000000006; 0.5287192503796809
71.80000000000007; 0.5298616308366548
71.90000000000006; 0.5310002800769121
72.00000000000006; 0.5321352058592076
72.10000000000007; 0.5332664160134515
72.20000000000006; 0.5343939184390742
72.30000000000007; 0.5355177211034261
72.40000000000006; 0.5366378320401828
72.50000000000006; 0.5377542593477951
72.60000000000007; 0.5388670111879306
72.70000000000006; 0.5399760957839664
72.80000000000007; 0.541081521419479
72.90000000000006; 0.5421832964367675
73.00000000000006; 0.5432814292353947
73.10000000000007; 0.544375928270744
73.20000000000006; 0.5454668020526059
73.30000000000007; 0.5465540591437714
73.40000000000006; 0.5476377081586581
73.50000000000007; 0.5487177577619445
73.60000000000007; 0.549794216667228
73.70000000000006; 0.550867093635707
73.80000000000007; 0.5519363974748708
73.90000000000006; 0.5530021370372188
74.00000000000007; 0.5540643212189906
74.10000000000007; 0.5551229589589144
74.20000000000006; 0.5561780592369815
74.30000000000007; 0.5572296310732264
74.40000000000006; 0.5582776835265368
74.50000000000007; 0.5593222256934679
74.60000000000007; 0.5603632667070864
74.70000000000006; 0.561400815735824
74.80000000000007; 0.5624348819823451
74.90000000000006; 0.5634654746824411
75.00000000000007; 0.5644926031039339
75.10000000000007; 0.5655162765455931
75.20000000000006; 0.5665365043360776
75.30000000000007; 0.5675532958328838
75.40000000000006; 0.568566660421318
75.50000000000007; 0.5695766075134779
75.60000000000007; 0.5705831465472517
75.70000000000006; 0.5715862869853313
75.80000000000007; 0.5725860383142453
75.90000000000006; 0.5735824100433933
76.00000000000007; 0.574575411704119
76.10000000000007; 0.5755650528487646
76.20000000000007; 0.5765513430497746
76.30000000000007; 0.5775342918987826
76.40000000000006; 0.5785139090057375
76.50000000000007; 0.579490203998023
76.60000000000007; 0.5804631865196026
76.70000000000007; 0.5814328662301765
76.80000000000007; 0.5823992528043472
76.90000000000006; 0.5833623559308032
77.00000000000007; 0.5843221853115134
77.10000000000007; 0.585278750660927
77.20000000000007; 0.5862320617052059
77.30000000000007; 0.5871821281814478
77.40000000000006; 0.5881289598369288
77.50000000000007; 0.58907256642837
77.60000000000007; 0.5900129577211926
77.70000000000007; 0.5909501434888104
77.80000000000007; 0.5918841335119118
77.90000000000006; 0.5928149375777702
78.00000000000007; 0.593742565479553
78.10000000000007; 0.5946670270156539
78.20000000000007; 0.5955883319890224
78.30000000000007; 0.5965064902065179
78.40000000000006; 0.5974215114782667
78.50000000000007; 0.5983334056170299
78.60000000000007; 0.5992421824375848
78.70000000000007; 0.6001478517561142
78.80000000000007; 0.6010504233896111
78.90000000000006; 0.601949907155281
79.00000000000007; 0.6028463128699723
79.10000000000007; 0.603739650349601
79.20000000000007; 0.6046299294085934
79.30000000000007; 0.6055171598593335
79.40000000000006; 0.6064013515116273
79.50000000000007; 0.6072825141721679
79.60000000000007; 0.6081606576440132
79.70000000000007; 0.6090357917260779
79.80000000000007; 0.6099079262126254
79.90000000000008; 0.6107770708927711
80.00000000000007; 0.6116432355500063
80.10000000000007; 0.6125066531495726
80.20000000000007; 0.6133671122688306
80.30000000000007; 0.6142246193807108
80.40000000000008; 0.6150791842366725
80.50000000000007; 0.6159308165801751
80.60000000000007; 0.6167795261462443
80.70000000000007; 0.6176253226610504
80.80000000000007; 0.6184682158414864
80.90000000000008; 0.6193082153947616
81.00000000000007; 0.6201453310179967
81.10000000000007; 0.620979572397829
81.20000000000007; 0.621810949210029
81.30000000000007; 0.622639471119116
81.40000000000008; 0.6234651477779866
81.50000000000007; 0.624287988827554
81.60000000000007; 0.625108003896382
81.70000000000007; 0.625925202600337
81.80000000000007; 0.6267395945422434
81.90000000000008; 0.6275511893115489
82.00000000000007; 0.6283599964839849
82.10000000000007; 0.6291660256212489
82.20000000000007; 0.6299692862706865
82.30000000000007; 0.6307697879649723
82.40000000000008; 0.6315675402218136
82.50000000000007; 0.6323625525436438
82.60000000000008; 0.633154834417334
82.70000000000007; 0.6339443953139029
82.80000000000007; 0.6347312446882374
82.90000000000008; 0.6355153919788145
83.00000000000007; 0.6362968466074344
83.10000000000008; 0.6370756179789586
83.20000000000007; 0.6378517154810448
83.30000000000007; 0.6386251484839016
83.40000000000008; 0.6393959263400347
83.50000000000007; 0.6401640583840106
83.60000000000008; 0.6409295539322176
83.70000000000007; 0.6416924222826348
83.80000000000007; 0.6424526727146036
83.90000000000008; 0.6432103144886111
84.00000000000007; 0.6439653568460713
84.10000000000008; 0.6447178090091135
84.20000000000007; 0.6454676801803767
84.30000000000007; 0.6462149795428114
84.40000000000008; 0.6469597162594757
84.50000000000007; 0.6477018994733488
84.60000000000008; 0.6484415383071436
84.70000000000007; 0.649178641863121
84.80000000000007; 0.6499132192229121
84.90000000000008; 0.6506452794473448
85.00000000000007; 0.6513748315762727
85.10000000000008; 0.6521018846284151
85.20000000000007; 0.6528264476011841
85.30000000000007; 0.6535485294705405
85.40000000000008; 0.6542681391908313
85.50000000000007; 0.6549852856946433
85.60000000000008; 0.6556999778926632
85.70000000000007; 0.656412224673526
85.80000000000007; 0.6571220349036858
85.90000000000008; 0.6578294174272793
86.00000000000007; 0.6585343810659967
86.10000000000008; 0.6592369346189534
86.20000000000007; 0.6599370868625699
86.30000000000008; 0.6606348465504503
86.40000000000008; 0.6613302224132703
86.50000000000007; 0.6620232231586597
86.60000000000008; 0.6627138574710978
86.70000000000007; 0.6634021340118073
86.80000000000008; 0.6640880614186522
86.90000000000008; 0.6647716483060347
87.00000000000007; 0.6654529032648069
87.10000000000008; 0.6661318348621722
87.20000000000007; 0.6668084516416
87.30000000000008; 0.6674827621227356
87.40000000000008; 0.6681547748013178
87.50000000000007; 0.668824498149101
87.60000000000008; 0.6694919406137755
87.70000000000007; 0.6701571106188896
87.80000000000008; 0.6708200165637842
87.90000000000008; 0.67148066682352
88.00000000000007; 0.6721390697488095
88.10000000000008; 0.6727952336659582
88.20000000000007; 0.6734491668767973
88.30000000000008; 0.6741008776586286
88.40000000000008; 0.6747503742641715
88.50000000000007; 0.6753976649215012
88.60000000000008; 0.6760427578340072
88.70000000000007; 0.676685661180337
88.80000000000008; 0.6773263831143558
88.90000000000008; 0.677964931765096
89.00000000000009; 0.6786013152367247
89.10000000000008; 0.6792355416084946
89.20000000000007; 0.6798676189347164
89.30000000000008; 0.6804975552447157
89.40000000000008; 0.6811253585428053
89.50000000000009; 0.6817510368082543
89.60000000000008; 0.6823745979952573
89.70000000000007; 0.6829960500329108
89.80000000000008; 0.683615400825187
89.90000000000008; 0.6842326582509113
90.00000000000009; 0.684847830163746
90.10000000000008; 0.6854609243921628
90.20000000000007; 0.6860719487394382
90.30000000000008; 0.6866809109836269
90.40000000000008; 0.6872878188775582
90.50000000000009; 0.6878926801488195
90.60000000000008; 0.6884955024997496
90.70000000000007; 0.6890962936074293
90.80000000000008; 0.6896950611236771
90.90000000000008; 0.6902918126750419
91.00000000000009; 0.6908865558628069
91.10000000000008; 0.6914792982629802
91.20000000000007; 0.6920700474263023
91.30000000000008; 0.6926588108782453
91.40000000000008; 0.6932455961190153
91.50000000000009; 0.6938304106235603
91.60000000000008; 0.6944132618415767
91.70000000000007; 0.6949941571975151
91.80000000000008; 0.6955731040905927
91.90000000000008; 0.6961501098948002
92.00000000000009; 0.6967251819589202
92.10000000000008; 0.6972983276065345
92.20000000000007; 0.6978695541360449
92.30000000000008; 0.6984388688206836
92.40000000000008; 0.6990062789085365
92.50000000000009; 0.6995717916225581
92.60000000000008; 0.7001354141605932
92.70000000000009; 0.7006971536953972
92.80000000000008; 0.7012570173746594
92.90000000000008; 0.701815012321026
93.00000000000009; 0.7023711456321255
93.10000000000008; 0.7029254243805952
93.20000000000009; 0.7034778556141056
93.30000000000008; 0.7040284463553895
93.40000000000008; 0.7045772036022736
93.50000000000009; 0.7051241343277049
93.60000000000008; 0.705669245479784
93.70000000000009; 0.7062125439817961
93.80000000000008; 0.7067540367322461
93.90000000000008; 0.7072937306048884
94.00000000000009; 0.7078316324487676
94.10000000000008; 0.7083677490882491
94.20000000000009; 0.7089020873230605
94.30000000000008; 0.7094346539283237
94.40000000000008; 0.7099654556545985
94.50000000000009; 0.7104944992279213
94.60000000000008; 0.7110217913498401
94.70000000000009; 0.7115473386974647
94.80000000000008; 0.7120711479234978
94.90000000000008; 0.712593225656287
95.00000000000009; 0.7131135784998608
95.10000000000008; 0.7136322130339792
95.20000000000009; 0.714149135814171
95.30000000000008; 0.7146643533717884
95.40000000000009; 0.7151778722140437
95.50000000000009; 0.7156896988240621
95.60000000000008; 0.716199839660928
95.70000000000009; 0.7167083011597329
95.80000000000008; 0.717215089731624
95.90000000000009; 0.7177202117638541
96.00000000000009; 0.7182236736198295
96.10000000000008; 0.7187254816391636
96.20000000000009; 0.7192256421377282
96.30000000000008; 0.7197241614077012
96.40000000000009; 0.7202210457176222
96.50000000000009; 0.7207163013124472
96.60000000000008; 0.721209934413595
96.70000000000009; 0.7217019512190098
96.80000000000008; 0.7221923579032089
96.90000000000009; 0.7226811606173394
97.00000000000009; 0.723168365489236
97.10000000000008; 0.7236539786234721
97.20000000000009; 0.7241380061014218
97.30000000000008; 0.7246204539813103
97.40000000000009; 0.725101328298277
97.50000000000009; 0.725580635064429
97.60000000000008; 0.7260583802688982
97.70000000000009; 0.7265345698779058
97.80000000000008; 0.7270092098348125
97.90000000000009; 0.7274823060601845
98.00000000000009; 0.7279538644518492
98.10000000000008; 0.7284238908849568
98.20000000000009; 0.7288923912120385
98.30000000000008; 0.7293593712630682
98.40000000000009; 0.7298248368455248
98.50000000000009; 0.7302887937444489
98.60000000000008; 0.7307512477225092
98.70000000000009; 0.7312122045200614
98.80000000000008; 0.7316716698552099
98.90000000000009; 0.7321296494238704
99.00000000000009; 0.7325861488998332
99.1000000000001; 0.7330411739348272
99.20000000000009; 0.733494730158578
99.30000000000008; 0.7339468231788779
99.40000000000009; 0.7343974585816417
99.50000000000009; 0.7348466419309774
99.6000000000001; 0.7352943787692461
99.70000000000009; 0.7357406746171282
99.80000000000008; 0.7361855349736861
99.90000000000009; 0.7366289653164281
100.00000000000009; 0.7370709679026807
100.1000000000001; 0.7375114292990027
100.20000000000009; 0.7379504776450101
100.30000000000008; 0.738388118305526
100.40000000000009; 0.7388243566245473
100.50000000000009; 0.7392591979253047
100.6000000000001; 0.7396926475103214
100.70000000000009; 0.7401247106614781
100.80000000000008; 0.7405553926400747
100.90000000000009; 0.7409846986868885
101.00000000000009; 0.7414126340222417
101.1000000000001; 0.7418392038460577
101.20000000000009; 0.7422644133379271
101.30000000000008; 0.7426882676571708
101.40000000000009; 0.7431107719428984
101.50000000000009; 0.7435319313140758
101.6000000000001; 0.7439517508695848
101.70000000000009; 0.7443702356882869
101.8000000000001; 0.7447873908290854
101.90000000000009; 0.745203221330992
102.00000000000009; 0.7456177322131837
102.1000000000001; 0.7460309284750734
102.20000000000009; 0.7464428150963673
102.3000000000001; 0.7468533970371318
102.40000000000009; 0.7472626792378552
102.50000000000009; 0.7476706666195119
102.6000000000001; 0.7480773640836257
102.70000000000009; 0.748482776512336
102.8000000000001; 0.7488869087684571
102.90000000000009; 0.7492897656955434
103.00000000000009; 0.7496913521179582
103.1000000000001; 0.7500916728409284
103.20000000000009; 0.7504907326506162
103.3000000000001; 0.7508885363141793
103.40000000000009; 0.7512850885798363
103.50000000000009; 0.7516803941769286
103.6000000000001; 0.7520744578159874
103.70000000000009; 0.7524672841887952
103.8000000000001; 0.75285887796845
103.90000000000009; 0.7532492438094301
104.00000000000009; 0.7536383863476581
104.1000000000001; 0.754026310200564
104.20000000000009; 0.7544130199671503
104.3000000000001; 0.7547985202280542
104.40000000000009; 0.7551828155456126
104.50000000000009; 0.755565910463928
104.6000000000001; 0.7559478095089263
104.70000000000009; 0.756328517188429
104.8000000000001; 0.7567080379922079
104.90000000000009; 0.7570863763920577
105.00000000000009; 0.757463536841852
105.1000000000001; 0.7578395237776133
105.20000000000009; 0.7582143416175712
105.3000000000001; 0.7585879947622297
105.40000000000009; 0.7589604875944294
105.5000000000001; 0.7593318244794113
105.6000000000001; 0.7597020097648789
105.70000000000009; 0.760071047781064
105.8000000000001; 0.7604389428407862
105.90000000000009; 0.760805699239521
106.0000000000001; 0.7611713212554578
106.1000000000001; 0.7615358131495675
106.20000000000009; 0.7618991791656625
106.3000000000001; 0.7622614235304598
106.40000000000009; 0.7626225504536457
106.5000000000001; 0.7629825641279369
106.6000000000001; 0.7633414687291422
106.70000000000009; 0.763699268416228
106.8000000000001; 0.7640559673313798
106.90000000000009; 0.764411569600061
107.0000000000001; 0.7647660793310809
107.1000000000001; 0.7651195006166527
107.20000000000009; 0.7654718375324574
107.3000000000001; 0.7658230941377038
107.40000000000009; 0.7661732744751945
107.5000000000001; 0.7665223825713816
107.6000000000001; 0.7668704224364354
107.70000000000009; 0.7672173980642988
107.8000000000001; 0.7675633134327547
107.90000000000009; 0.7679081725034831
108.0000000000001; 0.7682519792221254
108.1000000000001; 0.768594737518342
108.2000000000001; 0.7689364513058773
108.3000000000001; 0.7692771244826174
108.40000000000009; 0.7696167609306521
108.5000000000001; 0.7699553645163356
108.6000000000001; 0.7702929390903465
108.7000000000001; 0.7706294884877475
108.8000000000001; 0.7709650165280474
108.90000000000009; 0.7712995270152604
109.0000000000001; 0.771633023737964
109.1000000000001; 0.771965510469362
109.2000000000001; 0.7722969909673434
109.3000000000001; 0.7726274689745389
109.40000000000009; 0.7729569482183846
109.5000000000001; 0.7732854324111785
109.6000000000001; 0.7736129252501409
109.7000000000001; 0.7739394304174729
109.8000000000001; 0.7742649515804148
109.90000000000009; 0.7745894923913049
110.0000000000001; 0.7749130564876395
110.1000000000001; 0.7752356474921288
110.2000000000001; 0.775557269012757
110.3000000000001; 0.7758779246428406
110.40000000000009; 0.7761976179610836
110.5000000000001; 0.7765163525316401
110.6000000000001; 0.7768341319041675
110.7000000000001; 0.777150959613885
110.8000000000001; 0.7774668391816331
110.90000000000009; 0.7777817741139282
111.0000000000001; 0.7780957679030209
111.1000000000001; 0.7784088240269534
111.2000000000001; 0.7787209459496154
111.3000000000001; 0.7790321371207993
111.40000000000009; 0.7793424009762596
111.5000000000001; 0.779651740937767
111.6000000000001; 0.7799601604131646
111.7000000000001; 0.7802676627964258
111.8000000000001; 0.7805742514677072
111.9000000000001; 0.7808799297934057
112.0000000000001; 0.7811847011262143
112.1000000000001; 0.7814885688051774
112.2000000000001; 0.7817915361557436
112.3000000000001; 0.7820936064898243
112.4000000000001; 0.7823947831058453
112.5000000000001; 0.7826950692888044
112.6000000000001; 0.7829944683103225
112.7000000000001; 0.7832929834287002
112.8000000000001; 0.7835906178889719
112.9000000000001; 0.7838873749229583
113.0000000000001; 0.7841832577493221
113.1000000000001; 0.7844782695736183
113.2000000000001; 0.784772413588354
113.3000000000001; 0.785065692973034
113.4000000000001; 0.7853581108942189
113.5000000000001; 0.785649670505577
113.6000000000001; 0.7859403749479358
113.7000000000001; 0.786230227349337
113.8000000000001; 0.7865192308250863
113.9000000000001; 0.7868073884778068
114.0000000000001; 0.787094703397493
114.1000000000001; 0.7873811786615589
114.2000000000001; 0.7876668173348923
114.3000000000001; 0.7879516224699061
114.4000000000001; 0.7882355971065897
114.5000000000001; 0.7885187442725603
114.60000000000011; 0.7888010669831127
114.7000000000001; 0.789082568241271
114.8000000000001; 0.789363251037841
114.9000000000001; 0.7896431183514586
115.0000000000001; 0.7899221731486407
115.10000000000011; 0.7902004183838351
115.2000000000001; 0.7904778569994718
115.3000000000001; 0.7907544919260115
115.4000000000001; 0.7910303260819967
115.5000000000001; 0.7913053623740994
115.60000000000011; 0.791579603697172
115.7000000000001; 0.7918530529342962
115.8000000000001; 0.7921257129568303
115.9000000000001; 0.7923975866244622
116.0000000000001; 0.792668676785252
116.10000000000011; 0.7929389862756862
116.2000000000001; 0.793208517920723
116.3000000000001; 0.7934772745338405
116.4000000000001; 0.7937452589170851
116.5000000000001; 0.7940124738611213
116.60000000000011; 0.7942789221452756
116.7000000000001; 0.7945446065375856
116.8000000000001; 0.794809529794849
116.9000000000001; 0.7950736946626681
117.0000000000001; 0.7953371038754987
117.10000000000011; 0.7955997601566944
117.2000000000001; 0.7958616662185565
117.3000000000001; 0.7961228247623784
117.4000000000001; 0.7963832384784914
117.5000000000001; 0.7966429100463122
117.60000000000011; 0.7969018421343874
117.7000000000001; 0.7971600374004416
117.8000000000001; 0.7974174984914199
117.9000000000001; 0.7976742280435348
118.0000000000001; 0.7979302286823126
118.10000000000011; 0.7981855030226359
118.2000000000001; 0.7984400536687909
118.30000000000011; 0.7986938832145107
118.4000000000001; 0.7989469942430193
118.5000000000001; 0.7991993893270787
118.60000000000011; 0.7994510710290302
118.7000000000001; 0.7997020419008398
118.80000000000011; 0.799952304484141
118.9000000000001; 0.8002018613102808
119.0000000000001; 0.8004507149003612
119.10000000000011; 0.8006988677652827
119.2000000000001; 0.8009463224057889
119.30000000000011; 0.8011930813125071
119.4000000000001; 0.8014391469659944
119.5000000000001; 0.8016845218367769
119.60000000000011; 0.8019292083853962
119.7000000000001; 0.8021732090624478
119.80000000000011; 0.8024165263086257
119.9000000000001; 0.8026591625547634
120.0000000000001; 0.8029011202218773
120.10000000000011; 0.8031424017212067
120.2000000000001; 0.8033830094542551
120.30000000000011; 0.8036229458128346
120.4000000000001; 0.803862213179102
120.5000000000001; 0.8041008139256064
120.60000000000011; 0.8043387504153238
120.7000000000001; 0.8045760250017011
120.80000000000011; 0.8048126400286976
120.9000000000001; 0.8050485978308217
121.00000000000011; 0.8052839007331762
121.10000000000011; 0.8055185510514923
121.2000000000001; 0.8057525510921761
121.30000000000011; 0.8059859031523429
121.4000000000001; 0.8062186095198594
121.50000000000011; 0.8064506724733831
121.60000000000011; 0.8066820942824018
121.7000000000001; 0.806912877207271
121.80000000000011; 0.8071430234992552
121.9000000000001; 0.8073725354005644
122.00000000000011; 0.8076014151443947
122.10000000000011; 0.8078296649549659
122.2000000000001; 0.8080572870475596
122.30000000000011; 0.8082842836285584
122.4000000000001; 0.8085106568954825
122.50000000000011; 0.8087364090370296
122.60000000000011; 0.8089615422331099
122.7000000000001; 0.8091860586548858
122.80000000000011; 0.8094099604648086
122.9000000000001; 0.8096332498166565
123.00000000000011; 0.8098559288555701
123.10000000000011; 0.810077999718091
123.2000000000001; 0.8102994645321967
123.30000000000011; 0.8105203254173394
123.4000000000001; 0.8107405844844823
123.50000000000011; 0.810960243836133
123.60000000000011; 0.8111793055663834
123.7000000000001; 0.8113977717609444
123.80000000000011; 0.8116156444971812
123.9000000000001; 0.8118329258441483
124.00000000000011; 0.8120496178626283
124.10000000000011; 0.8122657226051639
124.2000000000001; 0.8124812421160951
124.30000000000011; 0.8126961784315937
124.4000000000001; 0.8129105335796987
124.50000000000011; 0.8131243095803504
124.60000000000011; 0.8133375084454261
124.70000000000012; 0.8135501321787741
124.80000000000011; 0.8137621827762487
124.9000000000001; 0.8139736622257422
125.00000000000011; 0.8141845725072233
125.10000000000011; 0.8143949155927668
125.20000000000012; 0.8146046934465903
125.30000000000011; 0.8148139080250857
125.4000000000001; 0.8150225612768557
125.50000000000011; 0.8152306551427435
125.60000000000011; 0.8154381915558693
125.70000000000012; 0.815645172441662
125.80000000000011; 0.8158515997178922
125.9000000000001; 0.816057475294705
126.00000000000011; 0.8162628010746525
126.10000000000011; 0.8164675789527281
126.20000000000012; 0.8166718108163973
126.30000000000011; 0.816875498545629
126.4000000000001; 0.8170786440129304
126.50000000000011; 0.817281249083377
126.60000000000011; 0.8174833156146453
126.70000000000012; 0.8176848454570447
126.80000000000011; 0.8178858404535475
126.9000000000001; 0.8180863024398237
127.00000000000011; 0.8182862332442685
127.10000000000011; 0.8184856346880358
127.20000000000012; 0.8186845085850694
127.30000000000011; 0.8188828567421326
127.40000000000012; 0.8190806809588398
127.50000000000011; 0.8192779830276878
127.60000000000011; 0.8194747647340848
127.70000000000012; 0.8196710278563818
127.80000000000011; 0.819866774165903
127.90000000000012; 0.8200620054269763
128.0000000000001; 0.8202567233969612
128.1000000000001; 0.8204509298262818
128.2000000000001; 0.8206446264584538
128.30000000000013; 0.8208378150301155
128.40000000000012; 0.8210304972710581
128.5000000000001; 0.8212226749042529
128.6000000000001; 0.821414349645882
128.7000000000001; 0.8216055232053678
128.80000000000013; 0.8217961972854004
128.90000000000012; 0.8219863735819682
129.0000000000001; 0.8221760537843854
129.1000000000001; 0.8223652395753215
129.2000000000001; 0.8225539326308288
129.30000000000013; 0.8227421346203715
129.40000000000012; 0.8229298472068548
129.5000000000001; 0.8231170720466502
129.6000000000001; 0.8233038107896268
129.7000000000001; 0.8234900650791775
129.80000000000013; 0.8236758365522463
129.90000000000012; 0.8238611268393569
130.0000000000001; 0.8240459375646397
130.1000000000001; 0.8242302703458607
130.2000000000001; 0.8244141267944456
130.30000000000013; 0.8245975085155097
130.40000000000012; 0.8247804171078849
130.5000000000001; 0.8249628541641436
130.6000000000001; 0.8251448212706302
130.7000000000001; 0.8253263200074834
130.80000000000013; 0.8255073519486662
130.90000000000012; 0.8256879186619891
131.0000000000001; 0.825868021709139
131.1000000000001; 0.826047662645705
131.2000000000001; 0.8262268430212028
131.30000000000013; 0.8264055643791036
131.40000000000012; 0.8265838282568567
131.5000000000001; 0.8267616361859176
131.6000000000001; 0.8269389896917732
131.7000000000001; 0.8271158902939656
131.80000000000013; 0.8272923395061212
131.90000000000012; 0.8274683388359722
132.0000000000001; 0.8276438897853832
132.1000000000001; 0.8278189938503774
132.2000000000001; 0.8279936525211599
132.30000000000013; 0.8281678672821438
132.40000000000012; 0.8283416396119739
132.5000000000001; 0.8285149709835525
132.6000000000001; 0.8286878628640624
132.70000000000013; 0.8288603167149934
132.80000000000013; 0.8290323339921646
132.90000000000012; 0.8292039161457496
133.0000000000001; 0.8293750646203006
133.1000000000001; 0.8295457808547723
133.20000000000013; 0.8297160662825459
133.30000000000013; 0.8298859223314524
133.40000000000012; 0.830055350423797
133.5000000000001; 0.8302243519763816
133.6000000000001; 0.8303929284005299
133.70000000000013; 0.8305610811021096
133.80000000000013; 0.8307288114815551
133.90000000000012; 0.8308961209338926
134.0000000000001; 0.8310630108487613
134.1000000000001; 0.8312294826104373
134.20000000000013; 0.8313955375978564
134.30000000000013; 0.8315611771846358
134.40000000000012; 0.8317264027390989
134.5000000000001; 0.8318912156242958
134.6000000000001; 0.8320556171980268
134.70000000000013; 0.832219608812864
134.80000000000013; 0.8323831918161745
134.90000000000012; 0.8325463675501423
135.0000000000001; 0.8327091373517893
135.1000000000001; 0.8328715025529988
135.20000000000013; 0.8330334644805366
135.30000000000013; 0.8331950244560719
135.40000000000012; 0.833356183796201
135.5000000000001; 0.8335169438124672
135.6000000000001; 0.8336773058113823
135.70000000000013; 0.8338372710944502
135.80000000000013; 0.8339968409581838
135.90000000000012; 0.8341560166941311
136.0000000000001; 0.8343147995888931
136.1000000000001; 0.8344731909241455
136.20000000000013; 0.8346311919766601
136.30000000000013; 0.8347888040183254
136.40000000000012; 0.834946028316167
136.5000000000001; 0.8351028661323684
136.6000000000001; 0.8352593187242923
136.70000000000013; 0.8354153873444988
136.80000000000013; 0.8355710732407694
136.90000000000012; 0.835726377656123
137.0000000000001; 0.8358813018288396
137.1000000000001; 0.8360358469924782
137.20000000000013; 0.8361900143758986
137.30000000000013; 0.8363438052032787
137.40000000000012; 0.8364972206941369
137.5000000000001; 0.8366502620633505
137.6000000000001; 0.836802930521176
137.70000000000013; 0.8369552272732679
137.80000000000013; 0.8371071535206982
137.90000000000012; 0.8372587104599767
138.0000000000001; 0.8374098992830691
138.1000000000001; 0.8375607211774173
138.20000000000013; 0.8377111773259578
138.30000000000013; 0.8378612689071405
138.40000000000012; 0.8380109970949485
138.5000000000001; 0.8381603630589167
138.60000000000014; 0.8383093679641498
138.70000000000013; 0.8384580129713413
138.80000000000013; 0.8386062992367936
138.90000000000012; 0.8387542279124341
139.0000000000001; 0.8389018001458353
139.10000000000014; 0.8390490170802324
139.20000000000013; 0.8391958798545424
139.30000000000013; 0.8393423896033811
139.40000000000012; 0.8394885474570825
139.5000000000001; 0.8396343545417156
139.60000000000014; 0.8397798119791029
139.70000000000013; 0.8399249208868387
139.80000000000013; 0.8400696823783064
139.90000000000012; 0.8402140975626963
140.0000000000001; 0.8403581675450227
140.10000000000014; 0.8405018934261427
140.20000000000013; 0.8406452763027721
140.30000000000013; 0.840788317267505
140.40000000000012; 0.840931017408828
140.5000000000001; 0.8410733778111408
140.60000000000014; 0.8412153995547706
140.70000000000013; 0.8413570837159906
140.80000000000013; 0.8414984313670374
140.90000000000012; 0.8416394435761263
141.0000000000001; 0.8417801214074698
141.10000000000014; 0.8419204659212934
141.20000000000013; 0.8420604781738524
141.30000000000013; 0.8422001592174495
141.40000000000012; 0.8423395101004498
141.5000000000001; 0.842478531867299
141.60000000000014; 0.8426172255585375
141.70000000000013; 0.8427555922108192
141.80000000000013; 0.8428936328569262
141.90000000000012; 0.843031348525786
142.0000000000001; 0.8431687402424864
142.10000000000014; 0.8433058090282929
142.20000000000013; 0.8434425559006632
142.30000000000013; 0.8435789818732651
142.40000000000012; 0.8437150879559895
142.5000000000001; 0.8438508751549696
142.60000000000014; 0.843986344472593
142.70000000000013; 0.8441214969075203
142.80000000000013; 0.8442563334546993
142.90000000000012; 0.8443908551053804
143.0000000000001; 0.8445250628471319
143.10000000000014; 0.8446589576638565
143.20000000000013; 0.8447925405358048
143.30000000000013; 0.8449258124395923
143.40000000000012; 0.8450587743482131
143.5000000000001; 0.845191427231056
143.60000000000014; 0.8453237720539187
143.70000000000013; 0.845455809779023
143.80000000000013; 0.8455875413650301
143.90000000000012; 0.8457189677670549
144.0000000000001; 0.8458500899366806
144.10000000000014; 0.8459809088219743
144.20000000000013; 0.8461114253675006
144.30000000000013; 0.8462416405143364
144.40000000000012; 0.8463715552000853
144.5000000000001; 0.846501170358893
144.60000000000014; 0.8466304869214596
144.70000000000013; 0.846759505815056
144.80000000000013; 0.8468882279635366
144.90000000000012; 0.8470166542873552
145.0000000000001; 0.8471447857035764
145.10000000000014; 0.8472726231258922
145.20000000000013; 0.8474001674646345
145.30000000000013; 0.84752741962679
145.40000000000012; 0.8476543805160127
145.50000000000014; 0.847781051032639
145.60000000000014; 0.8479074320737005
145.70000000000013; 0.8480335245329386
145.80000000000013; 0.8481593293008168
145.90000000000012; 0.8482848472645355
146.00000000000014; 0.8484100793080447
146.10000000000014; 0.8485350263120575
146.20000000000013; 0.8486596891540636
146.30000000000013; 0.8487840687083432
146.40000000000012; 0.848908165845979
146.50000000000014; 0.8490319814348698
146.60000000000014; 0.8491555163397442
146.70000000000013; 0.8492787714221735
146.80000000000013; 0.8494017475405837
146.90000000000012; 0.8495244455502702
147.00000000000014; 0.8496468663034087
147.10000000000014; 0.8497690106490693
147.20000000000013; 0.8498908794332294
147.30000000000013; 0.8500124734987855
147.40000000000012; 0.8501337936855669
147.50000000000014; 0.850254840830347
147.60000000000014; 0.8503756157668568
147.70000000000013; 0.8504961193257982
147.80000000000013; 0.8506163523348533
147.90000000000012; 0.8507363156187016
148.00000000000014; 0.850856009999027
148.10000000000014; 0.850975436294534
148.20000000000013; 0.8510945953209589
148.30000000000013; 0.8512134878910805
148.40000000000012; 0.8513321148147347
148.50000000000014; 0.8514504768988239
148.60000000000014; 0.8515685749473306
148.70000000000013; 0.85168640976133
148.80000000000013; 0.8518039821390001
148.90000000000012; 0.851921292875634
149.00000000000014; 0.8520383427636528
149.10000000000014; 0.8521551325926163
149.20000000000013; 0.8522716631492346
149.30000000000013; 0.8523879352173813
149.40000000000012; 0.8525039495781022
149.50000000000014; 0.8526197070096291
149.60000000000014; 0.8527352082873915
149.70000000000013; 0.8528504541840259
149.80000000000013; 0.8529654454693895
149.90000000000012; 0.8530801829105698
150.00000000000014; 0.8531946672718967
150.10000000000014; 0.8533089033037985
150.20000000000013; 0.8534228878211209
150.30000000000013; 0.8535366215225672
150.40000000000012; 0.8536501051614322
150.50000000000014; 0.8537633394883118
150.60000000000014; 0.8538763252511148
150.70000000000013; 0.8539890631950731
150.80000000000013; 0.8541015540627526
150.90000000000012; 0.854213798594065
151.00000000000014; 0.8543257975262769
151.10000000000014; 0.854437551594022
151.20000000000013; 0.8545490615293102
151.30000000000013; 0.8546603280615401
151.40000000000015; 0.8547713519175075
151.50000000000014; 0.8548821338214179
151.60000000000014; 0.8549926744948956
151.70000000000013; 0.8551029746569939
151.80000000000013; 0.8552130350242068
151.90000000000015; 0.8553228563104789
152.00000000000014; 0.855432439227214
152.10000000000014; 0.8555417844832878
152.20000000000013; 0.8556508927850571
152.30000000000013; 0.8557597648363692
152.40000000000015; 0.8558684013385727
152.50000000000014; 0.8559768029905277
152.60000000000014; 0.8560849704886152
152.70000000000013; 0.8561929045267485
152.80000000000013; 0.8563006057963805
152.90000000000015; 0.8564080749865163
153.00000000000014; 0.8565153127837217
153.10000000000014; 0.8566223198721326
153.20000000000013; 0.8567290969334657
153.30000000000013; 0.856835644647028
153.40000000000015; 0.8569419636897257
153.50000000000014; 0.8570480547360753
153.60000000000014; 0.8571539184582113
153.70000000000013; 0.8572595555258977
153.80000000000013; 0.857364966606535
153.90000000000015; 0.8574701523651734
154.00000000000014; 0.8575751134645175
154.10000000000014; 0.8576798505649402
154.20000000000013; 0.8577843643244888
154.30000000000013; 0.8578886553988956
154.40000000000015; 0.8579927244415873
154.50000000000014; 0.8580965721036938
154.60000000000014; 0.8582001990340576
154.70000000000013; 0.8583036058792423
154.80000000000013; 0.858406793283543
154.90000000000015; 0.8585097618889937
155.00000000000014; 0.8586125123353783
155.10000000000014; 0.8587150452602367
155.20000000000013; 0.8588173612988771
155.30000000000013; 0.8589194610843824
155.40000000000015; 0.8590213452476202
155.50000000000014; 0.8591230144172507
155.60000000000014; 0.8592244692197372
155.70000000000013; 0.8593257102793526
155.80000000000013; 0.8594267382181899
155.90000000000015; 0.8595275536561698
156.00000000000014; 0.8596281572110501
156.10000000000014; 0.8597285494984335
156.20000000000013; 0.8598287311317767
156.30000000000013; 0.8599287027223985
156.40000000000015; 0.8600284648794893
156.50000000000014; 0.8601280182101173
156.60000000000014; 0.8602273633192402
156.70000000000013; 0.8603265008097103
156.80000000000013; 0.8604254312822847
156.90000000000015; 0.8605241553356331
157.00000000000014; 0.8606226735663463
157.10000000000014; 0.8607209865689438
157.20000000000013; 0.8608190949358832
157.30000000000013; 0.8609169992575662
157.40000000000015; 0.8610147001223494
157.50000000000014; 0.8611121981165504
157.60000000000014; 0.8612094938244564
157.70000000000013; 0.8613065878283324
157.80000000000013; 0.8614034807084293
157.90000000000015; 0.8615001730429911
158.00000000000014; 0.861596665408264
158.10000000000014; 0.861692958378503
158.20000000000013; 0.86178905252598
158.30000000000015; 0.8618849484209928
158.40000000000015; 0.8619806466318718
158.50000000000014; 0.862076147724987
158.60000000000014; 0.8621714522647577
158.70000000000013; 0.8622665608136585
158.80000000000015; 0.8623614739322275
158.90000000000015; 0.8624561921790744
159.00000000000014; 0.8625507161108869
159.10000000000014; 0.8626450462824394
159.20000000000013; 0.8627391832465998
159.30000000000015; 0.8628331275543376
159.40000000000015; 0.86292687975473
159.50000000000014; 0.8630204403949715
159.60000000000014; 0.8631138100203791
159.70000000000013; 0.8632069891744004
159.80000000000015; 0.863299978398622
159.90000000000015; 0.8633927782327754
160.00000000000014; 0.8634853892147442
