energy (keV); transmission
1.0; 0.0
1.1; 0.0
1.2000000000000002; 0.0
1.3000000000000003; 0.0
1.4000000000000004; 0.0
1.5000000000000004; 0.0
1.6000000000000005; 0.0
1.7000000000000006; 0.0
1.8000000000000007; 0.0
1.9000000000000008; 0.0
2.000000000000001; 0.0
2.100000000000001; 0.0
2.200000000000001; 0.0
2.300000000000001; 0.0
2.4000000000000012; 0.0
2.5000000000000013; 0.0
2.6000000000000014; 0.0
2.7000000000000015; 0.0
2.8000000000000016; 0.0
2.9000000000000017; 0.0
3.0000000000000018; 9.4676627986886e-305
3.100000000000002; 4.13723708854393e-279
3.200000000000002; 2.3428990772113933e-256
3.300000000000002; 4.337270623460242e-236
3.400000000000002; 5.688487247655214e-218
3.500000000000002; 1.0124968797473805e-201
3.6000000000000023; 4.2354572049850733e-187
3.7000000000000024; 6.637293674677966e-174
3.8000000000000025; 5.799056639749506e-162
3.9000000000000026; 3.971299087841452e-151
4.000000000000003; 2.8573641540745864e-141
4.100000000000003; 3.697493674771794e-132
4.200000000000003; 7.723495421214087e-124
4.3000000000000025; 3.16972660469839e-116
4.400000000000003; 3.033784130605558e-109
4.5000000000000036; 7.868016660862831e-103
4.600000000000003; 6.307650926837939e-97
4.700000000000003; 1.7553125963637548e-91
4.800000000000003; 1.8783989975371088e-86
4.900000000000004; 8.463006014481344e-82
5.0000000000000036; 1.7397979897004284e-77
5.100000000000003; 1.946083031581961e-73
5.200000000000004; 1.122774204898964e-69
5.300000000000004; 3.5424845756028934e-66
5.400000000000004; 6.441002138839811e-63
5.5000000000000036; 7.073384289448924e-60
5.600000000000004; 4.893955579513591e-57
5.700000000000005; 2.215931800740622e-54
5.800000000000004; 6.795241413236799e-52
5.900000000000004; 1.4556622270437485e-49
6.000000000000004; 2.855280198603401e-86
6.100000000000005; 2.0211838059020841e-84
6.200000000000005; 2.5396820191062565e-82
6.300000000000004; 5.115720791629954e-80
6.400000000000005; 1.4862114091470523e-77
6.500000000000005; 5.614021749359969e-75
6.600000000000005; 9.38755425247317e-74
6.700000000000005; 5.077629305435758e-71
6.800000000000005; 2.7287831817828987e-68
6.900000000000006; 1.3643019780928076e-65
7.000000000000005; 6.009329791356469e-63
7.100000000000005; 2.2321219438545952e-60
7.2000000000000055; 9.786022324500579e-179
7.300000000000006; 1.8753591072695037e-172
7.400000000000006; 1.9040634459015307e-166
7.500000000000005; 1.0431437903445997e-160
7.600000000000006; 3.147600484330507e-155
7.700000000000006; 5.347718470738026e-150
7.800000000000006; 5.2348702533018244e-145
7.900000000000006; 3.022546527907961e-140
8.000000000000007; 1.0537644519145718e-135
8.100000000000007; 2.283493672599901e-131
8.200000000000006; 3.153269006512923e-127
8.300000000000006; 2.8549150582193706e-123
8.400000000000006; 3.308145744561484e-135
8.500000000000007; 3.867472200607443e-131
8.600000000000007; 3.059266546602833e-127
8.700000000000006; 1.6742881574582663e-123
8.800000000000008; 6.471482170638362e-120
8.900000000000007; 1.8005976575654848e-116
9.000000000000007; 3.670753889984258e-113
9.100000000000007; 5.57404969266412e-110
9.200000000000006; 6.402202195371506e-107
9.300000000000008; 5.642282147093769e-104
9.400000000000007; 3.866932867714072e-101
9.500000000000007; 2.0869563126871298e-98
9.600000000000009; 8.974324580083983e-96
9.700000000000008; 3.1090173804040578e-93
9.800000000000008; 8.767516933052315e-91
9.900000000000007; 2.0323108829206994e-88
10.000000000000007; 3.907864969548329e-86
10.100000000000009; 6.291844152252272e-84
10.200000000000008; 8.538189830571672e-82
10.300000000000008; 9.834246848728375e-80
10.40000000000001; 9.678218109454323e-78
10.500000000000009; 8.189964933160422e-76
10.600000000000009; 5.995478283323486e-74
10.700000000000008; 3.8187416302112947e-72
10.800000000000008; 2.1279149727767036e-70
10.90000000000001; 1.0427937883620398e-68
11.000000000000009; 4.516697548692828e-67
11.100000000000009; 1.7373663096387368e-65
11.20000000000001; 5.9619092198585545e-64
11.30000000000001; 1.8331158630479736e-62
11.40000000000001; 5.071167119635747e-61
11.500000000000009; 1.2672502847068936e-59
11.600000000000009; 2.871445515908925e-58
11.70000000000001; 5.92103684129028e-57
11.80000000000001; 1.1149641323659031e-55
11.90000000000001; 1.923676269492543e-54
12.00000000000001; 3.050642441182983e-53
12.10000000000001; 4.460262522696693e-52
12.20000000000001; 6.029829611636472e-51
12.30000000000001; 7.55853672320265e-50
12.40000000000001; 8.808874999289881e-49
12.50000000000001; 9.569009353338666e-48
12.60000000000001; 9.712816873502138e-47
12.70000000000001; 9.233774160282725e-46
12.800000000000011; 8.240462057428448e-45
12.900000000000011; 6.918386685192767e-44
13.00000000000001; 5.475752579040841e-43
13.10000000000001; 4.093898781097856e-42
13.20000000000001; 2.89680152490104e-41
13.300000000000011; 1.9435236391645144e-40
13.400000000000011; 1.2385683474673644e-39
13.50000000000001; 7.510152218441678e-39
13.600000000000012; 4.33997211054096e-38
13.700000000000012; 2.39396582064435e-37
13.800000000000011; 1.2624055286452953e-36
13.900000000000011; 6.373262396918412e-36
14.00000000000001; 3.0847126449152517e-35
14.100000000000012; 1.43331849094937e-34
14.200000000000012; 6.401899774192615e-34
14.300000000000011; 2.752043452146852e-33
14.400000000000013; 1.1399974768104963e-32
14.500000000000012; 4.55572330919899e-32
14.600000000000012; 1.7583277346869047e-31
14.700000000000012; 6.561420188496782e-31
14.800000000000011; 2.3697414074666933e-30
14.900000000000013; 8.291678252880569e-30
15.000000000000012; 2.813455298952581e-29
15.100000000000012; 9.268223656652965e-29
15.200000000000014; 2.9662229938597635e-28
15.300000000000013; 9.230890412306707e-28
15.400000000000013; 2.7956556449711053e-27
15.500000000000012; 8.24666637974277e-27
15.600000000000012; 2.3712066692458373e-26
15.700000000000014; 6.650984109106534e-26
15.800000000000013; 1.8211489124476645e-25
15.900000000000013; 4.871405819446548e-25
16.000000000000014; 1.2738195836903878e-24
16.100000000000016; 3.2583024275126667e-24
16.200000000000014; 8.15792845728089e-24
16.30000000000001; 2.0005023551552672e-23
16.400000000000013; 4.8075678300949914e-23
16.500000000000014; 1.1328872398141055e-22
16.600000000000016; 2.619160864067675e-22
16.700000000000014; 5.944058961586226e-22
16.800000000000015; 1.3248690408170287e-21
16.900000000000013; 2.901667859573075e-21
17.000000000000014; 6.247642617377746e-21
17.100000000000016; 1.3230623949056163e-20
17.200000000000014; 2.756991647495186e-20
17.300000000000015; 5.655493284877712e-20
17.400000000000013; 1.1425316979757928e-19
17.500000000000014; 2.2740796122323346e-19
17.600000000000016; 4.461223197793879e-19
17.700000000000014; 8.629366186415184e-19
17.800000000000015; 1.6464214934168218e-18
17.900000000000016; 3.0995296586918906e-18
18.000000000000014; 5.75961945878188e-18
18.100000000000016; 1.0567710205028839e-17
18.200000000000017; 1.915130936691594e-17
18.300000000000015; 3.429126598627806e-17
18.400000000000016; 6.068324983925674e-17
18.500000000000014; 1.061654362618018e-16
18.600000000000016; 1.836755309030062e-16
18.700000000000017; 3.1433617029761646e-16
18.800000000000015; 5.322672366693779e-16
18.900000000000016; 8.92013337986102e-16
19.000000000000014; 1.4798909934581912e-15
19.100000000000016; 2.4311520913533493e-15
19.200000000000017; 3.955693698409843e-15
19.300000000000015; 6.376206310960423e-15
19.400000000000016; 1.0184257120227543e-14
19.500000000000018; 1.6121999600898198e-14
19.600000000000016; 2.530017544781172e-14
19.700000000000017; 3.93670707787742e-14
19.80000000000002; 6.074840928994114e-14
19.900000000000016; 9.29851894744356e-14
20.000000000000018; 1.412056691001623e-13
20.100000000000016; 3.07454915116385e-14
20.200000000000017; 4.708871419052536e-14
20.30000000000002; 7.155953955289586e-14
20.400000000000016; 1.0792217065641672e-13
20.500000000000018; 1.6155531347071058e-13
20.600000000000016; 2.400889855701566e-13
20.700000000000017; 3.5427021972007166e-13
20.80000000000002; 5.191317256819807e-13
20.900000000000016; 7.555587737821483e-13
21.000000000000018; 1.0923759899508103e-12
21.10000000000002; 1.569108462352572e-12
21.200000000000017; 2.2396117714327176e-12
21.30000000000002; 3.176814655905042e-12
21.40000000000002; 4.478877585685918e-12
21.500000000000018; 6.277142287224232e-12
21.60000000000002; 8.746333210338811e-12
21.700000000000017; 1.2117574189184825e-11
21.80000000000002; 1.6694904479745484e-11
21.90000000000002; 2.2876120488319747e-11
22.000000000000018; 3.117893555394766e-11
22.10000000000002; 4.227364298830974e-11
22.200000000000017; 5.702369022222844e-11
22.30000000000002; 7.653582748098485e-11
22.40000000000002; 1.0222178610403503e-10
22.500000000000018; 1.3587377266131332e-10
22.60000000000002; 1.7975643859916146e-10
22.70000000000002; 2.3671840439711273e-10
22.80000000000002; 3.103268851161739e-10
22.90000000000002; 4.050294835456012e-10
23.00000000000002; 5.263477904029433e-10
23.10000000000002; 6.811080603516821e-10
23.20000000000002; 8.777149196760436e-10
23.30000000000002; 1.1264748074826022e-09
23.40000000000002; 1.4399766578858825e-09
23.50000000000002; 1.8335381956975887e-09
23.60000000000002; 2.3257271418718312e-09
23.70000000000002; 2.938967605723761e-09
23.80000000000002; 3.7002429762370777e-09
23.90000000000002; 4.641907711184325e-09
24.00000000000002; 5.802621555896543e-09
24.10000000000002; 7.228420897940797e-09
24.20000000000002; 8.973943173303131e-09
24.300000000000022; 1.110382147643824e-08
24.40000000000002; 1.3694267782376905e-08
24.50000000000002; 1.683486445443905e-08
24.600000000000023; 2.0630584975713628e-08
24.70000000000002; 2.5204066094999427e-08
24.800000000000022; 3.0698154806309215e-08
24.90000000000002; 3.72787547726001e-08
25.00000000000002; 4.5137997945552355e-08
25.100000000000023; 5.449776821021825e-08
25.20000000000002; 6.56136048819289e-08
25.300000000000022; 7.877901478828354e-08
25.40000000000002; 9.433022246719165e-08
25.50000000000002; 1.1265138868767747e-07
25.600000000000023; 1.341803280400658e-07
25.70000000000002; 1.5941475673152123e-07
25.800000000000022; 1.8891910194927376e-07
25.900000000000023; 2.2333190420399547e-07
26.00000000000002; 2.633738439286799e-07
26.100000000000023; 3.098564232728289e-07
26.200000000000024; 3.6369133348941645e-07
26.300000000000022; 4.259005375534664e-07
26.400000000000023; 4.976270966704557e-07
26.50000000000002; 5.801467681267045e-07
26.600000000000023; 6.748804004940683e-07
26.700000000000024; 7.834071505334942e-07
26.800000000000022; 9.074785442388659e-07
26.900000000000023; 1.0490334023322197e-06
27.00000000000002; 1.2102136481629956e-06
27.100000000000023; 1.3933810133876115e-06
27.200000000000024; 1.6011346540153048e-06
27.300000000000022; 1.8363296864116178e-06
27.400000000000023; 2.1020966496693277e-06
27.500000000000025; 2.401861897387294e-06
27.600000000000023; 2.7393689183741604e-06
27.700000000000024; 3.1187005821116356e-06
27.800000000000026; 3.5443023010051676e-06
27.900000000000023; 4.02100609752989e-06
28.000000000000025; 4.554055560358293e-06
28.100000000000023; 5.149131669475506e-06
28.200000000000024; 5.812379466144402e-06
28.300000000000026; 6.550435539415155e-06
28.400000000000023; 7.3704562967014185e-06
28.500000000000025; 8.280146981780334e-06
28.600000000000023; 9.287791399462969e-06
28.700000000000024; 1.0402282302110538e-05
28.800000000000026; 1.1633152389205974e-05
28.900000000000023; 1.2990605867324735e-05
29.000000000000025; 1.4485550514095352e-05
29.100000000000026; 1.6129630186159564e-05
29.200000000000024; 1.7935257707713432e-05
29.300000000000026; 1.9915648072988423e-05
29.400000000000027; 2.208485189296386e-05
29.500000000000025; 2.4457789013860947e-05
29.600000000000026; 2.7050282232312906e-05
29.700000000000024; 2.987909102988182e-05
29.800000000000026; 3.2961945247450155e-05
29.900000000000027; 3.631757861830426e-05
30.000000000000025; 3.9965762077207235e-05
30.100000000000026; 4.3928929632130224e-05
30.200000000000024; 4.82277270623818e-05
30.300000000000026; 5.2885237355813606e-05
30.400000000000027; 5.792573204548905e-05
30.500000000000025; 6.337468090795905e-05
30.600000000000026; 6.925878203024036e-05
30.700000000000028; 7.560599103949138e-05
30.800000000000026; 8.244554941078393e-05
30.900000000000027; 8.980801176964478e-05
31.00000000000003; 9.772527210764278e-05
31.100000000000026; 0.00010623058883101565
31.200000000000028; 0.00011535860856463516
31.300000000000026; 0.0001251453886358327
31.400000000000027; 0.00013562841816534412
31.50000000000003; 0.00014684663769548757
31.600000000000026; 0.00015884045728877945
31.700000000000028; 0.0001716517730335714
31.800000000000026; 0.00018532398189682574
31.900000000000027; 0.00019990199486767102
32.00000000000003; 0.00021543224833958034
32.10000000000002; 0.00023196271368277184
32.20000000000003; 0.00024954290496262616
32.300000000000026; 0.00026822388476434745
32.40000000000003; 0.00028805826808826697
32.50000000000003; 0.0003091002242848293
32.60000000000003; 0.0003314054770025512
32.70000000000003; 0.0003550313021271427
32.800000000000026; 0.0003800365236943747
32.90000000000003; 0.00040648150776377594
33.00000000000003; 0.0004344281542451692
33.10000000000003; 0.0004639398866742985
33.20000000000003; 0.0004950816399386045
33.300000000000026; 0.0005279198459584814
33.40000000000003; 0.0005625224173341107
33.50000000000003; 0.0005989587289717768
33.60000000000003; 0.000637299597708692
33.70000000000003; 0.000677617259958385
33.800000000000026; 0.0007199853474039893
33.90000000000003; 0.0007644788607696473
34.00000000000003; 0.0008111741417049856
34.10000000000003; 0.0008601488428201358
34.20000000000003; 0.0009114818959136062
34.30000000000003; 0.0009652534784376831
34.40000000000003; 0.0010215449782493564
34.50000000000003; 0.0010804389566984418
34.60000000000003; 0.0011420191101063177
34.70000000000003; 0.0012063702296927412
34.80000000000003; 0.001273578160008872
34.90000000000003; 0.0013437297559392696
35.00000000000003; 0.0014169128383351504
35.10000000000003; 0.0014932161483452093
35.20000000000003; 0.001572729300511229
35.30000000000003; 0.001655542734696452
35.400000000000034; 0.0017417476669181896
35.50000000000003; 0.0018314360391543372
35.60000000000003; 0.0019247004681977183
35.70000000000003; 0.00202163419363
35.80000000000003; 0.002122331024989582
35.900000000000034; 0.0022268852882077685
36.00000000000003; 0.002335391771386844
36.10000000000003; 0.0024479456699957416
36.20000000000003; 0.0025646425315567914
36.30000000000003; 0.0026855781998984065
36.400000000000034; 0.002810848759047595
36.50000000000003; 0.0029405504768356175
36.60000000000003; 0.0030747797482894744
36.70000000000003; 0.003213633038881795
36.80000000000003; 0.0033572068277095773
36.900000000000034; 0.003505597550671717
37.00000000000003; 0.003658901543715677
37.10000000000003; 0.0038172149862188164
37.20000000000003; 0.003980633844572668
37.30000000000003; 0.004149253816033792
37.400000000000034; 0.004323170272905324
37.500000000000036; 0.004502478207109406
37.60000000000003; 0.004687272175213528
37.70000000000003; 0.004877646243965158
37.80000000000003; 0.00507369393639441
37.900000000000034; 0.005275508178536834
38.000000000000036; 0.005483181246830314
38.10000000000003; 0.005696804716236325
38.20000000000003; 0.005916469409133463
38.30000000000003; 0.006142265345030982
38.400000000000034; 0.006374281691144671
38.500000000000036; 0.006612606713880349
38.60000000000004; 0.006857327731261355
38.70000000000003; 0.00710853106634267
38.80000000000003; 0.007366302001642403
38.900000000000034; 0.0076307247346288146
39.000000000000036; 0.007901882334291597
39.10000000000004; 0.00817985669882893
39.20000000000003; 0.00846472851447499
39.30000000000003; 0.008756577215496998
39.400000000000034; 0.00905548094538061
39.500000000000036; 0.009361516519228143
39.60000000000004; 0.009674759387387474
39.70000000000003; 0.009995283600327044
39.80000000000003; 0.010323161774775977
39.900000000000034; 0.010658465061138076
40.000000000000036; 0.011001260561212627
40.10000000000004; 0.011351433613350951
40.20000000000003; 0.011709227672052154
40.30000000000003; 0.012074707694766913
40.400000000000034; 0.012447937040484478
40.500000000000036; 0.0128289774452279
40.60000000000004; 0.013217888998855317
40.70000000000004; 0.013614730123161771
40.80000000000003; 0.014019557551285294
40.900000000000034; 0.014432426308405468
41.000000000000036; 0.0148533896937365
41.10000000000004; 0.015282499263803468
41.20000000000004; 0.015719804816992807
41.30000000000003; 0.01616535437937139
41.400000000000034; 0.01661919419176114
41.500000000000036; 0.017081368698055172
41.60000000000004; 0.017551920534770084
41.70000000000004; 0.01803089052180998
41.80000000000004; 0.018518317654435998
41.900000000000034; 0.019014239096423118
42.000000000000036; 0.019518690174383062
42.10000000000004; 0.020031704373242993
42.20000000000004; 0.020553313332857506
42.30000000000004; 0.021083546845731577
42.400000000000034; 0.021622432855846495
42.500000000000036; 0.022169997458550892
42.60000000000004; 0.022726264901513443
42.70000000000004; 0.023291257586704656
42.80000000000004; 0.02386499607338726
42.900000000000034; 0.02444749908209867
43.000000000000036; 0.025038783499594288
43.10000000000004; 0.025638864384735848
43.20000000000004; 0.026247754975296182
43.30000000000004; 0.02686546669565931
43.400000000000034; 0.027492009165391823
43.500000000000036; 0.028127390208657562
43.60000000000004; 0.028771615864458915
43.70000000000004; 0.029424690397672437
43.80000000000004; 0.030086616310857246
43.90000000000004; 0.030757394356811102
44.000000000000036; 0.0314370235518542
44.10000000000004; 0.03212550118980623
44.20000000000004; 0.03282282285663846
44.30000000000004; 0.03352898244577944
44.40000000000004; 0.03424397217404104
44.500000000000036; 0.034967782598145314
44.60000000000004; 0.03570040263183016
44.70000000000004; 0.036441819563505444
44.80000000000004; 0.03719201907443574
44.90000000000004; 0.03795098525742961
45.00000000000004; 0.03871870063600807
45.10000000000004; 0.0394951461840323
45.20000000000004; 0.040280301345762555
45.30000000000004; 0.04107414405633293
45.40000000000004; 0.04187665076261104
45.50000000000004; 0.042687796444426114
45.60000000000004; 0.04350755463614473
45.70000000000004; 0.04433589744856757
45.80000000000004; 0.04517279559112514
45.90000000000004; 0.04601821839436481
46.00000000000004; 0.04687213383268624
46.10000000000004; 0.04773450854732914
46.20000000000004; 0.04860530786957485
46.30000000000004; 0.04948449584415377
46.40000000000004; 0.05037203525283175
46.50000000000004; 0.05126788763816391
46.60000000000004; 0.05217201332739412
46.70000000000004; 0.05308437145648338
46.80000000000004; 0.05400491999424647
46.90000000000004; 0.0549336157665854
47.00000000000004; 0.055870414480798984
47.100000000000044; 0.056815270749957236
47.20000000000004; 0.05776813811731433
47.30000000000004; 0.05872896908076266
47.40000000000004; 0.059697715117292355
47.50000000000004; 0.060674326707457475
47.600000000000044; 0.06165875335983183
47.70000000000004; 0.06265094363543071
47.80000000000004; 0.06365084517210243
47.90000000000004; 0.06465840470886178
48.00000000000004; 0.06567356811016145
48.100000000000044; 0.06669628039008293
48.200000000000045; 0.06772648573644763
48.30000000000004; 0.06876412753482247
48.40000000000004; 0.06980914839241707
48.50000000000004; 0.07086149016186041
48.600000000000044; 0.0719210939648498
48.700000000000045; 0.07298790021565887
48.80000000000004; 0.07406184864449673
48.90000000000004; 0.07514287832070907
49.00000000000004; 0.07623092767581142
49.100000000000044; 0.0773259345263565
49.200000000000045; 0.07842783609660636
49.30000000000004; 0.07953656904102856
49.40000000000004; 0.08065206946658984
49.50000000000004; 0.08177427295484094
49.600000000000044; 0.0829031145838096
49.700000000000045; 0.08403852894965558
49.80000000000004; 0.08518045018812437
49.90000000000004; 0.08632881199576566
50.00000000000004; 0.08748354765091453
50.100000000000044; 0.08864501189591316
50.200000000000045; 0.08981272533270944
50.30000000000005; 0.09098661549863508
50.40000000000004; 0.0921666141958075
50.50000000000004; 0.09335265290919431
50.600000000000044; 0.09454466282611312
50.700000000000045; 0.0957425748554733
50.80000000000005; 0.09694631964675716
50.90000000000004; 0.09815582760873727
51.00000000000004; 0.0993710289279254
51.100000000000044; 0.10059185358675247
51.200000000000045; 0.10181823138147887
51.30000000000005; 0.1030500919398293
51.40000000000005; 0.10428736473836143
51.50000000000004; 0.10552997911954438
51.600000000000044; 0.10677786430857851
51.700000000000045; 0.10803094942992467
51.80000000000005; 0.10928916352356065
51.90000000000005; 0.11055243556096228
52.00000000000004; 0.11182069446079557
52.100000000000044; 0.11309386910434284
52.200000000000045; 0.11437188835064176
52.30000000000005; 0.11565468105134662
52.40000000000005; 0.11694217606531393
52.50000000000004; 0.11823430227291071
52.600000000000044; 0.11953098859003959
52.700000000000045; 0.12083216398189066
52.80000000000005; 0.1221377574764259
52.90000000000005; 0.12344769817757459
53.00000000000004; 0.12476191527816478
53.100000000000044; 0.1260803380725813
53.200000000000045; 0.12740289596915075
53.30000000000005; 0.12872951850225958
53.40000000000005; 0.13006013534420238
53.50000000000005; 0.1313946763167648
53.600000000000044; 0.13273307140254811
53.700000000000045; 0.1340752507560162
53.80000000000005; 0.1354211447142998
53.90000000000005; 0.13677068380773166
54.00000000000005; 0.13812379877012987
54.100000000000044; 0.13948042054882018
54.200000000000045; 0.1408404803144195
54.30000000000005; 0.14220390947035613
54.40000000000005; 0.14357063966214917
54.50000000000005; 0.14494060278644788
54.60000000000005; 0.1463137309998146
54.700000000000045; 0.1476899567272843
54.80000000000005; 0.1490692126706774
54.90000000000005; 0.15045143181667664
55.00000000000005; 0.15183654744468317
55.10000000000005; 0.15322449313442577
55.200000000000045; 0.15461520277336033
55.30000000000005; 0.1560086105638392
55.40000000000005; 0.15740465103005186
55.50000000000005; 0.15880325902476256
55.60000000000005; 0.16020436973582342
55.700000000000045; 0.16160791869247274
55.80000000000005; 0.16301384177142944
55.90000000000005; 0.1644220752027819
56.00000000000005; 0.1658325555756629
56.10000000000005; 0.16724521984374138
56.200000000000045; 0.16866000533049366
56.30000000000005; 0.17007684973430318
56.40000000000005; 0.17149569113334795
56.50000000000005; 0.1729164679903133
56.60000000000005; 0.17433911915690814
56.70000000000005; 0.17576358387821
56.80000000000005; 0.17718980179681731
56.90000000000005; 0.17861771295682607
57.00000000000005; 0.18004725780764527
57.10000000000005; 0.1814783772076256
57.20000000000005; 0.18291101242752236
57.30000000000005; 0.18434510515380417
57.40000000000005; 0.18578059749178424
57.50000000000005; 0.1872174319685939
57.60000000000005; 0.18865555153601635
57.70000000000005; 0.19009489957313927
57.800000000000054; 0.19153541988887798
57.90000000000005; 0.19297705672434254
58.00000000000005; 0.19441975475505044
58.10000000000005; 0.1958634590930175
58.20000000000005; 0.19730811528868464
58.300000000000054; 0.19875366933272262
58.40000000000005; 0.2002000676577015
58.50000000000005; 0.2016472571396221
58.60000000000005; 0.2030951850993155
58.70000000000005; 0.20454379930373512
58.800000000000054; 0.20599304796709517
58.90000000000005; 0.20744287975191683
59.00000000000005; 0.2088932437699334
59.10000000000005; 0.21034408958289505
59.20000000000005; 0.21179536720325
59.300000000000054; 0.21324702709472054
59.40000000000005; 0.21469902017276338
59.50000000000005; 0.2161512978049337
59.60000000000005; 0.21760381181113728
59.70000000000005; 0.21905651446378321
59.800000000000054; 0.22050935848784015
59.900000000000055; 0.2219622970607983
60.00000000000005; 0.22341528381252085
60.10000000000005; 0.22486800955109537
60.20000000000005; 0.22632069159672588
60.300000000000054; 0.2277732848953056
60.400000000000055; 0.22922574481941282
60.50000000000005; 0.23067802719283625
60.60000000000005; 0.23213008828993606
60.70000000000005; 0.23358188483493791
60.800000000000054; 0.23503337400113808
60.900000000000055; 0.2364845134100445
61.00000000000006; 0.23793526113043428
61.10000000000005; 0.2393855756773441
61.20000000000005; 0.24083541601099176
61.300000000000054; 0.24228474153562943
61.400000000000055; 0.24373351209832392
61.50000000000006; 0.24518168798769138
61.60000000000005; 0.24662922993254693
61.70000000000005; 0.24807609910050898
61.800000000000054; 0.24952225709654016
61.900000000000055; 0.25096766596144066
62.00000000000006; 0.2524122881702625
62.10000000000005; 0.2538560866307027
62.20000000000005; 0.2552990246814206
62.300000000000054; 0.2567410660903121
62.400000000000055; 0.2581821750527457
62.50000000000006; 0.2596223161897309
62.60000000000005; 0.26106145454606644
62.70000000000005; 0.2624995555884237
62.800000000000054; 0.26393658520339786
62.900000000000055; 0.26537250969552434
63.00000000000006; 0.26680729578523804
63.10000000000006; 0.2682409106068153
63.20000000000005; 0.2696733217062652
63.300000000000054; 0.27110449703919115
63.400000000000055; 0.27253440496862336
63.50000000000006; 0.2739630142628115
63.60000000000006; 0.27539029409298454
63.70000000000005; 0.27681621403109646
63.800000000000054; 0.2782407440475255
63.900000000000055; 0.2796638545087529
64.00000000000006; 0.2810855161750246
64.10000000000005; 0.28250570019797194
64.20000000000006; 0.28392437811821775
64.30000000000005; 0.28534152186296585
64.40000000000006; 0.28675710374355595
64.50000000000006; 0.28817109645300454
64.60000000000005; 0.28958347306353277
64.70000000000006; 0.2909942070240618
64.80000000000005; 0.2924032721577041
64.90000000000006; 0.29381064265923873
65.00000000000006; 0.2952162930925502
65.10000000000005; 0.2966201983880897
65.20000000000006; 0.298022333840285
65.30000000000005; 0.2994226751049634
65.40000000000006; 0.3008211981967586
65.50000000000006; 0.3022178794864918
65.60000000000005; 0.3036126956985652
65.70000000000006; 0.3050056239083333
65.80000000000005; 0.3063966415394622
65.90000000000006; 0.30778572636129337
66.00000000000006; 0.30917285648619763
66.10000000000005; 0.3105580103669112
66.20000000000006; 0.3119411667938852
66.30000000000005; 0.31332230489261687
66.40000000000006; 0.3147014041209828
66.50000000000006; 0.31607844426656606
66.60000000000005; 0.31745340544398415
66.70000000000006; 0.31882626809221726
66.80000000000005; 0.32019701297192327
66.90000000000006; 0.3215656211627718
67.00000000000006; 0.32293207406075286
67.10000000000007; 0.3242963533755188
67.20000000000006; 0.3256584411276901
67.30000000000005; 0.3270183196461992
67.40000000000006; 0.32837597156560433
67.50000000000006; 0.3297313798234347
67.60000000000007; 0.33108452765751506
67.70000000000006; 0.3324353986033087
67.80000000000005; 0.3337839764912609
67.90000000000006; 0.3351302454441488
68.00000000000006; 0.3364741898744283
68.10000000000007; 0.3378157944815967
68.20000000000006; 0.33915504424955817
68.30000000000005; 0.3404919244439913
68.40000000000006; 0.34182642060973073
68.50000000000006; 0.34315851856815044
68.60000000000007; 0.34448820441455696
68.70000000000006; 0.34581546451558925
68.80000000000005; 0.34714028550662784
68.90000000000006; 0.34846265428921586
69.00000000000006; 0.34978255802848035
69.10000000000007; 0.35109998415057114
69.20000000000006; 0.35241492034010746
69.30000000000005; 0.35372735453763376
69.40000000000006; 0.3550372749370796
69.50000000000006; 0.3563446699832431
69.60000000000007; 0.3576495283692751
69.70000000000006; 0.3589518390341771
69.80000000000007; 0.36025159116030886
69.90000000000006; 0.36154877417091186
70.00000000000006; 0.36284337772763975
70.10000000000007; 0.3641353917281012
70.20000000000006; 0.3654248063034212
70.30000000000007; 0.3667116118158062
70.40000000000006; 0.36799579885612177
70.50000000000006; 0.36927735824149593
70.60000000000007; 0.3705562810129157
70.70000000000006; 0.3718325584328585
70.80000000000007; 0.3731061819829102
70.90000000000006; 0.3743771433614269
71.00000000000006; 0.37564543448118426
71.10000000000007; 0.3769110474670571
71.20000000000006; 0.3781739746537042
71.30000000000007; 0.37943420858327065
71.40000000000006; 0.38069174200310035
71.50000000000006; 0.3819465678634715
71.60000000000007; 0.3831986793153351
71.70000000000006; 0.38444806970807704
71.80000000000007; 0.3856947325872887
71.90000000000006; 0.38693866169255253
72.00000000000006; 0.3881798509552463
72.10000000000007; 0.3894182944963627
72.20000000000006; 0.3906539866243337
72.30000000000007; 0.3918869218328842
72.40000000000006; 0.3931170947988833
72.50000000000006; 0.3943445003802351
72.60000000000007; 0.3955691336137531
72.70000000000006; 0.3967909897130817
72.80000000000007; 0.3980100640666067
72.90000000000006; 0.3992263522353969
73.00000000000006; 0.4004398499511554
73.10000000000007; 0.4016505531141832
73.20000000000006; 0.4028584577913681
73.30000000000007; 0.4040635602141743
73.40000000000006; 0.40526585677666227
73.50000000000007; 0.40646534403351225
73.60000000000007; 0.407662018698066
73.70000000000006; 0.40885587764039205
73.80000000000007; 0.410046917885353
73.90000000000006; 0.41123513661069994
74.00000000000007; 0.4124205311451742
74.10000000000007; 0.41360309896662484
74.20000000000006; 0.41478283770015023
74.30000000000007; 0.41595974511624195
74.40000000000006; 0.417133819128957
74.50000000000007; 0.418305057794091
74.60000000000007; 0.4194734593073813
74.70000000000006; 0.4206390220027164
74.80000000000007; 0.4218017443503574
74.90000000000006; 0.422961624955186
75.00000000000007; 0.4241186625549611
75.10000000000007; 0.4252728560185851
75.20000000000006; 0.4264242043443968
75.30000000000007; 0.4275727066584676
75.40000000000006; 0.42871836221292314
75.50000000000007; 0.4298611703842731
75.60000000000007; 0.43100113067175644
75.70000000000006; 0.43213824269570295
75.80000000000007; 0.43327250619591345
75.90000000000006; 0.43440392103004044
76.00000000000007; 0.4355324871720094
76.10000000000007; 0.43665820471041916
76.20000000000007; 0.4377810738469959
76.30000000000007; 0.4389010948950248
76.40000000000006; 0.44001826827782886
76.50000000000007; 0.44113259452723463
76.60000000000007; 0.4422440742820689
76.70000000000007; 0.4433527082866669
76.80000000000007; 0.44445849738938853
76.90000000000006; 0.4455614425411568
77.00000000000007; 0.4466615447940054
77.10000000000007; 0.4477588052996341
77.20000000000007; 0.44885322530799776
77.30000000000007; 0.4499448061658884
77.40000000000006; 0.45103354931553624
77.50000000000007; 0.45211945629323813
77.60000000000007; 0.453202528727975
77.70000000000007; 0.45428276834006986
77.80000000000007; 0.4553601769398341
77.90000000000006; 0.45643475642624765
78.00000000000007; 0.45750650878563726
78.10000000000007; 0.45857543609038126
78.20000000000007; 0.4596415404976118
78.30000000000007; 0.46070482424794656
78.40000000000006; 0.4617652896642227
78.50000000000007; 0.4628229391502458
78.60000000000007; 0.46387777518955425
78.70000000000007; 0.46492980034419246
78.80000000000007; 0.46597901725350394
78.90000000000006; 0.4670254286329224
79.00000000000007; 0.4680690372727957
79.10000000000007; 0.469109846037204
79.20000000000007; 0.4701478578627999
79.30000000000007; 0.4711830757576564
79.40000000000006; 0.47221550280013264
79.50000000000007; 0.47324514213774543
79.60000000000007; 0.47427199698605305
79.70000000000007; 0.47529607062755996
79.80000000000007; 0.47631736641061995
79.90000000000008; 0.47733588774835656
80.00000000000007; 0.4783516381176067
80.10000000000007; 0.4793648830674491
80.20000000000007; 0.48037536690025273
80.30000000000007; 0.48138308941165125
80.40000000000008; 0.48238805431173076
80.50000000000007; 0.4833902653690662
80.60000000000007; 0.4843897264097236
80.70000000000007; 0.48538644131627895
80.80000000000007; 0.4863804140268379
80.90000000000008; 0.48737164853407605
81.00000000000007; 0.48836014888428214
81.10000000000007; 0.489345919176415
81.20000000000007; 0.49032896356117617
81.30000000000007; 0.49130928624008263
81.40000000000008; 0.49228689146455645
81.50000000000007; 0.49326178353503064
81.60000000000007; 0.49423396680004755
81.70000000000007; 0.49520344565538427
81.80000000000007; 0.4961702245431804
81.90000000000008; 0.4971343079510821
82.00000000000007; 0.4980957004113817
82.10000000000007; 0.4990544065001837
82.20000000000007; 0.5000104308365747
82.30000000000007; 0.5009637780817933
82.40000000000008; 0.5019144529384281
82.50000000000007; 0.5028624601496062
82.60000000000008; 0.503807804498207
82.70000000000007; 0.5047504908060729
82.80000000000007; 0.5056905239332373
82.90000000000008; 0.506627908777156
83.00000000000007; 0.507562650271953
83.10000000000008; 0.5084947533876756
83.20000000000007; 0.5094242231295466
83.30000000000007; 0.5103510645372442
83.40000000000008; 0.5112752826841716
83.50000000000007; 0.5121968826767519
83.60000000000008; 0.5131158696537205
83.70000000000007; 0.5140322487854299
83.80000000000007; 0.5149460252731597
83.90000000000008; 0.5158572043484428
84.00000000000007; 0.5167657912723919
84.10000000000008; 0.5176717913350355
84.20000000000007; 0.5185752098546654
84.30000000000007; 0.5194760521771934
84.40000000000008; 0.5203743236755045
84.50000000000007; 0.5212700297488327
84.60000000000008; 0.522163175822139
84.70000000000007; 0.5230537673454922
84.80000000000007; 0.5239418097934626
84.90000000000008; 0.5248273086645232
85.00000000000007; 0.5257102694804553
85.10000000000008; 0.5265906977857708
85.20000000000007; 0.5274685991471197
85.30000000000007; 0.5283439791527368
85.40000000000008; 0.5292168434118656
85.50000000000007; 0.5300871975542076
85.60000000000008; 0.5309550472293777
85.70000000000007; 0.531820398106351
85.80000000000007; 0.5326832558729372
85.90000000000008; 0.5335436262352493
86.00000000000007; 0.5344015149171831
86.10000000000008; 0.5352569276598997
86.20000000000007; 0.5361098702213212
86.30000000000008; 0.5369603483756257
86.40000000000008; 0.5378083679127569
86.50000000000007; 0.53865393463793
86.60000000000008; 0.5394970543711531
86.70000000000007; 0.5403377329467522
86.80000000000008; 0.5411759762129001
86.90000000000008; 0.5420117900311497
87.00000000000007; 0.5428451802759839
87.10000000000008; 0.543676152834359
87.20000000000007; 0.5445047136052628
87.30000000000008; 0.5453308684992726
87.40000000000008; 0.5461546234381217
87.50000000000007; 0.5469759843542763
87.60000000000008; 0.5477949571905096
87.70000000000007; 0.5486115478994835
87.80000000000008; 0.549425762443345
87.90000000000008; 0.5502376067933172
88.00000000000007; 0.5510470869292979
88.10000000000008; 0.5518542088394719
88.20000000000007; 0.552658978519915
88.30000000000008; 0.5534614019742142
88.40000000000008; 0.5542614852130947
88.50000000000007; 0.5550592342540362
88.60000000000008; 0.5558546551209167
88.70000000000007; 0.5566477538436416
88.80000000000008; 0.5574385364577925
88.90000000000008; 0.5582270090042677
89.00000000000009; 0.5590131775289449
89.10000000000008; 0.5597970480823267
89.20000000000007; 0.5605786267192153
89.30000000000008; 0.5613579194983686
89.40000000000008; 0.5621349324821783
89.50000000000009; 0.5629096717363459
89.60000000000008; 0.5636821433295608
89.70000000000007; 0.56445235333319
89.80000000000008; 0.5652203078209659
89.90000000000008; 0.5659860128686796
90.00000000000009; 0.5667494745538868
90.10000000000008; 0.5675106989555999
90.20000000000007; 0.5682696921540095
90.30000000000008; 0.5690264602301828
90.40000000000008; 0.5697810092657917
90.50000000000009; 0.5705333453428263
90.60000000000008; 0.5712834745433221
90.70000000000007; 0.5720314029490886
90.80000000000008; 0.572777136641442
90.90000000000008; 0.5735206817009398
91.00000000000009; 0.5742620442071286
91.10000000000008; 0.5750012302382784
91.20000000000007; 0.5757382458711413
91.30000000000008; 0.576473097180698
91.40000000000008; 0.5772057902399134
91.50000000000009; 0.5779363311195004
91.60000000000008; 0.5786647258876818
91.70000000000007; 0.579390980609957
91.80000000000008; 0.5801151013488731
91.90000000000008; 0.5808370941637977
92.00000000000009; 0.5815569651107018
92.10000000000008; 0.5822747202419346
92.20000000000007; 0.5829903656060155
92.30000000000008; 0.5837039072474146
92.40000000000008; 0.5844153512063517
92.50000000000009; 0.5851247035185864
92.60000000000008; 0.5858319702152183
92.70000000000009; 0.5865371573224875
92.80000000000008; 0.5872402708615798
92.90000000000008; 0.587941316848435
93.00000000000009; 0.5886403012935573
93.10000000000008; 0.5893372302018312
93.20000000000009; 0.5900321095723345
93.30000000000008; 0.590724945398162
93.40000000000008; 0.5914157436662484
93.50000000000009; 0.5921045103571929
93.60000000000008; 0.5927912514450896
93.70000000000009; 0.5934759728973575
93.80000000000008; 0.5941586806745793
93.90000000000008; 0.5948393807303324
94.00000000000009; 0.5955180790110366
94.10000000000008; 0.5961947814557913
94.20000000000009; 0.5968694939962265
94.30000000000008; 0.5975422225563439
94.40000000000008; 0.5982129730523754
94.50000000000009; 0.5988817513926359
94.60000000000008; 0.5995485634773722
94.70000000000009; 0.6002134151986338
94.80000000000008; 0.6008763124401217
94.90000000000008; 0.6015372610770634
95.00000000000009; 0.60219626697607
95.10000000000008; 0.6028533359950132
95.20000000000009; 0.6035084739828881
95.30000000000008; 0.6041616867796962
95.40000000000009; 0.6048129802163114
95.50000000000009; 0.6054623601143643
95.60000000000008; 0.6061098322861218
95.70000000000009; 0.6067554025343694
95.80000000000008; 0.6073990766522955
95.90000000000009; 0.6080408604233796
96.00000000000009; 0.6086807596212784
96.10000000000008; 0.6093187800097221
96.20000000000009; 0.6099549273424063
96.30000000000008; 0.6105892073628847
96.40000000000009; 0.6112216258044694
96.50000000000009; 0.6118521883901331
96.60000000000008; 0.612480900832403
96.70000000000009; 0.6131077688332751
96.80000000000008; 0.6137327980841107
96.90000000000009; 0.614355994265548
97.00000000000009; 0.6149773630474129
97.10000000000008; 0.6155969100886264
97.20000000000009; 0.6162146410371232
97.30000000000008; 0.616830561529761
97.40000000000009; 0.617444677192243
97.50000000000009; 0.6180569936390331
97.60000000000008; 0.6186675164732746
97.70000000000009; 0.6192762512867203
97.80000000000008; 0.6198832036596462
97.90000000000009; 0.6204883791607851
98.00000000000009; 0.6210917833472505
98.10000000000008; 0.6216934217644663
98.20000000000009; 0.6222932999460963
98.30000000000008; 0.6228914234139773
98.40000000000009; 0.6234877976780558
98.50000000000009; 0.6240824282363164
98.60000000000008; 0.6246753205747265
98.70000000000009; 0.6252664801671703
98.80000000000008; 0.625855912475389
98.90000000000009; 0.6264436229489226
99.00000000000009; 0.6270296170250542
99.1000000000001; 0.6276139001287551
99.20000000000009; 0.6281964776726254
99.30000000000008; 0.6287773550568494
99.40000000000009; 0.6293565376691342
99.50000000000009; 0.6299340308846694
99.6000000000001; 0.6305098400660725
99.70000000000009; 0.6310839705633448
99.80000000000008; 0.6316564277138231
99.90000000000009; 0.6322272168421349
100.00000000000009; 0.6327963391409015
100.1000000000001; 0.6333636467823993
100.20000000000009; 0.6339293030528717
100.30000000000008; 0.6344933131919931
100.40000000000009; 0.6350556824269934
100.50000000000009; 0.635616415972615
100.6000000000001; 0.6361755190310683
100.70000000000009; 0.6367329967919982
100.80000000000008; 0.6372888544324448
100.90000000000009; 0.637843097116802
101.00000000000009; 0.63839572999679
101.1000000000001; 0.6389467582114121
101.20000000000009; 0.6394961868869258
101.30000000000008; 0.6400440211368118
101.40000000000009; 0.640590266061738
101.50000000000009; 0.641134926749534
101.6000000000001; 0.6416780082751593
101.70000000000009; 0.6422195157006755
101.8000000000001; 0.6427594540752186
101.90000000000009; 0.6432978284349767
102.00000000000009; 0.6438346438031578
102.1000000000001; 0.6443699051899742
102.20000000000009; 0.6449036175926124
102.3000000000001; 0.6454357859952147
102.40000000000009; 0.6459664153688565
102.50000000000009; 0.6464955106715262
102.6000000000001; 0.6470230768481057
102.70000000000009; 0.647549118830355
102.8000000000001; 0.6480736415368891
102.90000000000009; 0.648596649873163
103.00000000000009; 0.6491181487314621
103.1000000000001; 0.6496381429908761
103.20000000000009; 0.6501566375172945
103.3000000000001; 0.6506736371633884
103.40000000000009; 0.6511891467686
103.50000000000009; 0.6517031711591286
103.6000000000001; 0.6522157151479235
103.70000000000009; 0.6527267835346703
103.8000000000001; 0.6532363811057827
103.90000000000009; 0.6537445126343943
104.00000000000009; 0.6542511828803508
104.1000000000001; 0.6547563965902025
104.20000000000009; 0.6552601584971989
104.3000000000001; 0.6557624733212811
104.40000000000009; 0.6562633457690782
104.50000000000009; 0.6567627805339052
104.6000000000001; 0.6572607822957526
104.70000000000009; 0.6577573557212936
104.8000000000001; 0.6582525054638702
104.90000000000009; 0.6587462361635035
105.00000000000009; 0.6592385524468822
105.1000000000001; 0.6597294589273716
105.20000000000009; 0.6602189602050051
105.3000000000001; 0.6607070608664919
105.40000000000009; 0.661193765485216
105.5000000000001; 0.6616790786212385
105.6000000000001; 0.6621630048212994
105.70000000000009; 0.6626455486188232
105.8000000000001; 0.6631267145339189
105.90000000000009; 0.6636065070733905
106.0000000000001; 0.6640849307307348
106.1000000000001; 0.6645619899861533
106.20000000000009; 0.6650376893065547
106.3000000000001; 0.6655120331455614
106.40000000000009; 0.6659850259435187
106.5000000000001; 0.666456672127501
106.6000000000001; 0.6669269761113188
106.70000000000009; 0.6673959422955302
106.8000000000001; 0.6678635750674495
106.90000000000009; 0.6683298788011522
107.0000000000001; 0.6687948578574925
107.1000000000001; 0.6692585165841075
107.20000000000009; 0.6697208593154319
107.3000000000001; 0.6701818903727057
107.40000000000009; 0.6706416140639921
107.5000000000001; 0.671100034684182
107.6000000000001; 0.6715571565150152
107.70000000000009; 0.6720129838250847
107.8000000000001; 0.6724675208698584
107.90000000000009; 0.6729207718916863
108.0000000000001; 0.6733727411198208
108.1000000000001; 0.6738234327704246
108.2000000000001; 0.6742728510465931
108.3000000000001; 0.6747210001383648
108.40000000000009; 0.6751678842227387
108.5000000000001; 0.6756135074636913
108.6000000000001; 0.6760578740121921
108.7000000000001; 0.6765009880062199
108.8000000000001; 0.6769428535707824
108.90000000000009; 0.6773834748179328
109.0000000000001; 0.6778228558467848
109.1000000000001; 0.6782610007435352
109.2000000000001; 0.6786979135814822
109.3000000000001; 0.6791335984210393
109.40000000000009; 0.6795680593097602
109.5000000000001; 0.6800013002823558
109.6000000000001; 0.6804333253607142
109.7000000000001; 0.6808641385539216
109.8000000000001; 0.6812937438582807
109.90000000000009; 0.6817221452573331
110.0000000000001; 0.6821493467218808
110.1000000000001; 0.6825753522100046
110.2000000000001; 0.6830001656670887
110.3000000000001; 0.6834237910258413
110.40000000000009; 0.6838462322063145
110.5000000000001; 0.6842674931159318
110.6000000000001; 0.684687577649505
110.7000000000001; 0.6851064896892587
110.8000000000001; 0.6855242331048551
110.90000000000009; 0.6859408117534155
111.0000000000001; 0.6863562294795431
111.1000000000001; 0.6867704901153496
111.2000000000001; 0.6871835974804763
111.3000000000001; 0.6875955553821178
111.40000000000009; 0.6880063676150484
111.5000000000001; 0.6884160379616459
111.6000000000001; 0.6888245701919145
111.7000000000001; 0.6892319680635137
111.8000000000001; 0.6896382353217793
111.9000000000001; 0.6900433756997496
112.0000000000001; 0.6904473929181926
112.1000000000001; 0.6908502906856311
112.2000000000001; 0.6912520726983656
112.3000000000001; 0.6916527426405048
112.4000000000001; 0.692052304183988
112.5000000000001; 0.6924507609886144
112.6000000000001; 0.6928481167020664
112.7000000000001; 0.6932443749599384
112.8000000000001; 0.6936395393857636
112.9000000000001; 0.6940336135910398
113.0000000000001; 0.6944266011752569
113.1000000000001; 0.6948185057259231
113.2000000000001; 0.6952093308185967
113.3000000000001; 0.6955990800169065
113.4000000000001; 0.6959877568725846
113.5000000000001; 0.696375364925493
113.6000000000001; 0.6967619077036495
113.7000000000001; 0.6971473887232594
113.8000000000001; 0.6975318114887393
113.9000000000001; 0.6979151794927476
114.0000000000001; 0.698297496216215
114.1000000000001; 0.6986787651283675
114.2000000000001; 0.6990589896867592
114.3000000000001; 0.6994381733372993
114.4000000000001; 0.6998163195142822
114.5000000000001; 0.7001934316404148
114.60000000000011; 0.7005695131268455
114.7000000000001; 0.7009445673731929
114.8000000000001; 0.7013185977675773
114.9000000000001; 0.7016916076866483
115.0000000000001; 0.7020636004956124
115.10000000000011; 0.7024345795482648
115.2000000000001; 0.7028045481870174
115.3000000000001; 0.7031735097429294
115.4000000000001; 0.7035414675357361
115.5000000000001; 0.7039084248738784
115.60000000000011; 0.7042743850545331
115.7000000000001; 0.7046393513636432
115.8000000000001; 0.705003327075944
115.9000000000001; 0.7053663154550003
116.0000000000001; 0.7057283197532274
116.10000000000011; 0.7060893432119284
116.2000000000001; 0.7064493890613214
116.3000000000001; 0.7068084605205678
116.4000000000001; 0.707166560797805
116.5000000000001; 0.7075236930901778
116.60000000000011; 0.7078798605838647
116.7000000000001; 0.7082350664541096
116.8000000000001; 0.7085893138652547
116.9000000000001; 0.7089426059707675
117.0000000000001; 0.7092949459132738
117.10000000000011; 0.7096463368245842
117.2000000000001; 0.7099967818257298
117.3000000000001; 0.7103462840269897
117.4000000000001; 0.7106948465279207
117.5000000000001; 0.71104247241739
117.60000000000011; 0.7113891647736038
117.7000000000001; 0.7117349266641405
117.8000000000001; 0.7120797611459778
117.9000000000001; 0.7124236712655259
118.0000000000001; 0.712766660058658
118.10000000000011; 0.7131087305507389
118.2000000000001; 0.7134498857566588
118.30000000000011; 0.7137901286808609
118.4000000000001; 0.714129462317373
118.5000000000001; 0.7144678896498405
118.60000000000011; 0.7148054136515543
118.7000000000001; 0.7151420372854816
118.80000000000011; 0.7154777635042976
118.9000000000001; 0.715812595250417
119.0000000000001; 0.7161465354560231
119.10000000000011; 0.7164795870430987
119.2000000000001; 0.7168117529234581
119.30000000000011; 0.7171430359987753
119.4000000000001; 0.7174734391606181
119.5000000000001; 0.7178029652904748
119.60000000000011; 0.7181316172597899
119.7000000000001; 0.7184593979299897
119.80000000000011; 0.718786310152515
119.9000000000001; 0.7191123567688525
120.0000000000001; 0.7194375406105653
120.10000000000011; 0.7197618644993224
120.2000000000001; 0.7200853312469291
120.30000000000011; 0.7204079436553601
120.4000000000001; 0.7207297045167855
120.5000000000001; 0.7210506166136083
120.60000000000011; 0.7213706827184867
120.7000000000001; 0.7216899055943699
120.80000000000011; 0.7220082879945291
120.9000000000001; 0.722325832662583
121.00000000000011; 0.7226425423325349
121.10000000000011; 0.7229584197287953
121.2000000000001; 0.7232734675662209
121.30000000000011; 0.7235876885501377
121.4000000000001; 0.7239010853763744
121.50000000000011; 0.7242136607312929
121.60000000000011; 0.7245254172918191
121.7000000000001; 0.7248363577254697
121.80000000000011; 0.7251464846903873
121.9000000000001; 0.725455800835366
122.00000000000011; 0.725764308799884
122.10000000000011; 0.7260720112141338
122.2000000000001; 0.7263789106990505
122.30000000000011; 0.726685009866344
122.4000000000001; 0.7269903113185265
122.50000000000011; 0.7272948176489458
122.60000000000011; 0.7275985314418109
122.7000000000001; 0.7279014552722246
122.80000000000011; 0.7282035917062134
122.9000000000001; 0.7285049433007567
123.00000000000011; 0.7288055126038155
123.10000000000011; 0.729105302154364
123.2000000000001; 0.7294043144824159
123.30000000000011; 0.7297025521090587
123.4000000000001; 0.7300000175464803
123.50000000000011; 0.7302967132979972
123.60000000000011; 0.7305926418580871
123.7000000000001; 0.7308878057124173
123.80000000000011; 0.7311822073378723
123.9000000000001; 0.7314758492025839
124.00000000000011; 0.7317687337659621
124.10000000000011; 0.7320608634787226
124.2000000000001; 0.7323522407829158
124.30000000000011; 0.732642868111957
124.4000000000001; 0.7329327478906545
124.50000000000011; 0.7332218825352386
124.60000000000011; 0.7335102744533907
124.70000000000012; 0.7337979260442732
124.80000000000011; 0.7340848396985566
124.9000000000001; 0.7343710177984476
125.00000000000011; 0.734656462717722
125.10000000000011; 0.734941176821748
125.20000000000012; 0.7352251624675183
125.30000000000011; 0.7355084220036768
125.4000000000001; 0.7357909577705494
125.50000000000011; 0.7360727721001682
125.60000000000011; 0.7363538673163045
125.70000000000012; 0.7366342457344945
125.80000000000011; 0.7369139096620678
125.9000000000001; 0.7371928613981754
126.00000000000011; 0.737471103233818
126.10000000000011; 0.7377486374518755
126.20000000000012; 0.7380254663271326
126.30000000000011; 0.7383015921263075
126.4000000000001; 0.7385770171080805
126.50000000000011; 0.738851743523121
126.60000000000011; 0.7391257736141155
126.70000000000012; 0.7393991096157959
126.80000000000011; 0.7396717537549649
126.9000000000001; 0.7399437082505272
127.00000000000011; 0.7402149753135129
127.10000000000011; 0.7404855571471072
127.20000000000012; 0.7407554559466782
127.30000000000011; 0.7410246738998029
127.40000000000012; 0.7412932131862938
127.50000000000011; 0.741561075978229
127.60000000000011; 0.7418282644399753
127.70000000000012; 0.7420947807282183
127.80000000000011; 0.7423606269919877
127.90000000000012; 0.742625805372686
128.0000000000001; 0.7428903180041118
128.1000000000001; 0.7431541670124907
128.2000000000001; 0.7434173545164989
128.30000000000013; 0.7436798826272907
128.40000000000012; 0.7439417534485263
128.5000000000001; 0.7442029690763965
128.6000000000001; 0.7444635315996494
128.7000000000001; 0.7447234430996178
128.80000000000013; 0.744982705650244
128.90000000000012; 0.7452413213181073
129.0000000000001; 0.7454992921624489
129.1000000000001; 0.7457566202351996
129.2000000000001; 0.7460133075810033
129.30000000000013; 0.7462693562372449
129.40000000000012; 0.7465247682340769
129.5000000000001; 0.7467795455944409
129.6000000000001; 0.7470336903340988
129.7000000000001; 0.7472872044616554
129.80000000000013; 0.747540089978583
129.90000000000012; 0.7477923488792493
130.0000000000001; 0.7480439831509413
130.1000000000001; 0.7482949947738924
130.2000000000001; 0.7485453857213044
130.30000000000013; 0.7487951579593755
130.40000000000012; 0.7490443134473252
130.5000000000001; 0.7492928541374173
130.6000000000001; 0.7495407819749879
130.7000000000001; 0.7497880988984673
130.80000000000013; 0.7500348068394078
130.90000000000012; 0.7502809077225048
131.0000000000001; 0.7505264034656248
131.1000000000001; 0.7507712959798295
131.2000000000001; 0.7510155871693978
131.30000000000013; 0.7512592789318545
131.40000000000012; 0.75150237315799
131.5000000000001; 0.7517448717318882
131.6000000000001; 0.7519867765309497
131.7000000000001; 0.7522280894259142
131.80000000000013; 0.7524688122808889
131.90000000000012; 0.7527089469533679
132.0000000000001; 0.752948495294258
132.1000000000001; 0.7531874591479035
132.2000000000001; 0.7534258403521092
132.30000000000013; 0.753663640738164
132.40000000000012; 0.7539008621308647
132.5000000000001; 0.75413750634854
132.6000000000001; 0.7543735752030729
132.70000000000013; 0.7546090704999263
132.80000000000013; 0.7548439940381639
132.90000000000012; 0.7550783476104751
133.0000000000001; 0.7553121330031977
133.1000000000001; 0.7555453519963412
133.20000000000013; 0.7557780063636105
133.30000000000013; 0.7560100978724273
133.40000000000012; 0.7562416282839549
133.5000000000001; 0.7564725993531197
133.6000000000001; 0.7567030128286348
133.70000000000013; 0.7569328704530228
133.80000000000013; 0.7571621739626374
133.90000000000012; 0.7573909250876877
134.0000000000001; 0.7576191255522591
134.1000000000001; 0.7578467770743365
134.20000000000013; 0.7580738813658272
134.30000000000013; 0.7583004401325811
134.40000000000012; 0.7585264550744165
134.5000000000001; 0.7587519278851389
134.6000000000001; 0.7589768602525648
134.70000000000013; 0.759201253858543
134.80000000000013; 0.7594251103789769
134.90000000000012; 0.759648431483847
135.0000000000001; 0.7598712188372311
135.1000000000001; 0.7600934740973275
135.20000000000013; 0.7603151989164766
135.30000000000013; 0.7605363949411803
135.40000000000012; 0.7607570638121274
135.5000000000001; 0.7609772071642111
135.6000000000001; 0.761196826626553
135.70000000000013; 0.7614159238225243
135.80000000000013; 0.7616345003697642
135.90000000000012; 0.7618525578802051
136.0000000000001; 0.7620700979600913
136.1000000000001; 0.7622871222099997
136.20000000000013; 0.762503632224862
136.30000000000013; 0.7627196295939853
136.40000000000012; 0.7629351159010724
136.5000000000001; 0.7631500927242427
136.6000000000001; 0.7633645616360542
136.70000000000013; 0.7635785242035205
136.80000000000013; 0.7637919819881369
136.90000000000012; 0.7640049365458946
137.0000000000001; 0.7642173894273063
137.1000000000001; 0.7644293421774235
137.20000000000013; 0.7646407963358586
137.30000000000013; 0.7648517534368023
137.40000000000012; 0.7650622150090473
137.5000000000001; 0.7652721825760055
137.6000000000001; 0.7654816576557304
137.70000000000013; 0.7656906417609344
137.80000000000013; 0.7658991363990101
137.90000000000012; 0.7661071430720506
138.0000000000001; 0.7663146632768676
138.1000000000001; 0.7665216985050125
138.20000000000013; 0.7667282502427953
138.30000000000013; 0.7669343199713041
138.40000000000012; 0.7671399091664244
138.5000000000001; 0.7673450192988592
138.60000000000014; 0.7675496518341475
138.70000000000013; 0.7677538082326827
138.80000000000013; 0.7679574899497352
138.90000000000012; 0.7681606984354669
139.0000000000001; 0.7683634351349532
139.10000000000014; 0.7685657014882016
139.20000000000013; 0.7687674989301699
139.30000000000013; 0.7689688288907852
139.40000000000012; 0.7691696927949631
139.5000000000001; 0.7693700920626256
139.60000000000014; 0.7695700281087201
139.70000000000013; 0.7697695023432387
139.80000000000013; 0.7699685161712359
139.90000000000012; 0.7701670709928465
140.0000000000001; 0.7703651682033053
140.10000000000014; 0.7705628091929643
140.20000000000013; 0.7707599953473109
140.30000000000013; 0.7709567280469882
140.40000000000012; 0.7711530086678091
140.5000000000001; 0.7713488385807789
140.60000000000014; 0.7715442191521091
140.70000000000013; 0.771739151743238
140.80000000000013; 0.7719336377108482
140.90000000000012; 0.7721276784068831
141.0000000000001; 0.772321275178566
141.10000000000014; 0.7725144293684165
141.20000000000013; 0.7727071423142691
141.30000000000013; 0.7728994153492912
141.40000000000012; 0.7730912498019984
141.5000000000001; 0.7732826469962747
141.60000000000014; 0.7734736082513863
141.70000000000013; 0.7736641348820029
141.80000000000013; 0.7738542281982117
141.90000000000012; 0.7740438895055364
142.0000000000001; 0.7742331201049534
142.10000000000014; 0.7744219212929093
142.20000000000013; 0.7746102943613371
142.30000000000013; 0.7747982405976748
142.40000000000012; 0.774985761284879
142.5000000000001; 0.7751728577014462
142.60000000000014; 0.7753595311214244
142.70000000000013; 0.7755457828144343
142.80000000000013; 0.7757316140456839
142.90000000000012; 0.7759170260759839
143.0000000000001; 0.776102020161766
143.10000000000014; 0.7762865975550988
143.20000000000013; 0.7764707595037036
143.30000000000013; 0.7766545072509715
143.40000000000012; 0.7768378420359789
143.5000000000001; 0.7770207650935042
143.60000000000014; 0.7772032776540431
143.70000000000013; 0.7773853809438256
143.80000000000013; 0.7775670761848319
143.90000000000012; 0.777748364594807
144.0000000000001; 0.7779292473872786
144.10000000000014; 0.7781097257715716
144.20000000000013; 0.778289800952824
144.30000000000013; 0.7784694741320025
144.40000000000012; 0.7786487465059184
144.5000000000001; 0.7788276192672442
144.60000000000014; 0.779006093604526
144.70000000000013; 0.7791841707022025
144.80000000000013; 0.779361851740618
144.90000000000012; 0.7795391378960401
145.0000000000001; 0.7797160303406716
145.10000000000014; 0.7798925302426688
145.20000000000013; 0.7800686387661548
145.30000000000013; 0.7802443570712365
145.40000000000012; 0.7804196863140171
145.50000000000014; 0.7805946276466132
145.60000000000014; 0.7807691822171687
145.70000000000013; 0.7809433511698703
145.80000000000013; 0.781117135644962
145.90000000000012; 0.7812905367787596
146.00000000000014; 0.7814635557036659
146.10000000000014; 0.7816361935481849
146.20000000000013; 0.7818084514369371
146.30000000000013; 0.7819803304906737
146.40000000000012; 0.782151831826291
146.50000000000014; 0.7823229565568443
146.60000000000014; 0.7824937057915633
146.70000000000013; 0.7826640806358662
146.80000000000013; 0.7828340821913737
146.90000000000012; 0.7830037115559232
147.00000000000014; 0.7831729698235831
147.10000000000014; 0.7833418580846664
147.20000000000013; 0.7835103774257464
147.30000000000013; 0.7836785289296685
147.40000000000012; 0.7838463136755665
147.50000000000014; 0.7840137327388736
147.60000000000014; 0.7841807871913388
147.70000000000013; 0.7843474781010406
147.80000000000013; 0.7845138065323979
147.90000000000012; 0.7846797735461883
148.00000000000014; 0.7848453801995569
148.10000000000014; 0.785010627546033
148.20000000000013; 0.7851755166355439
148.30000000000013; 0.7853400485144252
148.40000000000012; 0.7855042242254385
148.50000000000014; 0.7856680448077811
148.60000000000014; 0.7858315112971009
148.70000000000013; 0.7859946247255111
148.80000000000013; 0.7861573861216006
148.90000000000012; 0.7863197965104485
149.00000000000014; 0.7864818569136381
149.10000000000014; 0.7866435683492691
149.20000000000013; 0.7868049318319695
149.30000000000013; 0.7869659483729121
149.40000000000012; 0.7871266189798225
149.50000000000014; 0.7872869446569959
149.60000000000014; 0.7874469264053091
149.70000000000013; 0.7876065652222314
149.80000000000013; 0.7877658621018403
149.90000000000012; 0.7879248180348315
150.00000000000014; 0.7880834340085331
150.10000000000014; 0.7882417165339438
150.20000000000013; 0.788399661127544
150.30000000000013; 0.7885572686870693
150.40000000000012; 0.7887145401863345
150.50000000000014; 0.7888714765958525
150.60000000000014; 0.7890280788828499
150.70000000000013; 0.7891843480112759
150.80000000000013; 0.7893402849418165
150.90000000000012; 0.7894958906319064
151.00000000000014; 0.7896511660357401
151.10000000000014; 0.7898061121042855
151.20000000000013; 0.7899607297852941
151.30000000000013; 0.7901150200233146
151.40000000000015; 0.7902689837597036
151.50000000000014; 0.7904226219326387
151.60000000000014; 0.7905759354771295
151.70000000000013; 0.7907289253250285
151.80000000000013; 0.7908815924050447
151.90000000000015; 0.7910339376427553
152.00000000000014; 0.7911859619606143
152.10000000000014; 0.7913376662779676
152.20000000000013; 0.7914890515110639
152.30000000000013; 0.791640118573064
152.40000000000015; 0.7917908683740547
152.50000000000014; 0.7919413018210588
152.60000000000014; 0.7920914198180473
152.70000000000013; 0.7922412232659514
152.80000000000013; 0.7923907130626705
152.90000000000015; 0.7925398901030879
153.00000000000014; 0.7926887552790792
153.10000000000014; 0.7928373094795236
153.20000000000013; 0.7929855535903159
153.30000000000013; 0.7931334884943776
153.40000000000015; 0.7932811150716669
153.50000000000014; 0.7934284341991908
153.60000000000014; 0.7935754467510154
153.70000000000013; 0.7937221535982776
153.80000000000013; 0.7938685556091934
153.90000000000015; 0.7940146536490736
154.00000000000014; 0.7941604485803289
154.10000000000014; 0.7943059412624854
154.20000000000013; 0.794451132552192
154.30000000000013; 0.7945960233032328
154.40000000000015; 0.7947406143665372
154.50000000000014; 0.7948849065901907
154.60000000000014; 0.7950289008194453
154.70000000000013; 0.7951725978967289
154.80000000000013; 0.7953159986616584
154.90000000000015; 0.7954591039510474
155.00000000000014; 0.7956019145989184
155.10000000000014; 0.7957444314365109
155.20000000000013; 0.7958866552922952
155.30000000000013; 0.7960285869919794
155.40000000000015; 0.796170227358521
155.50000000000014; 0.7963115772121367
155.60000000000014; 0.7964526373703138
155.70000000000013; 0.7965934086478177
155.80000000000013; 0.7967338918567047
155.90000000000015; 0.7968740878063298
156.00000000000014; 0.7970139973033588
156.10000000000014; 0.7971536211517759
156.20000000000013; 0.797292960152896
156.30000000000013; 0.7974320151053719
156.40000000000015; 0.7975707868052071
156.50000000000014; 0.7977092760457626
156.60000000000014; 0.7978474836177697
156.70000000000013; 0.7979854103093367
156.80000000000013; 0.7981230569059603
156.90000000000015; 0.7982604241905353
157.00000000000014; 0.7983975129433638
157.10000000000014; 0.7985343239421641
157.20000000000013; 0.7986708579620818
157.30000000000013; 0.7988071157756972
157.40000000000015; 0.798943098153037
157.50000000000014; 0.7990788058615823
157.60000000000014; 0.7992142396662775
157.70000000000013; 0.799349400329541
157.80000000000013; 0.7994842886112745
157.90000000000015; 0.7996189052688705
158.00000000000014; 0.7997532510572237
158.10000000000014; 0.7998873267287389
158.20000000000013; 0.8000211330333392
158.30000000000015; 0.8001546707184785
158.40000000000015; 0.8002879405291473
158.50000000000014; 0.8004209432078825
158.60000000000014; 0.8005536794947776
158.70000000000013; 0.8006861501274906
158.80000000000015; 0.8008183558412528
158.90000000000015; 0.8009502973688791
159.00000000000014; 0.801081975440775
159.10000000000014; 0.8012133907849466
159.20000000000013; 0.8013445441270093
159.30000000000015; 0.8014754361901968
159.40000000000015; 0.8016060676953681
159.50000000000014; 0.8017364393610193
159.60000000000014; 0.8018665519032898
159.70000000000013; 0.8019964060359706
159.80000000000015; 0.8021260024705158
159.90000000000015; 0.8022553419160483
160.00000000000014; 0.8023844250793695
