energy (keV); transmission
1.0; 0.0
1.1; 0.0
1.2000000000000002; 0.0
1.3000000000000003; 0.0
1.4000000000000004; 0.0
1.5000000000000004; 0.0
1.6000000000000005; 0.0
1.7000000000000006; 0.0
1.8000000000000007; 0.0
1.9000000000000008; 0.0
2.000000000000001; 0.0
2.100000000000001; 0.0
2.200000000000001; 0.0
2.300000000000001; 0.0
2.4000000000000012; 0.0
2.5000000000000013; 0.0
2.6000000000000014; 0.0
2.7000000000000015; 0.0
2.8000000000000016; 0.0
2.9000000000000017; 0.0
3.0000000000000018; 0.0
3.100000000000002; 0.0
3.200000000000002; 0.0
3.300000000000002; 1.523896112e-314
3.400000000000002; 2.1877400556673777e-290
3.500000000000002; 1.0166971153396085e-268
3.6000000000000023; 3.180780722682015e-249
3.7000000000000024; 1.2473491781551132e-231
3.8000000000000025; 1.0418610464240326e-215
3.9000000000000026; 2.919062954465176e-201
4.000000000000003; 4.054657014220387e-188
4.100000000000003; 5.7175493211840324e-176
4.200000000000003; 7.086283523644426e-165
4.3000000000000025; 1.0031419831784636e-154
4.400000000000003; 2.0385102539297605e-145
4.5000000000000036; 7.263629679573958e-137
4.600000000000003; 5.4094967960926984e-129
4.700000000000003; 9.828169228423305e-122
4.800000000000003; 4.99325559210045e-115
4.900000000000004; 8.005089638168107e-109
5.0000000000000036; 4.508150778463588e-103
5.100000000000003; 1.1277560213702272e-97
5.200000000000004; 1.1669616084444411e-92
5.300000000000004; 5.400209691803553e-88
5.400000000000004; 1.1984077010229789e-83
5.5000000000000036; 1.3578016683879373e-79
5.600000000000004; 8.308960559460414e-76
5.700000000000005; 2.8889621599690446e-72
5.800000000000004; 5.974109619510597e-69
5.900000000000004; 7.657390882875669e-66
6.000000000000004; 8.72700004099843e-115
6.100000000000005; 2.5554913381078723e-112
6.200000000000005; 1.6083199864195038e-109
6.300000000000004; 1.8990764333403205e-106
6.400000000000005; 3.6540469333362194e-103
6.500000000000005; 9.97773857958538e-100
6.600000000000005; 4.2664822830000886e-98
6.700000000000005; 1.880245923538258e-94
6.800000000000005; 8.215336805547497e-91
6.900000000000006; 3.259973064669679e-87
7.000000000000005; 1.0925333887832763e-83
7.100000000000005; 2.9171396662151114e-80
7.2000000000000055; 4.509637185098119e-238
7.300000000000006; 1.0734436612785302e-229
7.400000000000006; 1.0954062656579531e-221
7.500000000000005; 4.910498350523219e-214
7.600000000000006; 9.938163513446522e-207
7.700000000000006; 9.351717545878872e-200
7.800000000000006; 4.218984172820469e-193
7.900000000000006; 9.415224065905465e-187
8.000000000000007; 1.0723207875288256e-180
8.100000000000007; 6.478379970924651e-175
8.200000000000006; 2.1462552122202183e-169
8.300000000000006; 4.0500239214731504e-164
8.400000000000006; 4.929234879736639e-180
8.500000000000007; 1.3078851263991073e-174
8.600000000000007; 2.06137224169689e-169
8.700000000000006; 1.9881093778635685e-164
8.800000000000008; 1.2059751122176256e-159
8.900000000000007; 4.719423033032427e-155
9.000000000000007; 1.2199452964737993e-150
9.100000000000007; 2.129255518526825e-146
9.200000000000006; 2.5611745715494378e-142
9.300000000000008; 2.1640787780776392e-138
9.400000000000007; 1.307641946345034e-134
9.500000000000007; 5.745808451768441e-131
9.600000000000009; 1.864957891943844e-127
9.700000000000008; 4.537648661339198e-124
9.800000000000008; 8.391420499871056e-121
9.900000000000007; 1.1948687154159662e-117
10.000000000000007; 1.3261298941571373e-114
10.100000000000009; 1.1615483055157306e-111
10.200000000000008; 8.10005078383733e-109
10.300000000000008; 4.539292206808072e-106
10.40000000000001; 2.06249960283506e-103
10.500000000000009; 7.662598254263812e-101
10.600000000000009; 2.3465606249002565e-98
10.700000000000008; 5.968891725583294e-96
10.800000000000008; 1.2703957355244156e-93
10.90000000000001; 2.2782318236497916e-91
11.000000000000009; 3.465463639946434e-89
11.100000000000009; 4.4997514692830355e-87
11.20000000000001; 5.0178053687717683e-85
11.30000000000001; 4.833405376691275e-83
11.40000000000001; 4.0439945708273986e-81
11.500000000000009; 2.9544945733024584e-79
11.600000000000009; 1.8943814842904472e-77
11.70000000000001; 1.0711830314387647e-75
11.80000000000001; 5.366377197319988e-74
11.90000000000001; 2.3924487874208424e-72
12.00000000000001; 9.532096066689136e-71
12.10000000000001; 3.4078507143169553e-69
12.20000000000001; 1.0975055377681055e-67
12.30000000000001; 3.1958297595812143e-66
12.40000000000001; 8.444240546814126e-65
12.50000000000001; 2.031527187555121e-63
12.60000000000001; 4.4647135541167555e-62
12.70000000000001; 8.991641804992717e-61
12.800000000000011; 1.6644423294244917e-59
12.900000000000011; 2.8401401814817972e-58
13.00000000000001; 4.479797900090013e-57
13.10000000000001; 6.549117782976115e-56
13.20000000000001; 8.896618898399845e-55
13.300000000000011; 1.1257788961675598e-53
13.400000000000011; 1.3301275928984654e-52
13.50000000000001; 1.4707256024610228e-51
13.600000000000012; 1.52516179666093e-50
13.700000000000012; 1.4864738063218033e-49
13.800000000000011; 1.3643690228321364e-48
13.900000000000011; 1.181632423203461e-47
14.00000000000001; 9.674301505515534e-47
14.100000000000012; 7.50107667643996e-46
14.200000000000012; 5.5175358154958387e-45
14.300000000000011; 3.8566217745097595e-44
14.400000000000013; 2.5656959390900707e-43
14.500000000000012; 1.627083293654813e-42
14.600000000000012; 9.850685081258335e-42
14.700000000000012; 5.70160509739384e-41
14.800000000000011; 3.1593757203394984e-40
14.900000000000013; 1.678249740620493e-39
15.000000000000012; 8.556970323005141e-39
15.100000000000012; 4.1943243069331173e-38
15.200000000000014; 1.978206978477115e-37
15.300000000000013; 8.987897827913728e-37
15.400000000000013; 3.9383251438513127e-36
15.500000000000012; 1.666113438357664e-35
15.600000000000012; 6.812280840639165e-35
15.700000000000014; 2.694725592121208e-34
15.800000000000013; 1.0322715190725447e-33
15.900000000000013; 3.833002308392165e-33
16.000000000000014; 1.380841704570792e-32
16.100000000000016; 4.8304603611724377e-32
16.200000000000014; 1.642252215679284e-31
16.30000000000001; 5.430653444875707e-31
16.400000000000013; 1.7481038417036314e-30
16.500000000000014; 5.481703991879462e-30
16.600000000000016; 1.6757770192097335e-29
16.700000000000014; 4.997783953266998e-29
16.800000000000015; 1.4551148369468775e-28
16.900000000000013; 4.138696683604202e-28
17.000000000000014; 1.1506809016024663e-27
17.100000000000016; 3.129251249747621e-27
17.200000000000014; 8.328764847973044e-27
17.300000000000015; 2.1708375312128595e-26
17.400000000000013; 5.544014324839432e-26
17.500000000000014; 1.3880578061853643e-25
17.600000000000016; 3.4088294174961713e-25
17.700000000000014; 8.215585722727998e-25
17.800000000000015; 1.9441123956872467e-24
17.900000000000016; 4.519194798136843e-24
18.000000000000014; 1.0324247021164718e-23
18.100000000000016; 2.3190379745915727e-23
18.200000000000017; 5.1238683474753804e-23
18.300000000000015; 1.114067124470525e-22
18.400000000000016; 2.3846525381524185e-22
18.500000000000014; 5.027022915680461e-22
18.600000000000016; 1.0440831135285272e-21
18.700000000000017; 2.1372687881683765e-21
18.800000000000015; 4.313597767436173e-21
18.900000000000016; 8.586742993368369e-21
19.000000000000014; 1.686448057398277e-20
19.100000000000016; 3.269009418475576e-20
19.200000000000017; 6.256001928808386e-20
19.300000000000015; 1.182360232990559e-19
19.400000000000016; 2.2075258971826624e-19
19.500000000000018; 4.0727886594740497e-19
19.600000000000016; 7.42730703005576e-19
19.700000000000017; 1.3391959730563616e-18
19.80000000000002; 2.388067219042774e-18
19.900000000000016; 4.2126143920365274e-18
20.000000000000018; 7.353083719637717e-18
20.100000000000016; 9.631825082221523e-19
20.200000000000017; 1.7004183211224104e-18
20.30000000000002; 2.970913792133032e-18
20.400000000000016; 5.1382381467483815e-18
20.500000000000018; 8.798898915387765e-18
20.600000000000016; 1.4922089787008884e-17
20.700000000000017; 2.50676061254316e-17
20.80000000000002; 4.172247799577066e-17
20.900000000000016; 6.881625018922132e-17
21.000000000000018; 1.1250267820088264e-16
21.10000000000002; 1.8233524270617239e-16
21.200000000000017; 2.9301981420875645e-16
21.30000000000002; 4.670060464321414e-16
21.40000000000002; 7.382876272486008e-16
21.500000000000018; 1.1579308663754854e-15
21.60000000000002; 1.802054929948832e-15
21.700000000000017; 2.783263022804759e-15
21.80000000000002; 4.266894629104776e-15
21.90000000000002; 6.493963357075195e-15
22.000000000000018; 9.813299322504779e-15
22.10000000000002; 1.4726274803232417e-14
22.200000000000017; 2.1948613536531872e-14
22.30000000000002; 3.2495237042283215e-14
22.40000000000002; 4.779597075446695e-14
22.500000000000018; 6.985232171534281e-14
22.60000000000002; 1.01448572440168e-13
22.70000000000002; 1.4643426096672685e-13
22.80000000000002; 2.1009991159025827e-13
22.90000000000002; 2.9967385245450284e-13
23.00000000000002; 4.249753486115691e-13
23.10000000000002; 5.992683754923322e-13
23.20000000000002; 8.403714846869702e-13
23.30000000000002; 1.1720927459722642e-12
23.40000000000002; 1.6260751127687712e-12
23.50000000000002; 2.244157234180692e-12
23.60000000000002; 3.081378265777208e-12
23.70000000000002; 4.2097832152520005e-12
23.80000000000002; 5.723218463876901e-12
23.90000000000002; 7.743346061396329e-12
24.00000000000002; 1.0427150997607629e-11
24.10000000000002; 1.3976268770417339e-11
24.20000000000002; 1.8648522123031614e-11
24.300000000000022; 2.4772126797234892e-11
24.40000000000002; 3.276310758591439e-11
24.50000000000002; 4.314655895458222e-11
24.600000000000023; 5.658249016781841e-11
24.70000000000002; 7.389711436105004e-11
24.800000000000022; 9.612057551786673e-11
24.90000000000002; 1.2453225802951541e-10
25.00000000000002; 1.6071499159524723e-10
25.100000000000023; 2.0661965081070868e-10
25.20000000000002; 2.6464185497896053e-10
25.300000000000022; 3.377127004874737e-10
25.40000000000002; 4.294057064594777e-10
25.50000000000002; 5.440624251255807e-10
25.600000000000023; 6.86939462158326e-10
25.70000000000002; 8.643799695846617e-10
25.800000000000022; 1.084013015180029e-09
25.900000000000023; 1.3549845975757853e-09
26.00000000000002; 1.6882244655779469e-09
26.100000000000023; 2.09675331303693e-09
26.200000000000024; 2.596035356400369e-09
26.300000000000022; 3.2043817598873132e-09
26.400000000000023; 3.9434108518143996e-09
26.50000000000002; 4.838571573444942e-09
26.600000000000023; 5.919737116884287e-09
26.700000000000024; 7.221876238858191e-09
26.800000000000022; 8.785810280042963e-09
26.900000000000023; 1.0659064472126432e-08
27.00000000000002; 1.2896822673673694e-08
27.100000000000023; 1.556299523764157e-08
27.200000000000024; 1.8731410274113122e-08
27.300000000000022; 2.2487139127342556e-08
27.400000000000023; 2.692796743217022e-08
27.500000000000025; 3.2166023646411164e-08
27.600000000000023; 3.832957746834289e-08
27.700000000000024; 4.556502103654595e-08
27.800000000000026; 5.4039046268148555e-08
27.900000000000023; 6.394103211561985e-08
28.000000000000025; 7.548565590611165e-08
28.100000000000023; 8.891574326608381e-08
28.200000000000024; 1.0450537142173222e-07
28.300000000000026; 1.2256324089774934e-07
28.400000000000023; 1.4343633080802948e-07
28.500000000000025; 1.6751385303701258e-07
28.600000000000023; 1.9523152064538144e-07
28.700000000000024; 2.2707614579354002e-07
28.800000000000026; 2.6359058235780825e-07
28.900000000000023; 3.053790282133376e-07
29.000000000000025; 3.531127018708333e-07
29.100000000000026; 4.0753590777976846e-07
29.200000000000024; 4.6947250414547464e-07
29.300000000000026; 5.398327865507712e-07
29.400000000000027; 6.196208000211692e-07
29.500000000000025; 7.099420914309355e-07
29.600000000000026; 8.120119133066818e-07
29.700000000000024; 9.271638891580362e-07
29.800000000000026; 1.0568591494395728e-06
29.900000000000027; 1.202695946138999e-06
30.000000000000025; 1.366419752786927e-06
30.100000000000026; 1.5500087930632029e-06
30.200000000000024; 1.755479353006198e-06
30.300000000000026; 1.985085774562079e-06
30.400000000000027; 2.241276175294917e-06
30.500000000000025; 2.5267040757093354e-06
30.600000000000026; 2.8442414844373294e-06
30.700000000000028; 3.196992474485766e-06
30.800000000000026; 3.5883072447893835e-06
30.900000000000027; 4.021796659520076e-06
31.00000000000003; 4.501347255780706e-06
31.100000000000026; 5.0311367084553935e-06
31.200000000000028; 5.6156497391351096e-06
31.300000000000026; 6.25969445415726e-06
31.400000000000027; 6.968419094934397e-06
31.50000000000003; 7.74732918188709e-06
31.600000000000026; 8.602305031453883e-06
31.700000000000028; 9.539619623842892e-06
31.800000000000026; 1.0565956797412852e-05
31.900000000000027; 1.1688429743825427e-05
32.00000000000003; 1.291459977645263e-05
32.10000000000002; 1.4252495342884154e-05
32.20000000000003; 1.571063125082632e-05
32.300000000000026; 1.7298028075219168e-05
32.40000000000003; 1.9024231712985502e-05
32.50000000000003; 2.0899333050530545e-05
32.60000000000003; 2.2933987707874794e-05
32.70000000000003; 2.513943582221447e-05
32.800000000000026; 2.7527521832678325e-05
32.90000000000003; 3.011071422713646e-05
33.00000000000003; 3.2902125211159994e-05
33.10000000000003; 3.591553025852639e-05
33.20000000000003; 3.91653875021397e-05
33.300000000000026; 4.266685692378282e-05
33.40000000000003; 4.6435819300847345e-05
33.50000000000003; 5.048889486794917e-05
33.60000000000003; 5.4843461651375056e-05
33.70000000000003; 5.9517673434253464e-05
33.800000000000026; 6.453047731067409e-05
33.90000000000003; 6.990163078718718e-05
34.00000000000003; 7.565171839066541e-05
34.10000000000003; 8.180216774194326e-05
34.20000000000003; 8.837526505549237e-05
34.30000000000003; 9.539417002607443e-05
34.40000000000003; 0.00010288293006424099
34.50000000000003; 0.00011086649384365466
34.60000000000003; 0.00011937072412419029
34.70000000000003; 0.00012842240981618527
34.80000000000003; 0.0001380492772522815
34.90000000000003; 0.0001482800006350341
35.00000000000003; 0.00015914421162959897
35.10000000000003; 0.00017067250807267426
35.20000000000003; 0.00018289646177041272
35.30000000000003; 0.00019584862535960843
35.400000000000034; 0.00020956253820856026
35.50000000000003; 0.0002240727313353959
35.60000000000003; 0.00023941473132401233
35.70000000000003; 0.00025562506321925296
35.80000000000003; 0.00027274125238520454
35.900000000000034; 0.0002908018253124154
36.00000000000003; 0.000309846309361657
36.10000000000003; 0.00032991523143422765
36.20000000000003; 0.00035105011556044814
36.30000000000003; 0.0003732934794003175
36.400000000000034; 0.00039668882965222335
36.50000000000003; 0.0004212806563676221
36.60000000000003; 0.00044711442617162254
36.70000000000003; 0.00047423657439151976
36.80000000000003; 0.0005026944960970935
36.900000000000034; 0.0005325365360584944
37.00000000000003; 0.0005638119776297881
37.10000000000003; 0.0005965710305673887
37.20000000000003; 0.0006308648177952479
37.30000000000003; 0.0006667453611298326
37.400000000000034; 0.0007042655659800563
37.500000000000036; 0.0007434792050385243
37.60000000000003; 0.0007844409009830525
37.70000000000003; 0.0008272061082075018
37.80000000000003; 0.0008718310936040294
37.900000000000034; 0.0009183729164190275
38.000000000000036; 0.0009668894072072377
38.10000000000003; 0.001017439145909447
38.20000000000003; 0.0010700814390803056
38.30000000000003; 0.0011248762962944186
38.400000000000034; 0.0011818844057591262
38.500000000000036; 0.0012411671091646585
38.60000000000004; 0.001302786375801564
38.70000000000003; 0.0013668047759782982
38.80000000000003; 0.0014332854537701637
38.900000000000034; 0.001502292099133911
39.000000000000036; 0.0015738889194211005
39.10000000000004; 0.0016481406103251114
39.20000000000003; 0.0017251123262959677
39.30000000000003; 0.001804869650459238
39.400000000000034; 0.0018874785640734274
39.500000000000036; 0.0019730054155626393
39.60000000000004; 0.0020615168891601845
39.70000000000003; 0.0021530799731988583
39.80000000000003; 0.0022477619280851847
39.900000000000034; 0.002345630253992584
40.000000000000036; 0.0024467519018373076
40.10000000000004; 0.0025511399564000204
40.20000000000003; 0.00265891426433467
40.30000000000003; 0.002770142868753455
40.400000000000034; 0.002884893891289644
40.500000000000036; 0.003003235499131721
40.60000000000004; 0.003125235872026287
40.70000000000004; 0.0032509631692818376
40.80000000000003; 0.003380485496808478
40.900000000000034; 0.003513870874223655
41.000000000000036; 0.0036511872020581065
41.10000000000004; 0.0037925022290919647
41.20000000000004; 0.003937883519851257
41.30000000000003; 0.004087398422296026
41.400000000000034; 0.004241114035728323
41.500000000000036; 0.0043990971789478
41.60000000000004; 0.00456141435868503
41.70000000000004; 0.00472813173833574
41.80000000000004; 0.004899315107024928
41.900000000000034; 0.005075029849025174
42.000000000000036; 0.005255340913551764
42.10000000000004; 0.0054403127849606235
42.20000000000004; 0.005630009453369956
42.30000000000004; 0.005824494385726064
42.400000000000034; 0.006023830497338117
42.500000000000036; 0.006228080123895366
42.60000000000004; 0.006437304993991826
42.70000000000004; 0.00665156620217237
42.80000000000004; 0.006870924182517565
42.900000000000034; 0.007095438682785537
43.000000000000036; 0.007325168739122693
43.10000000000004; 0.007560172651360235
43.20000000000004; 0.007800507958907787
43.30000000000004; 0.008046231417257323
43.400000000000034; 0.008297398975108873
43.500000000000036; 0.008554065752126984
43.60000000000004; 0.008816286017340457
43.70000000000004; 0.009084113168191193
43.80000000000004; 0.009357599710240914
43.90000000000004; 0.009636797237542813
44.000000000000036; 0.009921756413686072
44.10000000000004; 0.010212526953514609
44.20000000000004; 0.010509157605527182
44.30000000000004; 0.010811696134963944
44.40000000000004; 0.011120189307578649
44.500000000000036; 0.011434682874100799
44.60000000000004; 0.01175522155539018
44.70000000000004; 0.012081849028282566
44.80000000000004; 0.012414607912126797
44.90000000000004; 0.012753539756014032
45.00000000000004; 0.013098685026696344
45.10000000000004; 0.013450083097193971
45.20000000000004; 0.013807772236086516
45.30000000000004; 0.01417178959748833
45.40000000000004; 0.01454217121170022
45.50000000000004; 0.014918951976536053
45.60000000000004; 0.015302165649319655
45.70000000000004; 0.015691844839544444
45.80000000000004; 0.01608802100218944
45.90000000000004; 0.016490724431691525
46.00000000000004; 0.016899984256556592
46.10000000000004; 0.017315828434613732
46.20000000000004; 0.01773828374889599
46.30000000000004; 0.01816737580414499
46.40000000000004; 0.018603129023927318
46.50000000000004; 0.019045566648357302
46.60000000000004; 0.0194947107324154
46.70000000000004; 0.01995058214485335
46.80000000000004; 0.020413200567674736
46.90000000000004; 0.020882584496183784
47.00000000000004; 0.02135875123959026
47.100000000000044; 0.021841716922162222
47.20000000000004; 0.02233149648491099
47.30000000000004; 0.022828103687806345
47.40000000000004; 0.023331551112500404
47.50000000000004; 0.023841850165557055
47.600000000000044; 0.024359011082174163
47.70000000000004; 0.02488304293038173
47.80000000000004; 0.025413953615713573
47.90000000000004; 0.025951749886332778
48.00000000000004; 0.026496437338603733
48.100000000000044; 0.02704802042309548
48.200000000000045; 0.02760650245101119
48.30000000000004; 0.028171885601023836
48.40000000000004; 0.028744170926510642
48.50000000000004; 0.029323358363173367
48.600000000000044; 0.02990944673703389
48.700000000000045; 0.03050243377279129
48.80000000000004; 0.03110231610252948
48.90000000000004; 0.03170908927476269
49.00000000000004; 0.03232274776380714
49.100000000000044; 0.03294328497947179
49.200000000000045; 0.03357069327704528
49.30000000000004; 0.03420496396758161
49.40000000000004; 0.03484608732846282
49.50000000000004; 0.0354940526142265
49.600000000000044; 0.03614884806766097
49.700000000000045; 0.03681046093113337
49.80000000000004; 0.03747887745816391
49.90000000000004; 0.03815408292521918
50.00000000000004; 0.03883606164371484
50.100000000000044; 0.03952504777154465
50.200000000000045; 0.04022078106689259
50.30000000000005; 0.040923240321663334
50.40000000000004; 0.04163240613584817
50.50000000000004; 0.04234825820669573
50.600000000000044; 0.04307077534176919
50.700000000000045; 0.04379993547214475
50.80000000000005; 0.0445357156657416
50.90000000000004; 0.0452780921407737
51.00000000000004; 0.046027040279312585
51.100000000000044; 0.046782534640953
51.200000000000045; 0.0475445489765727
51.30000000000005; 0.04831305624217564
51.40000000000005; 0.04908802861281594
51.50000000000004; 0.049869437496580335
51.600000000000044; 0.05065725354864079
51.700000000000045; 0.051451446685350226
51.80000000000005; 0.05225198609838428
51.90000000000005; 0.05305884026892065
52.00000000000004; 0.05387197698183947
52.100000000000044; 0.054691363339952496
52.200000000000045; 0.055516965778239835
52.30000000000005; 0.05634875007809371
52.40000000000005; 0.057186681381562715
52.50000000000004; 0.0580307242055892
52.600000000000044; 0.058880842456228696
52.700000000000045; 0.05973699944285115
52.80000000000005; 0.06059915789232087
52.90000000000005; 0.061467279963134815
53.00000000000004; 0.062341327259528664
53.100000000000044; 0.06322126084553822
53.200000000000045; 0.06410704125901047
53.30000000000005; 0.0649986285255608
53.40000000000005; 0.0658959821724703
53.50000000000005; 0.06679906124251828
53.600000000000044; 0.0677078243077498
53.700000000000045; 0.06862222948315896
53.80000000000005; 0.06954223444030624
53.90000000000005; 0.07046779642084562
54.00000000000005; 0.07139887224996859
54.100000000000044; 0.07233541834975286
54.200000000000045; 0.07327739075242572
54.30000000000005; 0.07422474511352004
54.40000000000005; 0.0751774367249334
54.50000000000005; 0.07613542052788601
54.60000000000005; 0.07709865112576052
54.700000000000045; 0.07806708279684295
54.80000000000005; 0.07904066950694286
54.90000000000005; 0.08001936492189606
55.00000000000005; 0.08100312241995654
55.10000000000005; 0.0819918951040537
55.200000000000045; 0.08298563581393817
55.30000000000005; 0.08398429713819663
55.40000000000005; 0.08498783142613306
55.50000000000005; 0.08599619079953058
55.60000000000005; 0.08700932716427486
55.700000000000045; 0.08802719222184181
55.80000000000005; 0.08904973748065445
55.90000000000005; 0.09007691426730347
56.00000000000005; 0.09110867373762223
56.10000000000005; 0.0921449668876357
56.200000000000045; 0.09318574456435141
56.30000000000005; 0.0942309574764266
56.40000000000005; 0.09528055620467774
56.50000000000005; 0.09633449121245696
56.60000000000005; 0.09739271285587671
56.70000000000005; 0.09845517139389831
56.80000000000005; 0.09952181699826579
56.90000000000005; 0.10059259976329478
57.00000000000005; 0.10166746971552504
57.10000000000005; 0.10274637682321457
57.20000000000005; 0.10382927100568874
57.30000000000005; 0.10491610214255118
57.40000000000005; 0.10600682008273561
57.50000000000005; 0.10710137465341281
57.60000000000005; 0.1081997156687627
57.70000000000005; 0.10930179293857878
57.800000000000054; 0.11040755627674259
57.90000000000005; 0.11151695550954532
58.00000000000005; 0.11262994048385641
58.10000000000005; 0.1137464610751621
58.20000000000005; 0.11486646719544007
58.300000000000054; 0.11598990880090047
58.40000000000005; 0.11711673589958208
58.50000000000005; 0.11824689855879944
58.60000000000005; 0.11938034691244477
58.70000000000005; 0.12051703116816154
58.800000000000054; 0.1216569016143535
58.90000000000005; 0.12279990862707463
59.00000000000005; 0.12394600267676152
59.10000000000005; 0.1250951343348385
59.20000000000005; 0.1262472542801763
59.300000000000054; 0.1274023133054174
59.40000000000005; 0.12856026232315962
59.50000000000005; 0.12972105237201095
59.60000000000005; 0.13088463462250413
59.70000000000005; 0.13205096038287797
59.800000000000054; 0.13321998110472916
59.900000000000055; 0.1343916483885337
60.00000000000005; 0.1355659139890255
60.10000000000005; 0.13674251635748205
60.20000000000005; 0.13792161972217235
60.300000000000054; 0.13910317630301752
60.400000000000055; 0.14028713847440671
60.50000000000005; 0.14147345879027023
60.60000000000005; 0.1426620899887361
60.70000000000005; 0.14385298499667495
60.800000000000054; 0.1450460969341141
60.900000000000055; 0.14624137911854232
61.00000000000006; 0.14743878506908728
61.10000000000005; 0.14863826851057987
61.20000000000005; 0.1498397833775039
61.300000000000054; 0.15104328381783008
61.400000000000055; 0.15224872419673213
61.50000000000006; 0.15345605910020543
61.60000000000005; 0.1546652433385574
61.70000000000005; 0.15587623194980046
61.800000000000054; 0.15708898020293416
61.900000000000055; 0.15830344360112855
62.00000000000006; 0.15951957788478272
62.10000000000005; 0.16073733903450704
62.20000000000005; 0.16195668327398358
62.300000000000054; 0.16317756707273107
62.400000000000055; 0.16439994714878028
62.50000000000006; 0.16562378047123338
62.60000000000005; 0.16684902426274859
62.70000000000005; 0.16807563600191214
62.800000000000054; 0.16930357342552516
62.900000000000055; 0.17053279453080333
63.00000000000006; 0.17176325757747102
63.10000000000006; 0.1729949210897836
63.20000000000005; 0.1742277438584495
63.300000000000054; 0.17546168494247072
63.400000000000055; 0.176696703670902
63.50000000000006; 0.17793275964451985
63.60000000000006; 0.1791698127374081
63.70000000000005; 0.1804078230984755
63.800000000000054; 0.1816467511528788
63.900000000000055; 0.182886557603373
64.00000000000006; 0.1841272034315929
64.10000000000005; 0.18536864989924515
64.20000000000006; 0.1866108585492341
64.30000000000005; 0.1878537912067197
64.40000000000006; 0.18909740998009275
64.50000000000006; 0.1903416772618858
64.60000000000005; 0.19158655572962
64.70000000000006; 0.1928320083465722
64.80000000000005; 0.1940779983624876
64.90000000000006; 0.19532448931422686
65.00000000000006; 0.1965714450263317
65.10000000000005; 0.19781882961155914
65.20000000000006; 0.19906660747132238
65.30000000000005; 0.2003147432960924
65.40000000000006; 0.20156320206573838
65.50000000000006; 0.20281194904979588
65.60000000000005; 0.20406094980769915
65.70000000000006; 0.2053101701889457
65.80000000000005; 0.20655957633320365
65.90000000000006; 0.20780913467037676
66.00000000000006; 0.20905881192061496
66.10000000000005; 0.21030857509426262
66.20000000000006; 0.21155839149177463
66.30000000000005; 0.2128082287035715
66.40000000000006; 0.2140580546098518
66.50000000000006; 0.21530783738035533
66.60000000000005; 0.21655754547408487
66.70000000000006; 0.21780714763898443
66.80000000000005; 0.219056612911564
66.90000000000006; 0.22030591061649962
67.00000000000006; 0.22155501036616868
67.10000000000007; 0.22280388206017585
67.20000000000006; 0.2240524958848042
67.30000000000005; 0.22530082231246268
67.40000000000006; 0.22654883210106552
67.50000000000006; 0.22779649629340212
67.60000000000007; 0.22904378621644939
67.70000000000006; 0.23029067348066287
67.80000000000005; 0.23153712997923087
67.90000000000006; 0.23278312788729727
68.00000000000006; 0.23402863966114487
68.10000000000007; 0.23527363803735787
68.20000000000006; 0.23651809603194968
68.30000000000005; 0.2377619869394588
68.40000000000006; 0.23900528433202248
68.50000000000006; 0.24024796205841714
68.60000000000007; 0.24148999424307482
68.70000000000006; 0.2427313552850714
68.80000000000005; 0.24397201985709135
68.90000000000006; 0.24521196290437036
69.00000000000006; 0.24645115964360625
69.10000000000007; 0.24768958556185455
69.20000000000006; 0.2489272164153999
69.30000000000005; 0.25016402822860545
69.40000000000006; 0.2513999972927355
69.50000000000006; 0.25263510016477
69.60000000000007; 0.2538693136661905
69.70000000000006; 0.2551026148817498
69.80000000000007; 0.2563349811582215
69.90000000000006; 0.2575663901031368
70.00000000000006; 0.25879681958349954
70.10000000000007; 0.2600262477244853
70.20000000000006; 0.26125465290813116
70.30000000000007; 0.2624820137720022
70.40000000000006; 0.2637083092078436
70.50000000000006; 0.26493351836023066
70.60000000000007; 0.2661576206251875
70.70000000000006; 0.2673805956488133
70.80000000000007; 0.26860242332587103
70.90000000000006; 0.2698230837983938
71.00000000000006; 0.2710425574542546
71.10000000000007; 0.2722608249257418
71.20000000000006; 0.2734778670881161
71.30000000000007; 0.27469366505816145
71.40000000000006; 0.27590820019272305
71.50000000000006; 0.27712145408724465
71.60000000000007; 0.2783334085742879
71.70000000000006; 0.27954404572205177
71.80000000000007; 0.2807533478328795
71.90000000000006; 0.28196129744175913
72.00000000000006; 0.28316787731482124
72.10000000000007; 0.28437307044783156
72.20000000000006; 0.285576860064668
72.30000000000007; 0.28677922961580693
72.40000000000006; 0.28798016277678745
72.50000000000006; 0.2891796434466956
72.60000000000007; 0.29037765574661323
72.70000000000006; 0.2915741840180953
72.80000000000007; 0.2927692128216181
72.90000000000006; 0.2939627269350397
73.00000000000006; 0.2951547113520532
73.10000000000007; 0.29634515128063416
73.20000000000006; 0.29753403214149676
73.30000000000007; 0.29872133956653324
73.40000000000006; 0.29990705939726753
73.50000000000007; 0.3010911776832961
73.60000000000007; 0.30227368068073096
73.70000000000006; 0.30345455485065076
73.80000000000007; 0.3046337868575385
73.90000000000006; 0.30581136356773087
74.00000000000007; 0.3069872720478608
74.10000000000007; 0.3081614995633006
74.20000000000006; 0.3093340335766153
74.30000000000007; 0.310504861746004
74.40000000000006; 0.311673971923756
74.50000000000007; 0.31284135215469466
74.60000000000007; 0.31400699067463717
74.70000000000006; 0.3151708759088486
74.80000000000007; 0.31633299647049457
74.90000000000006; 0.31749334115910877
75.00000000000007; 0.3186518989590555
75.10000000000007; 0.3198086590379917
75.20000000000006; 0.3209636107453425
75.30000000000007; 0.322116743610769
75.40000000000006; 0.3232680473426503
75.50000000000007; 0.3244175118265624
75.60000000000007; 0.32556512712376257
75.70000000000006; 0.3267108834696775
75.80000000000007; 0.3278547712724023
75.90000000000006; 0.3289967811111874
76.00000000000007; 0.33013690373495785
76.10000000000007; 0.33127513006080117
76.20000000000007; 0.33241145117249893
76.30000000000007; 0.33354585831902817
76.40000000000006; 0.33467834291309867
76.50000000000007; 0.3358088965296702
76.60000000000007; 0.3369375109044909
76.70000000000007; 0.33806417793263843
76.80000000000007; 0.339188889667062
76.90000000000006; 0.3403116383171372
77.00000000000007; 0.34143241624722254
77.10000000000007; 0.3425512159752156
77.20000000000007; 0.3436680301711364
77.30000000000007; 0.3447828516556941
77.40000000000006; 0.34589567339886784
77.50000000000007; 0.3470064885185064
77.60000000000007; 0.3481152902789097
77.70000000000007; 0.3492220720894456
77.80000000000007; 0.3503268275031467
77.90000000000006; 0.3514295502153355
78.00000000000007; 0.3525302340622412
78.10000000000007; 0.3536288730196364
78.20000000000007; 0.3547254612014659
78.30000000000007; 0.3558199928584987
78.40000000000006; 0.35691246237697677
78.50000000000007; 0.3580028642772731
78.60000000000007; 0.3590911932125596
78.70000000000007; 0.36017744396747886
78.80000000000007; 0.3612616114568307
78.90000000000006; 0.3623436907242514
79.00000000000007; 0.3634236769409204
79.10000000000007; 0.3645015654042585
79.20000000000007; 0.36557735153664056
79.30000000000007; 0.3666510308841137
79.40000000000006; 0.3677225991151282
79.50000000000007; 0.3687920520192694
79.60000000000007; 0.3698593855059986
79.70000000000007; 0.3709245956034106
79.80000000000007; 0.37198767845698527
79.90000000000008; 0.3730486303283531
80.00000000000007; 0.3741074475940805
80.10000000000007; 0.37516440015249086
80.20000000000007; 0.3762192144130042
80.30000000000007; 0.3772718830533791
80.40000000000008; 0.37832240288125046
80.50000000000007; 0.37937077081312126
80.60000000000007; 0.3804169838731856
80.70000000000007; 0.3814610391921666
80.80000000000007; 0.38250293400615143
80.90000000000008; 0.38354266565544437
81.00000000000007; 0.3845802315834207
81.10000000000007; 0.38561562933539045
81.20000000000007; 0.3866488565574772
81.30000000000007; 0.38767991099549254
81.40000000000008; 0.38870879049382656
81.50000000000007; 0.38973549299435223
81.60000000000007; 0.39076001653531905
81.70000000000007; 0.39178235925027294
81.80000000000007; 0.39280251936697563
81.90000000000008; 0.3938204952063394
82.00000000000007; 0.39483628518135344
82.10000000000007; 0.395849887796038
82.20000000000007; 0.39686130164439815
82.30000000000007; 0.39787052540937606
82.40000000000008; 0.3988775578618322
82.50000000000007; 0.3998823978595127
82.60000000000008; 0.4008850443460416
82.70000000000007; 0.40188549634991005
82.80000000000007; 0.40288375298347906
82.90000000000008; 0.4038798134419862
83.00000000000007; 0.4048736770025648
83.10000000000008; 0.405865343023272
83.20000000000007; 0.40685481094211173
83.30000000000007; 0.40784208027608543
83.40000000000008; 0.40882715062023106
83.50000000000007; 0.40981002164668695
83.60000000000008; 0.41079069310375144
83.70000000000007; 0.41176916481495524
83.80000000000007; 0.4127454366781375
83.90000000000008; 0.41371950866453805
84.00000000000007; 0.4146913808178879
84.10000000000008; 0.4156610532535117
84.20000000000007; 0.4166285261574371
84.30000000000007; 0.4175937997855162
84.40000000000008; 0.4185568744625413
84.50000000000007; 0.419517750581384
84.60000000000008; 0.4204764286021347
84.70000000000007; 0.4214329090512463
84.80000000000007; 0.422387192520689
84.90000000000008; 0.42333927966711343
85.00000000000007; 0.4242891712110176
85.10000000000008; 0.4252368679359309
85.20000000000007; 0.42618237068758164
85.30000000000007; 0.427125680373106
85.40000000000008; 0.4280667979602329
85.50000000000007; 0.4290057244764935
85.60000000000008; 0.429942461008439
85.70000000000007; 0.4308770087008476
85.80000000000007; 0.43180936875596093
85.90000000000008; 0.4327395424327137
86.00000000000007; 0.43366753104597533
86.10000000000008; 0.4345933359657942
86.20000000000007; 0.4355169586166552
86.30000000000008; 0.43643840047673715
86.40000000000008; 0.43735766307718565
86.50000000000007; 0.43827474800138055
86.60000000000008; 0.4391896568842225
86.70000000000007; 0.44010239141141994
86.80000000000008; 0.4410129533187835
86.90000000000008; 0.4419213443915223
87.00000000000007; 0.4428275664635604
87.10000000000008; 0.44373162141684425
87.20000000000007; 0.44463351118066796
87.30000000000008; 0.44553323773099646
87.40000000000008; 0.4464308030897997
87.50000000000007; 0.44732620932439693
87.60000000000008; 0.4482194585467991
87.70000000000007; 0.4491105529130587
87.80000000000008; 0.4499994946226357
87.90000000000008; 0.4508862859177591
88.00000000000007; 0.451770929082795
88.10000000000008; 0.4526534264436312
88.20000000000007; 0.4535337803670524
88.30000000000008; 0.45441199326013343
88.40000000000008; 0.45528806756963947
88.50000000000007; 0.4561620057814165
88.60000000000008; 0.4570338104198101
88.70000000000007; 0.45790348404706993
88.80000000000008; 0.45877102926277497
88.90000000000008; 0.45963644870325127
89.00000000000009; 0.4604997450410126
89.10000000000008; 0.461360920984185
89.20000000000007; 0.46221997927596065
89.30000000000008; 0.4630769226940348
89.40000000000008; 0.4639317540500651
89.50000000000009; 0.46478447618912977
89.60000000000008; 0.465635091989189
89.70000000000007; 0.4664836043605583
89.80000000000008; 0.4673300162453812
89.90000000000008; 0.4681743306171084
90.00000000000009; 0.469016550479991
90.10000000000008; 0.4698566788685583
90.20000000000007; 0.47069471884713027
90.30000000000008; 0.4715306735093038
90.40000000000008; 0.4723645459774712
90.50000000000009; 0.4731963394023262
90.60000000000008; 0.47402605696238265
90.70000000000007; 0.4748537018634964
90.80000000000008; 0.4756792773383926
90.90000000000008; 0.4765027866461951
91.00000000000009; 0.4773242330719714
91.10000000000008; 0.4781436199262634
91.20000000000007; 0.4789609505446442
91.30000000000008; 0.47977622828726474
91.40000000000008; 0.4805894565384088
91.50000000000009; 0.48140063870605837
91.60000000000008; 0.4822097782214581
91.70000000000007; 0.4830168785386844
91.80000000000008; 0.48382194313422244
91.90000000000008; 0.4846249755065424
92.00000000000009; 0.48542597917569047
92.10000000000008; 0.48622495768287
92.20000000000007; 0.4870219145900421
92.30000000000008; 0.48781685347951614
92.40000000000008; 0.4886097779535587
92.50000000000009; 0.48940069163399585
92.60000000000008; 0.4901895981618254
92.70000000000009; 0.49097650119683117
92.80000000000008; 0.49176140441720334
92.90000000000008; 0.4925443115191619
93.00000000000009; 0.4933252262165845
93.10000000000008; 0.4941041522406399
93.20000000000009; 0.4948810933394203
93.30000000000008; 0.49565605327758366
93.40000000000008; 0.49642903583599973
93.50000000000009; 0.4972000448113953
93.60000000000008; 0.49796908401600776
93.70000000000009; 0.4987361572772403
93.80000000000008; 0.499501268437325
93.90000000000008; 0.5002644213529804
94.00000000000009; 0.5010256198950871
94.10000000000008; 0.5017848679483526
94.20000000000009; 0.5025421694109922
94.30000000000008; 0.5032975281944004
94.40000000000008; 0.5040509482228416
94.50000000000009; 0.5048024334331346
94.60000000000008; 0.5055519877743355
94.70000000000009; 0.5062996152074445
94.80000000000008; 0.5070453197050878
94.90000000000008; 0.5077891052512319
95.00000000000009; 0.5085309758408771
95.10000000000008; 0.5092709354797745
95.20000000000009; 0.5100089881841273
95.30000000000008; 0.5107451379803164
95.40000000000009; 0.511479388904607
95.50000000000009; 0.5122117450028767
95.60000000000008; 0.5129422103303389
95.70000000000009; 0.5136707889512704
95.80000000000008; 0.5143974849387415
95.90000000000009; 0.5151223023743516
96.00000000000009; 0.5158452453479634
96.10000000000008; 0.5165663179574478
96.20000000000009; 0.5172855243084276
96.30000000000008; 0.5180028685140187
96.40000000000009; 0.5187183546945854
96.50000000000009; 0.5194319869774943
96.60000000000008; 0.520143769496862
96.70000000000009; 0.5208537063933261
96.80000000000008; 0.5215618018137965
96.90000000000009; 0.5222680599112247
97.00000000000009; 0.5229724848443732
97.10000000000008; 0.5236750807775806
97.20000000000009; 0.5243758518805427
97.30000000000008; 0.5250748023280802
97.40000000000009; 0.5257719362999258
97.50000000000009; 0.5264672579805001
97.60000000000008; 0.527160771558696
97.70000000000009; 0.5278524812276735
97.80000000000008; 0.5285423911846385
97.90000000000009; 0.5292305056306439
98.00000000000009; 0.5299168287703813
98.10000000000008; 0.5306013648119795
98.20000000000009; 0.5312841179668034
98.30000000000008; 0.531965092449258
98.40000000000009; 0.5326442924765968
98.50000000000009; 0.5333217222687222
98.60000000000008; 0.5339973860480041
98.70000000000009; 0.5346712880390881
98.80000000000008; 0.5353434324687113
98.90000000000009; 0.5360138235655194
99.00000000000009; 0.5366824655598886
99.1000000000001; 0.5373493626837496
99.20000000000009; 0.5380145191704052
99.30000000000008; 0.538677939254367
99.40000000000009; 0.5393396271711741
99.50000000000009; 0.5399995871572341
99.6000000000001; 0.5406578234496515
99.70000000000009; 0.541314340286067
99.80000000000008; 0.5419691419044923
99.90000000000009; 0.5426222325431513
100.00000000000009; 0.5432736117249946
100.1000000000001; 0.5439231083466578
100.20000000000009; 0.5445709074564985
100.30000000000008; 0.5452170132547755
100.40000000000009; 0.5458614299416762
100.50000000000009; 0.5465041617171649
100.6000000000001; 0.5471452127808285
100.70000000000009; 0.5477845873317367
100.80000000000008; 0.5484222895682953
100.90000000000009; 0.5490583236880989
101.00000000000009; 0.5496926938877984
101.1000000000001; 0.5503254043629529
101.20000000000009; 0.5509564593078973
101.30000000000008; 0.5515858629156093
101.40000000000009; 0.5522136193775704
101.50000000000009; 0.5528397328836395
101.6000000000001; 0.5534642076219207
101.70000000000009; 0.5540870477786357
101.8000000000001; 0.5547082575379968
101.90000000000009; 0.5553278410820874
102.00000000000009; 0.5559458025907309
102.1000000000001; 0.55656214624138
102.20000000000009; 0.5571768762089897
102.3000000000001; 0.5577899966659037
102.40000000000009; 0.5584015117817376
102.50000000000009; 0.5590114257232652
102.6000000000001; 0.5596197426543055
102.70000000000009; 0.5602264667356155
102.8000000000001; 0.5608316021247753
102.90000000000009; 0.5614351529760824
103.00000000000009; 0.5620371234404524
103.1000000000001; 0.5626375176653022
103.20000000000009; 0.5632363397944585
103.3000000000001; 0.5638335939680507
103.40000000000009; 0.5644292843224125
103.50000000000009; 0.5650234149899827
103.6000000000001; 0.5656159900992114
103.70000000000009; 0.5662070137744609
103.8000000000001; 0.5667964901359135
103.90000000000009; 0.5673844232994784
104.00000000000009; 0.5679708173767021
104.1000000000001; 0.5685556764746772
104.20000000000009; 0.5691390046959559
104.3000000000001; 0.5697208061384603
104.40000000000009; 0.5703010848953988
104.50000000000009; 0.5708798450551845
104.6000000000001; 0.5714570907013439
104.70000000000009; 0.5720328259124478
104.8000000000001; 0.5726070547620167
104.90000000000009; 0.5731797813184565
105.00000000000009; 0.5737510096449676
105.1000000000001; 0.5743207437994797
105.20000000000009; 0.574888987834567
105.3000000000001; 0.5754557457973806
105.40000000000009; 0.576021021729574
105.5000000000001; 0.5765848196672314
105.6000000000001; 0.5771471436407962
105.70000000000009; 0.5777079976750045
105.8000000000001; 0.5782673857888124
105.90000000000009; 0.5788253119953365
106.0000000000001; 0.5793817803017793
106.1000000000001; 0.579936794709373
106.20000000000009; 0.5804903592133103
106.3000000000001; 0.581042477802683
106.40000000000009; 0.5815931544604234
106.5000000000001; 0.5821423931632412
106.6000000000001; 0.582690197881564
106.70000000000009; 0.583236572579482
106.8000000000001; 0.5837815212146906
106.90000000000009; 0.5843250477384287
107.0000000000001; 0.584867156095433
107.1000000000001; 0.585407850223876
107.20000000000009; 0.5859471340553168
107.3000000000001; 0.5864850115146463
107.40000000000009; 0.5870214865200416
107.5000000000001; 0.5875565629829075
107.6000000000001; 0.588090244807837
107.70000000000009; 0.5886225358925526
107.8000000000001; 0.5891534401278693
107.90000000000009; 0.5896829613976391
108.0000000000001; 0.5902111035787131
108.1000000000001; 0.590737870540889
108.2000000000001; 0.5912632661468757
108.3000000000001; 0.5917872942522445
108.40000000000009; 0.5923099587053886
108.5000000000001; 0.5928312633474833
108.6000000000001; 0.5933512120124442
108.7000000000001; 0.5938698085268873
108.8000000000001; 0.5943870567100924
108.90000000000009; 0.5949029603739645
109.0000000000001; 0.5954175233229935
109.1000000000001; 0.5959307493542226
109.2000000000001; 0.5964426422572129
109.3000000000001; 0.5969532058140021
109.40000000000009; 0.5974624437990784
109.5000000000001; 0.5979703599793433
109.6000000000001; 0.5984769581140801
109.7000000000001; 0.5989822419549224
109.8000000000001; 0.5994862152458221
109.90000000000009; 0.5999888817230195
110.0000000000001; 0.6004902451150157
110.1000000000001; 0.6009903091425403
110.2000000000001; 0.601489077518526
110.3000000000001; 0.6019865539480813
110.40000000000009; 0.6024827421284602
110.5000000000001; 0.6029776457490423
110.6000000000001; 0.6034712684913015
110.7000000000001; 0.6039636140287824
110.8000000000001; 0.6044546860270793
110.90000000000009; 0.6049444881438096
111.0000000000001; 0.6054330240285919
111.1000000000001; 0.6059202973230247
111.2000000000001; 0.6064063116606637
111.3000000000001; 0.6068910706669999
111.40000000000009; 0.6073745779594409
111.5000000000001; 0.607856837147291
111.6000000000001; 0.6083378518317294
111.7000000000001; 0.6088176256057968
111.8000000000001; 0.6092961620543714
111.9000000000001; 0.6097734647541543
112.0000000000001; 0.6102495372736527
112.1000000000001; 0.6107243831731645
112.2000000000001; 0.6111980060047574
112.3000000000001; 0.61167040931226
112.4000000000001; 0.6121415966312428
112.5000000000001; 0.6126115714890062
112.6000000000001; 0.6130803374045646
112.7000000000001; 0.6135478978886341
112.8000000000001; 0.6140142564436207
112.9000000000001; 0.6144794165636067
113.0000000000001; 0.6149433817343396
113.1000000000001; 0.6154061554332186
113.2000000000001; 0.6158677411292907
113.3000000000001; 0.6163281422832301
113.4000000000001; 0.6167873623473362
113.5000000000001; 0.6172454047655217
113.6000000000001; 0.6177022729733019
113.7000000000001; 0.6181579703977902
113.8000000000001; 0.6186125004576855
113.9000000000001; 0.6190658665632665
114.0000000000001; 0.6195180721163875
114.1000000000001; 0.6199691205104657
114.2000000000001; 0.6204190151304786
114.3000000000001; 0.6208677593529575
114.4000000000001; 0.6213153565459821
114.5000000000001; 0.6217618100691753
114.60000000000011; 0.622207123273697
114.7000000000001; 0.6226512995022402
114.8000000000001; 0.6230943420890296
114.9000000000001; 0.6235362543598157
115.0000000000001; 0.623977039631871
115.10000000000011; 0.6244167012139882
115.2000000000001; 0.6248552424064774
115.3000000000001; 0.6252926665011648
115.4000000000001; 0.6257289767813901
115.5000000000001; 0.6261641765220047
115.60000000000011; 0.6265982689893718
115.7000000000001; 0.6270312574413653
115.8000000000001; 0.6274631451273668
115.9000000000001; 0.6278939352882721
116.0000000000001; 0.6283236311564823
116.10000000000011; 0.6287522359559127
116.2000000000001; 0.62917975290199
116.3000000000001; 0.6296061852016517
116.4000000000001; 0.6300315360533506
116.5000000000001; 0.6304558086470579
116.60000000000011; 0.6308790061642607
116.7000000000001; 0.6313011317779667
116.8000000000001; 0.631722188652709
116.9000000000001; 0.6321421799445455
117.0000000000001; 0.6325611088010659
117.10000000000011; 0.6329789783613897
117.2000000000001; 0.6333957917561771
117.3000000000001; 0.6338115521076287
117.4000000000001; 0.6342262625294897
117.5000000000001; 0.6346399261270566
117.60000000000011; 0.6350525459971802
117.7000000000001; 0.6354641252282736
117.8000000000001; 0.6358746669003136
117.9000000000001; 0.6362841740848492
118.0000000000001; 0.6366926498450076
118.10000000000011; 0.6371000972354982
118.2000000000001; 0.6375065193026218
118.30000000000011; 0.6379119190842745
118.4000000000001; 0.6383162996099552
118.5000000000001; 0.6387196639007755
118.60000000000011; 0.6391220149694636
118.7000000000001; 0.6395233558203725
118.80000000000011; 0.6399236894494879
118.9000000000001; 0.6403230188444379
119.0000000000001; 0.6407213469844995
119.10000000000011; 0.6411186768406056
119.2000000000001; 0.6415150113753579
119.30000000000011; 0.6419103535430296
119.4000000000001; 0.6423047062895807
119.5000000000001; 0.6426980725526616
119.60000000000011; 0.6430904552616281
119.7000000000001; 0.6434818573375456
119.80000000000011; 0.6438722816932014
119.9000000000001; 0.6442617312331141
120.0000000000001; 0.6446502088535455
120.10000000000011; 0.645037717442508
120.2000000000001; 0.6454242598797758
120.30000000000011; 0.645809839036898
120.4000000000001; 0.6461944577772041
120.5000000000001; 0.6465781189558227
120.60000000000011; 0.6469608254196846
120.7000000000001; 0.6473425800075379
120.80000000000011; 0.647723385549962
120.9000000000001; 0.6481032448693722
121.00000000000011; 0.6484821607800401
121.10000000000011; 0.6488601360880956
121.2000000000001; 0.6492371735915499
121.30000000000011; 0.6496132760802977
121.4000000000001; 0.6499884463361355
121.50000000000011; 0.6503626871327718
121.60000000000011; 0.6507360012358419
121.7000000000001; 0.6511083914029163
121.80000000000011; 0.6514798603835191
121.9000000000001; 0.6518504109191355
122.00000000000011; 0.6522200457432288
122.10000000000011; 0.6525887675812524
122.2000000000001; 0.6529565791506621
122.30000000000011; 0.6533234831609319
122.4000000000001; 0.6536894823135647
122.50000000000011; 0.6540545793021096
122.60000000000011; 0.6544187768121718
122.7000000000001; 0.6547820775214283
122.80000000000011; 0.6551444840996431
122.9000000000001; 0.6555059992086805
123.00000000000011; 0.6558666255025183
123.10000000000011; 0.6562263656272636
123.2000000000001; 0.6565852222211647
123.30000000000011; 0.6569431979146299
123.4000000000001; 0.6573002953302399
123.50000000000011; 0.6576565170827602
123.60000000000011; 0.6580118657791599
123.7000000000001; 0.6583663440186256
123.80000000000011; 0.6587199543925748
123.9000000000001; 0.6590726994846705
124.00000000000011; 0.6594245818708406
124.10000000000011; 0.659775604119289
124.2000000000001; 0.6601257687905127
124.30000000000011; 0.6604750784373168
124.4000000000001; 0.6608235356048304
124.50000000000011; 0.6611711428305216
124.60000000000011; 0.6615179026442135
124.70000000000012; 0.661863817568101
124.80000000000011; 0.6622088901167648
124.9000000000001; 0.6625531227971867
125.00000000000011; 0.6628965181087699
125.10000000000011; 0.6632390785433497
125.20000000000012; 0.6635808065852132
125.30000000000011; 0.6639217047111128
125.4000000000001; 0.664261775390286
125.50000000000011; 0.6646010210844668
125.60000000000011; 0.6649394442479066
125.70000000000012; 0.6652770473273887
125.80000000000011; 0.665613832762244
125.9000000000001; 0.665949802984368
126.00000000000011; 0.6662849604182378
126.10000000000011; 0.6666193074809295
126.20000000000012; 0.6669528465821333
126.30000000000011; 0.6672855801241698
126.4000000000001; 0.6676175105020091
126.50000000000011; 0.6679486401032849
126.60000000000011; 0.6682789713083137
126.70000000000012; 0.6686085064901109
126.80000000000011; 0.6689372480144057
126.9000000000001; 0.6692651982396628
127.00000000000011; 0.6695923595170934
127.10000000000011; 0.6699187341906768
127.20000000000012; 0.6702443245971765
127.30000000000011; 0.6705691330661561
127.40000000000012; 0.6708931619199967
127.50000000000011; 0.6712164134739163
127.60000000000011; 0.6715388900359834
127.70000000000012; 0.6718605939071375
127.80000000000011; 0.6721815273812037
127.90000000000012; 0.672501692744914
128.0000000000001; 0.672821092277919
128.1000000000001; 0.6731397282528103
128.2000000000001; 0.6734576029351352
128.30000000000013; 0.6737747185834142
128.40000000000012; 0.674091077449161
128.5000000000001; 0.6744066817768962
128.6000000000001; 0.6747215338041673
128.7000000000001; 0.6750356357615661
128.80000000000013; 0.6753489898727448
128.90000000000012; 0.6756615983544351
129.0000000000001; 0.6759734634164646
129.1000000000001; 0.6762845872617759
129.2000000000001; 0.6765949720864419
129.30000000000013; 0.6769046200796854
129.40000000000012; 0.6772135334238975
129.5000000000001; 0.6775217142946504
129.6000000000001; 0.6778291648607215
129.7000000000001; 0.6781358872841081
129.80000000000013; 0.6784418837200428
129.90000000000012; 0.6787471563170149
130.0000000000001; 0.6790517072167861
130.1000000000001; 0.6793555385544106
130.2000000000001; 0.6796586524582482
130.30000000000013; 0.6799610510499862
130.40000000000012; 0.6802627364446564
130.5000000000001; 0.68056371075065
130.6000000000001; 0.6808639760697401
130.7000000000001; 0.6811635344970949
130.80000000000013; 0.6814623881212991
130.90000000000012; 0.6817605390243675
131.0000000000001; 0.6820579892817669
131.1000000000001; 0.6823547409624323
131.2000000000001; 0.6826507961287832
131.30000000000013; 0.6829461568367449
131.40000000000012; 0.6832408251357608
131.5000000000001; 0.6835348030688156
131.6000000000001; 0.6838280926724505
131.7000000000001; 0.6841206959767793
131.80000000000013; 0.6844126150055113
131.90000000000012; 0.6847038517759632
132.0000000000001; 0.6849944082990795
132.1000000000001; 0.6852842865794512
132.2000000000001; 0.6855734886153313
132.30000000000013; 0.6858620163986544
132.40000000000012; 0.6861498719150533
132.5000000000001; 0.6864370571438768
132.6000000000001; 0.686723574058207
132.70000000000013; 0.6870094246248792
132.80000000000013; 0.6872946108044959
132.90000000000012; 0.6875791345514475
133.0000000000001; 0.6878629978139279
133.1000000000001; 0.6881462025339539
133.20000000000013; 0.6884287506473821
133.30000000000013; 0.6887106440839255
133.40000000000012; 0.6889918847671723
133.5000000000001; 0.6892724746146027
133.6000000000001; 0.6895524155376076
133.70000000000013; 0.689831709441505
133.80000000000013; 0.6901103582255571
133.90000000000012; 0.6903883637829898
134.0000000000001; 0.6906657280010084
134.1000000000001; 0.6909424527608152
134.20000000000013; 0.6912185399376287
134.30000000000013; 0.6914939914006973
134.40000000000012; 0.6917688090133217
134.5000000000001; 0.6920429946328686
134.6000000000001; 0.6923165501107893
134.70000000000013; 0.6925894772926364
134.80000000000013; 0.6928617780180824
134.90000000000012; 0.6931334541209366
135.0000000000001; 0.6934045074291612
135.1000000000001; 0.6936749397648898
135.20000000000013; 0.6939447529444454
135.30000000000013; 0.6942139487783541
135.40000000000012; 0.6944825290713676
135.5000000000001; 0.6947504956224756
135.6000000000001; 0.6950178502249251
135.70000000000013; 0.6952845946662396
135.80000000000013; 0.6955507307282301
135.90000000000012; 0.6958162601870195
136.0000000000001; 0.6960811848130548
136.1000000000001; 0.6963455063711255
136.20000000000013; 0.6966092266203805
136.30000000000013; 0.6968723473143462
136.40000000000012; 0.6971348702009417
136.5000000000001; 0.6973967970224965
136.6000000000001; 0.6976581295157688
136.70000000000013; 0.6979188694119589
136.80000000000013; 0.6981790184367311
136.90000000000012; 0.6984385783102247
137.0000000000001; 0.6986975507470756
137.1000000000001; 0.6989559374564305
137.20000000000013; 0.6992137401419655
137.30000000000013; 0.6994709605018997
137.40000000000012; 0.6997276002290156
137.5000000000001; 0.699983661010673
137.6000000000001; 0.7002391445288282
137.70000000000013; 0.7004940524600475
137.80000000000013; 0.7007483864755257
137.90000000000012; 0.7010021482411031
138.0000000000001; 0.70125533941728
138.1000000000001; 0.7015079616592355
138.20000000000013; 0.7017600166168423
138.30000000000013; 0.7020115059346838
138.40000000000012; 0.7022624312520699
138.5000000000001; 0.7025127942030551
138.60000000000014; 0.7027625964164522
138.70000000000013; 0.7030118395158499
138.80000000000013; 0.7032605251196308
138.90000000000012; 0.7035086548409836
139.0000000000001; 0.7037562302879229
139.10000000000014; 0.704003253063304
139.20000000000013; 0.7042497247648396
139.30000000000013; 0.704495646985114
139.40000000000012; 0.7047410213116022
139.5000000000001; 0.7049858493266834
139.60000000000014; 0.7052301326076573
139.70000000000013; 0.7054738727267622
139.80000000000013; 0.7057170712511887
139.90000000000012; 0.7059597297430961
140.0000000000001; 0.7062018497596284
140.10000000000014; 0.706443432852931
140.20000000000013; 0.7066844805701641
140.30000000000013; 0.7069249944535227
140.40000000000012; 0.7071649760402465
140.5000000000001; 0.707404426862642
140.60000000000014; 0.7076433484480924
140.70000000000013; 0.7078817423190764
140.80000000000013; 0.7081196099931846
140.90000000000012; 0.7083569529831315
141.0000000000001; 0.7085937727967747
141.10000000000014; 0.7088300709371278
141.20000000000013; 0.709065848902377
141.30000000000013; 0.7093011081858973
141.40000000000012; 0.7095358502762659
141.5000000000001; 0.7097700766572795
141.60000000000014; 0.7100037888079672
141.70000000000013; 0.7102369882026086
141.80000000000013; 0.7104696763107468
141.90000000000012; 0.7107018545972053
142.0000000000001; 0.7109335245221016
142.10000000000014; 0.7111646875408636
142.20000000000013; 0.7113953451042434
142.30000000000013; 0.7116254986583345
142.40000000000012; 0.7118551496445831
142.5000000000001; 0.712084299499808
142.60000000000014; 0.7123129496562104
142.70000000000013; 0.7125411015413927
142.80000000000013; 0.7127687565783725
142.90000000000012; 0.7129959161855954
143.0000000000001; 0.7132225817769522
143.10000000000014; 0.7134487547617924
143.20000000000013; 0.7136744365449393
143.30000000000013; 0.7138996285267051
143.40000000000012; 0.7141243321029042
143.5000000000001; 0.7143485486648695
143.60000000000014; 0.7145722795994655
143.70000000000013; 0.7147955262891035
143.80000000000013; 0.7150182901117565
143.90000000000012; 0.7152405724409727
144.0000000000001; 0.7154623746458907
144.10000000000014; 0.7156836980912537
144.20000000000013; 0.7159045441374237
144.30000000000013; 0.7161249141403954
144.40000000000012; 0.716344809451811
144.5000000000001; 0.7165642314189756
144.60000000000014; 0.7167831813848679
144.70000000000013; 0.7170016606881578
144.80000000000013; 0.7172196706632191
144.90000000000012; 0.7174372126401449
145.0000000000001; 0.7176542879447584
145.10000000000014; 0.7178708978986302
145.20000000000013; 0.7180870438190906
145.30000000000013; 0.7183027270192449
145.40000000000012; 0.7185179488079853
145.50000000000014; 0.7187327104900061
145.60000000000014; 0.718947013365817
145.70000000000013; 0.7191608587317581
145.80000000000013; 0.7193742478800114
145.90000000000012; 0.7195871820986164
146.00000000000014; 0.7197996626714827
146.10000000000014; 0.7200116908784041
146.20000000000013; 0.720223267995072
146.30000000000013; 0.7204343952930895
146.40000000000012; 0.7206450740399841
146.50000000000014; 0.720855305499221
146.60000000000014; 0.7210650909302176
146.70000000000013; 0.7212744315883564
146.80000000000013; 0.7214833287249977
146.90000000000012; 0.7216917835874939
147.00000000000014; 0.7218997974192025
147.10000000000014; 0.722107371459498
147.20000000000013; 0.722314506943788
147.30000000000013; 0.7225212051035235
147.40000000000012; 0.7227274671662139
147.50000000000014; 0.7229332943554387
147.60000000000014; 0.7231386878908609
147.70000000000013; 0.7233436489882423
147.80000000000013; 0.7235481788594514
147.90000000000012; 0.723752278712483
148.00000000000014; 0.7239559497514643
148.10000000000014; 0.7241591931766725
148.20000000000013; 0.7243620101845468
148.30000000000013; 0.7245644019676987
148.40000000000012; 0.7247663697149286
148.50000000000014; 0.7249679146112346
148.60000000000014; 0.7251690378378275
148.70000000000013; 0.7253697405721442
148.80000000000013; 0.7255700239878581
148.90000000000012; 0.7257698892548917
149.00000000000014; 0.7259693375394319
149.10000000000014; 0.7261683700039395
149.20000000000013; 0.7263669878071626
149.30000000000013; 0.7265651921041506
149.40000000000012; 0.7267629840462633
149.50000000000014; 0.7269603647811859
149.60000000000014; 0.727157335452941
149.70000000000013; 0.7273538972018992
149.80000000000013; 0.727550051164794
149.90000000000012; 0.7277457984747312
150.00000000000014; 0.7279411402612026
150.10000000000014; 0.7281360844575314
150.20000000000013; 0.7283306254569415
150.30000000000013; 0.7285247642801581
150.40000000000012; 0.7287185020421244
150.50000000000014; 0.7289118398542344
150.60000000000014; 0.7291047788243475
150.70000000000013; 0.7292973200567985
150.80000000000013; 0.7294894646524092
150.90000000000012; 0.7296812137085018
151.00000000000014; 0.7298725683189091
151.10000000000014; 0.730063529573987
151.20000000000013; 0.7302540985606248
151.30000000000013; 0.7304442763622593
151.40000000000015; 0.7306340640588834
151.50000000000014; 0.7308234627270607
151.60000000000014; 0.7310124734399345
151.70000000000013; 0.7312010972672395
151.80000000000013; 0.7313893352753151
151.90000000000015; 0.7315771885271161
152.00000000000014; 0.7317646580822211
152.10000000000014; 0.7319517449968485
152.20000000000013; 0.7321384503238653
152.30000000000013; 0.7323247751127979
152.40000000000015; 0.7325107204098442
152.50000000000014; 0.7326962872578846
152.60000000000014; 0.7328814766964932
152.70000000000013; 0.7330662897619499
152.80000000000013; 0.7332507274872482
152.90000000000015; 0.7334347909021105
153.00000000000014; 0.7336184810329966
153.10000000000014; 0.7338017989031143
153.20000000000013; 0.7339847455324315
153.30000000000013; 0.734167321937688
153.40000000000015; 0.7343495291324034
153.50000000000014; 0.7345313681268908
153.60000000000014; 0.734712839928266
153.70000000000013; 0.7348939455404596
153.80000000000013; 0.7350746859642251
153.90000000000015; 0.7352550621971536
154.00000000000014; 0.73543507523368
154.10000000000014; 0.7356147260650983
154.20000000000013; 0.7357940156795673
154.30000000000013; 0.735972945062125
154.40000000000015; 0.7361515151946975
154.50000000000014; 0.7363297270561098
154.60000000000014; 0.7365075816220962
154.70000000000013; 0.7366850798653097
154.80000000000013; 0.7368622227553352
154.90000000000015; 0.7370390112586969
155.00000000000014; 0.7372154463388702
155.10000000000014; 0.7373915289562903
155.20000000000013; 0.7375672600683659
155.30000000000013; 0.737742640629486
155.40000000000015; 0.737917671591031
155.50000000000014; 0.7380923539013835
155.60000000000014; 0.738266688505939
155.70000000000013; 0.7384406763471137
155.80000000000013; 0.7386143183643572
155.90000000000015; 0.7387876154941599
156.00000000000014; 0.7389605686700659
156.10000000000014; 0.7391331788226803
156.20000000000013; 0.7393054468796811
156.30000000000013; 0.7394773737658273
156.40000000000015; 0.7396489604029708
156.50000000000014; 0.739820207710064
156.60000000000014; 0.7399911166031722
156.70000000000013; 0.7401616879954805
156.80000000000013; 0.7403319227973055
156.90000000000015; 0.7405018219161047
157.00000000000014; 0.7406713862564858
157.10000000000014; 0.740840616720216
157.20000000000013; 0.741009514206233
157.30000000000013; 0.7411780796106521
157.40000000000015; 0.7413463138267792
157.50000000000014; 0.7415142177451172
157.60000000000014; 0.7416817922533764
157.70000000000013; 0.7418490382364848
157.80000000000013; 0.7420159565765974
157.90000000000015; 0.7421825481531037
158.00000000000014; 0.7423488138426401
158.10000000000014; 0.7425147545190964
158.20000000000013; 0.7426803710536263
158.30000000000015; 0.7428456643146575
158.40000000000015; 0.7430106351678999
158.50000000000014; 0.7431752844763536
158.60000000000014; 0.7433396131003213
158.70000000000013; 0.7435036218974146
158.80000000000015; 0.7436673117225638
158.90000000000015; 0.7438306834280285
159.00000000000014; 0.7439937378634038
159.10000000000014; 0.744156475875632
159.20000000000013; 0.7443188983090101
159.30000000000015; 0.7444810060051998
159.40000000000015; 0.7446427998032343
159.50000000000014; 0.7448042805395305
159.60000000000014; 0.7449654490478951
159.70000000000013; 0.7451263061595335
159.80000000000015; 0.7452868527030614
159.90000000000015; 0.7454470895045103
160.00000000000014; 0.7456070173873383
