energy (keV); transmission
1.0; 0.0
1.1; 0.0
1.2000000000000002; 0.0
1.3000000000000003; 0.0
1.4000000000000004; 0.0
1.5000000000000004; 0.0
1.6000000000000005; 0.0
1.7000000000000006; 0.0
1.8000000000000007; 0.0
1.9000000000000008; 0.0
2.000000000000001; 0.0
2.100000000000001; 0.0
2.200000000000001; 0.0
2.300000000000001; 0.0
2.4000000000000012; 0.0
2.5000000000000013; 0.0
2.6000000000000014; 0.0
2.7000000000000015; 0.0
2.8000000000000016; 0.0
2.9000000000000017; 0.0
3.0000000000000018; 0.0
3.100000000000002; 0.0
3.200000000000002; 0.0
3.300000000000002; 0.0
3.400000000000002; 0.0
3.500000000000002; 0.0
3.6000000000000023; 2.3887305469353e-311
3.7000000000000024; 2.344148155113426e-289
3.8000000000000025; 1.8718121023606144e-269
3.9000000000000026; 2.1456274996305853e-251
4.000000000000003; 5.753639584063451e-235
4.100000000000003; 8.841224114383267e-220
4.200000000000003; 6.501643548534777e-206
4.3000000000000025; 3.174702313201467e-193
4.400000000000003; 1.3697494206838355e-181
4.5000000000000036; 6.705669089953392e-171
4.600000000000003; 4.639231930611402e-161
4.700000000000003; 5.502889376093355e-152
4.800000000000003; 1.3273325550499745e-143
4.900000000000004; 7.571950203680887e-136
5.0000000000000036; 1.1681484610096194e-128
5.100000000000003; 6.535351385819204e-122
5.200000000000004; 1.2128880318423258e-115
5.300000000000004; 8.232150089315748e-110
5.400000000000004; 2.2297477735815104e-104
5.5000000000000036; 2.6064261395031595e-99
5.600000000000004; 1.4106957951900834e-94
5.700000000000005; 3.7664075938363818e-90
5.800000000000004; 5.2522027659542315e-86
5.900000000000004; 4.0281072108485225e-82
6.000000000000004; 2.667357471705966e-143
6.100000000000005; 3.2310450737208877e-140
6.200000000000005; 1.0185106478907333e-136
6.300000000000004; 7.049820438928811e-133
6.400000000000005; 8.983956729740538e-129
6.500000000000005; 1.7733324095849172e-124
6.600000000000005; 1.9390429691906793e-122
6.700000000000005; 6.962549883658429e-118
6.800000000000005; 2.4733280122492e-113
6.900000000000006; 7.789642288159813e-109
7.000000000000005; 1.986293392190138e-104
7.100000000000005; 3.8123830356286083e-100
7.2000000000000055; 2.0781505362300057e-297
7.300000000000006; 6.144323449692581e-287
7.400000000000006; 6.301863992113822e-277
7.500000000000005; 2.3115695337193727e-267
7.600000000000006; 3.1378535653328764e-258
7.700000000000006; 1.6353632214642244e-249
7.800000000000006; 3.400242334427031e-241
7.900000000000006; 2.9328396897354493e-233
8.000000000000007; 1.0912038921765845e-225
8.100000000000007; 1.8379471575190698e-218
8.200000000000006; 1.4608368098212164e-211
8.300000000000006; 5.745422693848981e-205
8.400000000000006; 7.344705577000408e-225
8.500000000000007; 4.422949707530774e-218
8.600000000000007; 1.3889785195595502e-211
8.700000000000006; 2.360751869827156e-205
8.800000000000008; 2.2473614744500664e-199
8.900000000000007; 1.2369756048017605e-193
9.000000000000007; 4.054389291663813e-188
9.100000000000007; 8.133635889797818e-183
9.200000000000006; 1.0245873194529442e-177
9.300000000000008; 8.30025304590316e-173
9.400000000000007; 4.421921761604948e-168
9.500000000000007; 1.5819360742585445e-163
9.600000000000009; 3.8755762706000537e-159
9.700000000000008; 6.622753382960135e-155
9.800000000000008; 8.03145731492094e-151
9.900000000000007; 7.025063237510156e-147
10.000000000000007; 4.500207939325195e-143
10.100000000000009; 2.1443545539243817e-139
10.200000000000008; 7.684394936479271e-136
10.300000000000008; 2.0952467490129013e-132
10.40000000000001; 4.395338649724338e-129
10.500000000000009; 7.169189671193235e-126
10.600000000000009; 9.18416597662987e-123
10.700000000000008; 9.32968812288183e-120
10.800000000000008; 7.584444611208741e-117
10.90000000000001; 4.977340966370103e-114
11.000000000000009; 2.6588980356381015e-111
11.100000000000009; 1.165428566962663e-108
11.20000000000001; 4.2232059882777177e-106
11.30000000000001; 1.2744315842962476e-103
11.40000000000001; 3.224877371041194e-101
11.500000000000009; 6.888172201667837e-99
11.600000000000009; 1.249782100388041e-96
11.70000000000001; 1.9378921590906688e-94
11.80000000000001; 2.5828637341730337e-92
11.90000000000001; 2.9754544936718348e-90
12.00000000000001; 2.978417076940565e-88
12.10000000000001; 2.6037585079295312e-86
12.20000000000001; 1.9975994066352065e-84
12.30000000000001; 1.3512308302839794e-82
12.40000000000001; 8.094699767928134e-81
12.50000000000001; 4.3129884833226306e-79
12.60000000000001; 2.052305461940251e-77
12.70000000000001; 8.755858757846986e-76
12.800000000000011; 3.361908893789094e-74
12.900000000000011; 1.1659360220109904e-72
13.00000000000001; 3.6649919688603764e-71
13.10000000000001; 1.0476796332466378e-69
13.20000000000001; 2.732317942495838e-68
13.300000000000011; 6.521032713556662e-67
13.400000000000011; 1.4284552136405086e-65
13.50000000000001; 2.8801464135745427e-64
13.600000000000012; 5.359754502441003e-63
13.700000000000012; 9.229891077918991e-62
13.800000000000011; 1.4745680276460153e-60
13.900000000000011; 2.190801345698237e-59
14.00000000000001; 3.0340625008911574e-58
14.100000000000012; 3.925586089980826e-57
14.200000000000012; 4.755338657128339e-56
14.300000000000011; 5.4045409421206836e-55
14.400000000000013; 5.774394931364878e-54
14.500000000000012; 5.811151961632353e-53
14.600000000000012; 5.518652447770449e-52
14.700000000000012; 4.954461039337133e-51
14.800000000000011; 4.2121283405944856e-50
14.900000000000013; 3.396805937222996e-49
15.000000000000012; 2.60255569498653e-48
15.100000000000012; 1.8981367998280594e-47
15.200000000000014; 1.3192881512267614e-46
15.300000000000013; 8.751301744121675e-46
15.400000000000013; 5.548038424042662e-45
15.500000000000012; 3.36612864113776e-44
15.600000000000012; 1.9571119992884857e-43
15.700000000000014; 1.0918002355306228e-42
15.800000000000013; 5.851166161125011e-42
15.900000000000013; 3.015948011863411e-41
16.000000000000014; 1.4968554711319432e-40
16.100000000000016; 7.1611975315227084e-40
16.200000000000014; 3.305976945037403e-39
16.30000000000001; 1.4742295485101378e-38
16.400000000000013; 6.356368020955442e-38
16.500000000000014; 2.652433322447692e-37
16.600000000000016; 1.072186384821799e-36
16.700000000000014; 4.202152873138314e-36
16.800000000000015; 1.5981648928841987e-35
16.900000000000013; 5.903091279853306e-35
17.000000000000014; 2.119305822054863e-34
17.100000000000016; 7.4011727804761076e-34
17.200000000000014; 2.516087560724196e-33
17.300000000000015; 8.332669405731967e-33
17.400000000000013; 2.6901743635191496e-32
17.500000000000014; 8.472458320932765e-32
17.600000000000016; 2.604693260658547e-31
17.700000000000014; 7.821646145199834e-31
17.800000000000015; 2.295629048926621e-30
17.900000000000016; 6.589103468081191e-30
18.000000000000014; 1.8506444274110364e-29
18.100000000000016; 5.089027824626184e-29
18.200000000000017; 1.370873726660912e-28
18.300000000000015; 3.619421803565605e-28
18.400000000000016; 9.37090176083164e-28
18.500000000000014; 2.3803377336912937e-27
18.600000000000016; 5.934974259206465e-27
18.700000000000017; 1.453195115456733e-26
18.800000000000015; 3.495823980386812e-26
18.900000000000016; 8.265813087573983e-26
19.000000000000014; 1.9218355019894728e-25
19.100000000000016; 4.395620749557142e-25
19.200000000000017; 9.893981464992407e-25
19.300000000000015; 2.1924882169424613e-24
19.400000000000016; 4.7850034903903116e-24
19.500000000000018; 1.0288802800749533e-23
19.600000000000016; 2.18041530314712e-23
19.700000000000017; 4.555700535426576e-23
19.80000000000002; 9.387677980912928e-23
19.900000000000016; 1.9084888804654445e-22
20.000000000000018; 3.8290134194009577e-22
20.100000000000016; 3.0174197859023775e-23
20.200000000000017; 6.140372521343013e-23
20.30000000000002; 1.2334244763777394e-22
20.400000000000016; 2.446345462856986e-22
20.500000000000018; 4.792205249086305e-22
20.600000000000016; 9.274426441628186e-22
20.700000000000017; 1.7737445652538824e-21
20.80000000000002; 3.3532244014189894e-21
20.900000000000016; 6.267780157458604e-21
21.000000000000018; 1.1586534964889967e-20
21.10000000000002; 2.11879175534321e-20
21.200000000000017; 3.8337274617916335e-20
21.30000000000002; 6.865198981589538e-20
21.40000000000002; 1.216975927831469e-19
21.500000000000018; 2.1360100344292004e-19
21.60000000000002; 3.7128724603291145e-19
21.700000000000017; 6.392824944307944e-19
21.80000000000002; 1.0905357259139436e-18
21.90000000000002; 1.843475168989766e-18
22.000000000000018; 3.0886507791918445e-18
22.10000000000002; 5.129985358496046e-18
22.200000000000017; 8.448096471810624e-18
22.30000000000002; 1.3796681439114477e-17
22.40000000000002; 2.2348022935510776e-17
22.500000000000018; 3.591088076420966e-17
22.60000000000002; 5.725420980940631e-17
22.70000000000002; 9.058439220002198e-17
22.80000000000002; 1.422434696037031e-16
22.90000000000002; 2.2172316212336253e-16
23.00000000000002; 3.4312682644542697e-16
23.10000000000002; 5.2726227565093e-16
23.20000000000002; 8.046168709717798e-16
23.30000000000002; 1.2195580371929625e-15
23.40000000000002; 1.8362243984204343e-15
23.50000000000002; 2.7467339941666493e-15
23.60000000000002; 4.082547709858323e-15
23.70000000000002; 6.0301020960226536e-15
23.80000000000002; 8.85218343649737e-15
23.90000000000002; 1.2916975510321843e-14
24.00000000000002; 1.8737302937915098e-14
24.10000000000002; 2.702334181986961e-14
24.20000000000002; 3.875301755952542e-14
24.300000000000022; 5.526550182389329e-14
24.40000000000002; 7.83847107230941e-14
24.50000000000002; 1.1058155856611971e-13
24.600000000000023; 1.5518601132057927e-13
24.70000000000002; 2.1666279918118238e-13
24.800000000000022; 3.0096809062892107e-13
24.90000000000002; 4.160086189715865e-13
25.00000000000002; 5.722298218591121e-13
25.100000000000023; 7.833656588736153e-13
25.20000000000002; 1.0673900867469952e-12
25.300000000000022; 1.4477188928682089e-12
25.40000000000002; 1.9547209358495292e-12
25.50000000000002; 2.627610062173218e-12
25.600000000000023; 3.516803331479907e-12
25.70000000000002; 4.686847987840288e-12
25.800000000000022; 6.2200391858480195e-12
25.900000000000023; 8.220873171755128e-12
26.00000000000002; 1.082150681199662e-11
26.100000000000023; 1.4188424462191413e-11
26.200000000000024; 1.8530547613054192e-11
26.300000000000022; 2.4109061993868678e-11
26.400000000000023; 3.1249281339889716e-11
26.50000000000002; 4.035491733746298e-11
26.600000000000023; 5.192518186535409e-11
26.700000000000024; 6.65752110813222e-11
26.800000000000022; 8.506037169358198e-11
26.900000000000023; 1.0830508844461642e-10
27.00000000000002; 1.3743691895117538e-10
27.100000000000023; 1.7382669811037283e-10
27.200000000000024; 2.191356797988565e-10
27.300000000000022; 2.7537071903498815e-10
27.400000000000023; 3.4494866358408696e-10
27.500000000000025; 4.3077126055705334e-10
27.600000000000023; 5.363120312300455e-10
27.700000000000024; 6.657167263729832e-10
27.800000000000026; 8.23919145029735e-10
27.900000000000023; 1.0167742820689264e-09
28.000000000000025; 1.2512109639539812e-09
28.100000000000023; 1.5354063380098882e-09
28.200000000000024; 1.8789847978110067e-09
28.300000000000026; 2.29324415589943e-09
28.400000000000023; 2.791412114454592e-09
28.500000000000025; 3.388936334228262e-09
28.600000000000023; 4.1038116613721405e-09
28.700000000000024; 4.95694833988376e-09
28.800000000000026; 5.972585313349532e-09
28.900000000000023; 7.178753002359198e-09
29.000000000000025; 8.607790232148265e-09
29.100000000000026; 1.0296920277341146e-08
29.200000000000024; 1.2288891285561688e-08
29.300000000000026; 1.4632686637520097e-08
29.400000000000027; 1.7384311096113482e-08
29.500000000000025; 2.060765888934969e-08
29.600000000000026; 2.437547015921102e-08
29.700000000000024; 2.8770382489177596e-08
29.800000000000026; 3.388608449437738e-08
29.900000000000027; 3.982857871835512e-08
30.000000000000025; 4.671756132660133e-08
30.100000000000026; 5.4691231466200106e-08
30.200000000000024; 6.38990876523149e-08
30.300000000000026; 7.451163556015582e-08
30.400000000000027; 8.671998983111342e-08
30.500000000000025; 1.0073791922484263e-07
30.600000000000026; 1.1680409883994299e-07
30.700000000000028; 1.3518453685211264e-07
30.800000000000026; 1.5617518440993969e-07
30.900000000000027; 1.8010473733696396e-07
31.00000000000003; 2.0733763826010212e-07
31.100000000000026; 2.3827728771637048e-07
31.200000000000028; 2.733694726820404e-07
31.300000000000026; 3.131060208173561e-07
31.400000000000027; 3.580286885263852e-07
31.50000000000003; 4.0873329069327185e-07
31.600000000000026; 4.65874079672548e-07
31.700000000000028; 5.301683807822359e-07
31.800000000000026; 6.024014911731564e-07
31.900000000000027; 6.834318485254776e-07
32.00000000000003; 7.741964755575888e-07
32.10000000000002; 8.757167058182311e-07
32.20000000000003; 9.891041956749168e-07
32.300000000000026; 1.1155672268111275e-06
32.40000000000003; 1.256417302899506e-06
32.50000000000003; 1.4130760434340964e-06
32.60000000000003; 1.5870823769786494e-06
32.70000000000003; 1.7801000353284702e-06
32.800000000000026; 1.993925349285575e-06
32.90000000000003; 2.230495345916633e-06
33.00000000000003; 2.4918961463071147e-06
33.10000000000003; 2.7803716619362256e-06
33.20000000000003; 3.098332586890082e-06
33.300000000000026; 3.4483656821981376e-06
33.40000000000003; 3.833243347633944e-06
33.50000000000003; 4.255933475354594e-06
33.60000000000003; 4.719609578791397e-06
33.70000000000003; 5.227661189214675e-06
33.800000000000026; 5.7837045114292765e-06
33.90000000000003; 6.391593329067284e-06
34.00000000000003; 7.055430148982721e-06
34.10000000000003; 7.779577573273897e-06
34.20000000000003; 8.56866988652598e-06
34.30000000000003; 9.427624844919009e-06
34.40000000000003; 1.0361655652933724e-05
34.50000000000003; 1.1376283112508806e-05
34.60000000000003; 1.2477347928623537e-05
34.70000000000003; 1.3671023154472885e-05
34.80000000000003; 1.4963826758574866e-05
34.90000000000003; 1.6362634295433008e-05
35.00000000000003; 1.7874691660614252e-05
35.10000000000003; 1.9507627910465676e-05
35.20000000000003; 2.1269468126054795e-05
35.30000000000003; 2.3168646300321e-05
35.400000000000034; 2.5214018226945092e-05
35.50000000000003; 2.741487436890685e-05
35.60000000000003; 2.978095268435336e-05
35.70000000000003; 3.232245138697252e-05
35.80000000000003; 3.505004161780795e-05
35.900000000000034; 3.7974880005198803e-05
36.00000000000003; 4.110862108931228e-05
36.10000000000003; 4.446342958767109e-05
36.20000000000003; 4.80519924779525e-05
36.30000000000003; 5.1887530874381753e-05
36.400000000000034; 5.598381167408308e-05
36.50000000000003; 6.035515894987168e-05
36.60000000000003; 6.501646506615364e-05
36.70000000000003; 6.998320149485986e-05
36.80000000000003; 7.5271429308606e-05
36.900000000000034; 8.089780932863775e-05
37.00000000000003; 8.687961190559842e-05
37.10000000000003; 9.323472631149188e-05
37.20000000000003; 9.998166972188741e-05
37.30000000000003; 0.0001071395957678696
37.400000000000034; 0.00011472830263793567
37.500000000000036; 0.00012276824071061728
37.60000000000003; 0.00013128051969951392
37.70000000000003; 0.00014028691529288547
37.80000000000003; 0.00014980987527106365
37.900000000000034; 0.00015987252508551885
38.000000000000036; 0.00017049867288446645
38.10000000000003; 0.00018171281397071534
38.20000000000003; 0.0001935401346783755
38.30000000000003; 0.0002060065156561005
38.400000000000034; 0.00021913853454533515
38.500000000000036; 0.00023296346804332693
38.60000000000004; 0.0002475092933412965
38.70000000000003; 0.0002628046889296707
38.80000000000003; 0.00027887903476277653
38.900000000000034; 0.00029576241177699323
39.000000000000036; 0.00031348560075699906
39.10000000000004; 0.00033208008054612007
39.20000000000003; 0.0003515780255975365
39.30000000000003; 0.0003720123028646146
39.400000000000034; 0.00039341646802912566
39.500000000000036; 0.00041582476106771424
39.60000000000004; 0.00043927210115768004
39.70000000000003; 0.00046379408092415866
39.80000000000003; 0.0004894269600322009
39.900000000000034; 0.0005162076581276356
40.000000000000036; 0.0005441735368264563
40.10000000000004; 0.0005733474113336632
40.20000000000003; 0.000603782355514087
40.30000000000003; 0.000635517787037722
40.400000000000034; 0.0006685937386197116
40.500000000000036; 0.000703050847330002
40.60000000000004; 0.0007389303433131985
40.70000000000004; 0.0007762740379294869
40.80000000000003; 0.000815124311329268
40.900000000000034; 0.0008555240994735745
41.000000000000036; 0.0008975168806144298
41.10000000000004; 0.0009411466612489074
41.20000000000004; 0.000986457961561548
41.30000000000003; 0.0010334958003709231
41.400000000000034; 0.0010823056795959908
41.500000000000036; 0.0011329335682584887
41.60000000000004; 0.0011854258860391148
41.70000000000004; 0.0012398294864037407
41.80000000000004; 0.0012961916393184221
41.900000000000034; 0.0013545600135711757
42.000000000000036; 0.0014149826587184936
42.10000000000004; 0.001477507986676346
42.20000000000004; 0.0015421847529742433
42.30000000000004; 0.0016090620376913766
42.400000000000034; 0.0016781892260957702
42.500000000000036; 0.0017496159890040828
42.60000000000004; 0.0018233922628840122
42.70000000000004; 0.0018995682297179685
42.80000000000004; 0.0019781942966481288
42.900000000000034; 0.0020593210754237825
43.000000000000036; 0.002142999361669858
43.10000000000004; 0.0022292801139976903
43.20000000000004; 0.002318214432977315
43.30000000000004; 0.0024098535399915176
43.400000000000034; 0.002504248755991441
43.500000000000036; 0.002601451480172858
43.60000000000004; 0.00270151316859362
43.70000000000004; 0.002804485312750554
43.80000000000004; 0.0029104194181351563
43.90000000000004; 0.0030193669827869394
44.000000000000036; 0.003131379475863722
44.10000000000004; 0.0032465083162455544
44.20000000000004; 0.0033648048511913014
44.30000000000004; 0.0034863203350660728
44.40000000000004; 0.0036111059081553355
44.500000000000036; 0.0037392125755834793
44.60000000000004; 0.0038706911863538806
44.70000000000004; 0.00400559241252582
44.80000000000004; 0.0041439667285441545
44.90000000000004; 0.004285864390737738
45.00000000000004; 0.00443133541700093
45.10000000000004; 0.0045804295666732305
45.20000000000004; 0.004733196320630267
45.30000000000004; 0.0048896848616012106
45.40000000000004; 0.005049944054724042
45.50000000000004; 0.00521402242835262
45.60000000000004; 0.005381968155127905
45.70000000000004; 0.00555382903332417
45.80000000000004; 0.005729652468481237
45.90000000000004; 0.005909485455336289
46.00000000000004; 0.006093374560060914
46.10000000000004; 0.006281365902818205
46.20000000000004; 0.0064735051406454485
46.30000000000004; 0.006669837450673475
46.40000000000004; 0.00687040751368949
46.50000000000004; 0.007075259498052738
46.60000000000004; 0.007284437043969734
46.70000000000004; 0.0074979832481360045
46.80000000000004; 0.007715940648750338
46.90000000000004; 0.0079383512109085
47.00000000000004; 0.00816525631238121
47.100000000000044; 0.008396696729782398
47.20000000000004; 0.008632712625129981
47.30000000000004; 0.008873343532807509
47.40000000000004; 0.0091186283469254
47.50000000000004; 0.009368605309088776
47.600000000000044; 0.009623311996574268
47.70000000000004; 0.009882785310915352
47.80000000000004; 0.010147061466902873
47.90000000000004; 0.010416175981998324
48.00000000000004; 0.010690163666163382
48.100000000000044; 0.010969058612104723
48.200000000000045; 0.011252894185938037
48.30000000000004; 0.011541703018267242
48.40000000000004; 0.011835516995680858
48.50000000000004; 0.012134367252664546
48.600000000000044; 0.012438284163929367
48.700000000000045; 0.012747297337153848
48.80000000000004; 0.013061435606138424
48.90000000000004; 0.013380727024370162
49.00000000000004; 0.013705198858995498
49.100000000000044; 0.014034877585201149
49.200000000000045; 0.014369788880994248
49.30000000000004; 0.01470995762238661
49.40000000000004; 0.015055407878974024
49.50000000000004; 0.01540616290990697
49.600000000000044; 0.015762245160256427
49.700000000000045; 0.016123676257758315
49.80000000000004; 0.016490477009945433
49.90000000000004; 0.016862667401653843
50.00000000000004; 0.017240266592899806
50.100000000000044; 0.017623432700051466
50.200000000000045; 0.018012049223961605
50.30000000000005; 0.018406131377089577
50.40000000000004; 0.018805695053285915
50.50000000000004; 0.019210755316031756
50.600000000000044; 0.019621326398435033
50.700000000000045; 0.020037421703562774
50.80000000000005; 0.020459053805103645
50.90000000000004; 0.020886234448354895
51.00000000000004; 0.021318974551526683
51.100000000000044; 0.021757284207358497
51.200000000000045; 0.02220117268504146
51.30000000000005; 0.02265064843243936
51.40000000000005; 0.02310571907860539
51.50000000000004; 0.02356639143658034
51.600000000000044; 0.024032671506477355
51.700000000000045; 0.024504564478835787
51.80000000000005; 0.024982074738243838
51.90000000000005; 0.025465205867223242
52.00000000000004; 0.025953960650363806
52.100000000000044; 0.02644834107871051
52.200000000000045; 0.026948348354387894
52.30000000000005; 0.027453982895459257
52.40000000000005; 0.0279652443410139
52.50000000000004; 0.028482131556475696
52.600000000000044; 0.029004642639123307
52.700000000000045; 0.029532774923819272
52.80000000000005; 0.03006652498894313
52.90000000000005; 0.030605888662513306
53.00000000000004; 0.0311508610285004
53.100000000000044; 0.031701436433321226
53.200000000000045; 0.032257608492507056
53.30000000000005; 0.03281937009754051
53.40000000000005; 0.03338671342285426
53.50000000000005; 0.0339596299329852
53.600000000000044; 0.034538110389880625
53.700000000000045; 0.035122144860340904
53.80000000000005; 0.03571172272360688
53.90000000000005; 0.036306832679073225
54.00000000000005; 0.03690746275412869
54.100000000000044; 0.037513600312112205
54.200000000000045; 0.038125232060387544
54.30000000000005; 0.038742344058518924
54.40000000000005; 0.039364921726551046
54.50000000000005; 0.039992949853386674
54.60000000000005; 0.04062641260524801
54.700000000000045; 0.04126529353423013
54.80000000000005; 0.04190957558692912
54.90000000000005; 0.04255924111314322
55.00000000000005; 0.043214271874648234
55.10000000000005; 0.043874649054027284
55.200000000000045; 0.04454035326356743
55.30000000000005; 0.04521136455420611
55.40000000000005; 0.045887662424522656
55.50000000000005; 0.04656922582978033
55.60000000000005; 0.04725603319100318
55.700000000000045; 0.047948062404085674
55.80000000000005; 0.04864529084893513
55.90000000000005; 0.04934769539863986
56.00000000000005; 0.05005525242865337
56.10000000000005; 0.05076793782600427
56.200000000000045; 0.0514857269985071
56.30000000000005; 0.052208594883993764
56.40000000000005; 0.05293651595953963
56.50000000000005; 0.05366946425069721
56.60000000000005; 0.0544074133407218
56.70000000000005; 0.055150336379796695
56.80000000000005; 0.05589820609424154
56.90000000000005; 0.05665099479570795
57.00000000000005; 0.05740867439036495
57.10000000000005; 0.05817121638805583
57.20000000000005; 0.05893859191143283
57.30000000000005; 0.059710771705071664
57.40000000000005; 0.060487726144547616
57.50000000000005; 0.06126942524548105
57.60000000000005; 0.06205583867255592
57.70000000000005; 0.06284693574848582
57.800000000000054; 0.06364268546295086
57.90000000000005; 0.06444305648148695
58.00000000000005; 0.06524801715432421
58.10000000000005; 0.06605753552518882
58.20000000000005; 0.06687157934004037
58.300000000000054; 0.06769011605576536
58.40000000000005; 0.06851311284881477
58.50000000000005; 0.06934053662378127
58.60000000000005; 0.07017235402191568
58.70000000000005; 0.07100853142959292
58.800000000000054; 0.07184903498669852
58.90000000000005; 0.07269383059496666
59.00000000000005; 0.07354288392623906
59.10000000000005; 0.07439616043066528
59.20000000000005; 0.07525362534482725
59.300000000000054; 0.07611524369979639
59.40000000000005; 0.07698098032911432
59.50000000000005; 0.07785079987670523
59.60000000000005; 0.07872466680470909
59.70000000000005; 0.0796025454012387
59.800000000000054; 0.08048439978806193
59.900000000000055; 0.08137019392820623
60.00000000000005; 0.08225989163347427
60.10000000000005; 0.08315329431298006
60.20000000000005; 0.0840505260592033
60.300000000000054; 0.08495155025086604
60.400000000000055; 0.0858563301292441
60.50000000000005; 0.08676482882069599
60.60000000000005; 0.08767700934371557
60.70000000000005; 0.08859283461590742
60.800000000000054; 0.08951226746086943
60.900000000000055; 0.09043527061499687
61.00000000000006; 0.09136180673419313
61.10000000000005; 0.09229183840049641
61.20000000000005; 0.09322532812861953
61.300000000000054; 0.0941622383724013
61.400000000000055; 0.0951025315311657
61.50000000000006; 0.09604616995600397
61.60000000000005; 0.09699311595595403
61.70000000000005; 0.0979433318041002
61.800000000000054; 0.0988967797435815
61.900000000000055; 0.09985342199351674
62.00000000000006; 0.10081322075482532
62.10000000000005; 0.10177613821597949
62.20000000000005; 0.10274213655865297
62.300000000000054; 0.10371117796328413
62.400000000000055; 0.10468322461455815
62.50000000000006; 0.10565823870678617
62.60000000000005; 0.106636182449213
62.70000000000005; 0.10761701807122248
62.800000000000054; 0.10860070782746178
62.900000000000055; 0.10958721400288153
63.00000000000006; 0.11057649891767686
63.10000000000006; 0.11156852493215508
63.20000000000005; 0.11256325445150721
63.300000000000054; 0.11356064993049626
63.400000000000055; 0.1145606738780635
63.50000000000006; 0.1155632888618429
63.60000000000006; 0.11656845751259055
63.70000000000005; 0.11757614252853926
63.800000000000054; 0.11858630667965726
63.900000000000055; 0.1195989128118272
64.00000000000006; 0.1206139238509493
64.10000000000005; 0.12163130280694986
64.20000000000006; 0.1226510127777148
64.30000000000005; 0.12367301695294547
64.40000000000006; 0.12469727861792455
64.50000000000006; 0.12572376115720665
64.60000000000005; 0.12675242805823334
64.70000000000006; 0.1277832429148591
64.80000000000005; 0.1288161694308089
64.90000000000006; 0.1298511714230576
65.00000000000006; 0.13088821282511806
65.10000000000005; 0.13192725769027863
65.20000000000006; 0.13296827019473842
65.30000000000005; 0.1340112146406852
65.40000000000006; 0.13505605545929725
65.50000000000006; 0.1361027572136595
65.60000000000005; 0.13715128460162443
65.70000000000006; 0.1382016024585905
65.80000000000005; 0.1392536757602068
65.90000000000006; 0.14030746962501645
66.00000000000006; 0.14136294931702778
66.10000000000005; 0.14242008024820732
66.20000000000006; 0.14347882798091888
66.30000000000005; 0.14453915823028515
66.40000000000006; 0.14560103686648657
66.50000000000006; 0.14666442991699166
66.60000000000005; 0.14772930356872646
66.70000000000006; 0.14879562417017922
66.80000000000005; 0.14986335823343383
66.90000000000006; 0.15093247243615499
67.00000000000006; 0.15200293362349165
67.10000000000007; 0.15307470880994553
67.20000000000006; 0.15414776518114898
67.30000000000005; 0.15522207009561292
67.40000000000006; 0.15629759108638977
67.50000000000006; 0.15737429586270132
67.60000000000007; 0.15845215231149082
67.70000000000006; 0.15953112849892948
67.80000000000005; 0.16061119267186527
67.90000000000006; 0.1616923132592176
68.00000000000006; 0.16277445887331168
68.10000000000007; 0.16385759831116842
68.20000000000006; 0.16494170055573762
68.30000000000005; 0.16602673477707786
68.40000000000006; 0.16711267033349025
68.50000000000006; 0.1681994767725977
68.60000000000007; 0.169287123832377
68.70000000000006; 0.17037558144214088
68.80000000000005; 0.17146481972347324
68.90000000000006; 0.17255480899111994
69.00000000000006; 0.17364551975382606
69.10000000000007; 0.1747369227151344
69.20000000000006; 0.17582898877413752
69.30000000000005; 0.1769216890261855
69.40000000000006; 0.1780149947635447
69.50000000000006; 0.17910887747602533
69.60000000000007; 0.18020330885155822
69.70000000000006; 0.18129826077673358
69.80000000000007; 0.182393705337297
69.90000000000006; 0.18348961481861006
70.00000000000006; 0.1845859617060678
70.10000000000007; 0.18568271868547814
70.20000000000006; 0.18677985864340887
70.30000000000007; 0.18787735466749117
70.40000000000006; 0.188975180046686
70.50000000000006; 0.19007330827152621
70.60000000000007; 0.19117171303430724
70.70000000000006; 0.19227036822926172
70.80000000000007; 0.19336924795267815
70.90000000000006; 0.1944683265030124
71.00000000000006; 0.19556757838094438
71.10000000000007; 0.1966669782894177
71.20000000000006; 0.19776650113364094
71.30000000000007; 0.19886612202106094
71.40000000000006; 0.19996581626130405
71.50000000000006; 0.20106555936609447
71.60000000000007; 0.2021653270491354
71.70000000000006; 0.20326509522596983
71.80000000000007; 0.20436484001380822
71.90000000000006; 0.20546453773133094
72.00000000000006; 0.2065641648984665
72.10000000000007; 0.20766369823614617
72.20000000000006; 0.2087631146660234
72.30000000000007; 0.20986239131018264
72.40000000000006; 0.21096150549080775
72.50000000000006; 0.21206043472984962
72.60000000000007; 0.21315915674864228
72.70000000000006; 0.21425764946752585
72.80000000000007; 0.21535589100542385
72.90000000000006; 0.21645385967941355
73.00000000000006; 0.2175515340042707
73.10000000000007; 0.2186488926919912
73.20000000000006; 0.2197459146513023
73.30000000000007; 0.22084257898714066
73.40000000000006; 0.2219388650001263
73.50000000000007; 0.22303475218600627
73.60000000000007; 0.22413022023508408
73.70000000000006; 0.22522524903163899
73.80000000000007; 0.22631981865331585
73.90000000000006; 0.22741390937050968
74.00000000000007; 0.22850750164572656
74.10000000000007; 0.22960057613292945
74.20000000000006; 0.23069311367687748
74.30000000000007; 0.23178509531243677
74.40000000000006; 0.23287650226389148
74.50000000000007; 0.23396731594422568
74.60000000000007; 0.23505751795440621
74.70000000000006; 0.23614709008264423
74.80000000000007; 0.2372360143036406
74.90000000000006; 0.23832427277783058
75.00000000000007; 0.23941184785060893
75.10000000000007; 0.24049872205154038
75.20000000000006; 0.24158487809356782
75.30000000000007; 0.2426702988722001
75.40000000000006; 0.24375496746469866
75.50000000000007; 0.24483886712924732
75.60000000000007; 0.24592198130411397
75.70000000000006; 0.24700429360680282
75.80000000000007; 0.24808578783320234
75.90000000000006; 0.2491664479567105
76.00000000000007; 0.25024625812737616
76.10000000000007; 0.2513252026709991
76.20000000000007; 0.2524032660882581
76.30000000000007; 0.2534804330537985
76.40000000000006; 0.25455668841534207
76.50000000000007; 0.2556320171927643
76.60000000000007; 0.2567064045771816
76.70000000000007; 0.2577798359300281
76.80000000000007; 0.25885229678212285
76.90000000000006; 0.25992377283273643
77.00000000000007; 0.26099424994864967
77.10000000000007; 0.26206371416319907
77.20000000000007; 0.2631321516753388
77.30000000000007; 0.26419954884867536
77.40000000000006; 0.26526589221050445
77.50000000000007; 0.2663311684508571
77.60000000000007; 0.2673953644215163
77.70000000000007; 0.2684584671350583
77.80000000000007; 0.26952046376386457
77.90000000000006; 0.2705813416391507
78.00000000000007; 0.27164108824997785
78.10000000000007; 0.272699691242274
78.20000000000007; 0.27375713841783733
78.30000000000007; 0.2748134177333533
78.40000000000006; 0.27586851729939954
78.50000000000007; 0.27692242537944994
78.60000000000007; 0.2779751303888798
78.70000000000007; 0.2790266208939662
78.80000000000007; 0.2800768856108934
78.90000000000006; 0.28112591340474297
79.00000000000007; 0.2821736932885025
79.10000000000007; 0.2832202144220567
79.20000000000007; 0.2842654661111861
79.30000000000007; 0.28530943780656126
79.40000000000006; 0.2863521191027431
79.50000000000007; 0.28739349973717504
79.60000000000007; 0.2884335695891775
79.70000000000007; 0.28947231867894985
79.80000000000007; 0.2905097371665604
79.90000000000008; 0.2915458153509418
80.00000000000007; 0.29258054366889874
80.10000000000007; 0.29361418016507956
80.20000000000007; 0.294646451600688
80.30000000000007; 0.2956773448701822
80.40000000000008; 0.296706850931575
80.50000000000007; 0.2977349608756765
80.60000000000007; 0.29876166592509823
80.70000000000007; 0.2997869574332658
80.80000000000007; 0.30081082688342187
80.90000000000008; 0.30183326588764164
81.00000000000007; 0.3028542661858413
81.10000000000007; 0.30387381964479276
81.20000000000007; 0.3048919182571447
81.30000000000007; 0.30590855414043544
81.40000000000008; 0.3069237195361153
81.50000000000007; 0.30793740680857656
81.60000000000007; 0.3089496084441684
81.70000000000007; 0.3099603170502314
81.80000000000007; 0.31096952535412675
81.90000000000008; 0.31197722620227536
82.00000000000007; 0.31298341255918377
82.10000000000007; 0.31398807750649177
82.20000000000007; 0.3149912142420154
82.30000000000007; 0.31599281607878416
82.40000000000008; 0.3169928764441003
82.50000000000007; 0.3179913888785814
82.60000000000008; 0.31898834703522283
82.70000000000007; 0.3199837446784516
82.80000000000007; 0.32097757568319063
82.90000000000008; 0.3219698340339214
83.00000000000007; 0.3229605138237557
83.10000000000008; 0.3239496092535116
83.20000000000007; 0.32493711463077984
83.30000000000007; 0.3259230243690149
83.40000000000008; 0.32690733298660896
83.50000000000007; 0.32789003510598846
83.60000000000008; 0.328871125452701
83.70000000000007; 0.32985059885451246
83.80000000000007; 0.3308284502405033
83.90000000000008; 0.3318046746401777
84.00000000000007; 0.33277926718256823
84.10000000000008; 0.3337522230953471
84.20000000000007; 0.334723537703943
84.30000000000007; 0.3356932064306655
84.40000000000008; 0.33666122479382093
84.50000000000007; 0.33762758840684803
84.60000000000008; 0.33859229297745125
84.70000000000007; 0.3395553343067355
84.80000000000007; 0.34051670828834796
84.90000000000008; 0.3414764109076266
85.00000000000007; 0.34243443824074854
85.10000000000008; 0.34339078645389337
85.20000000000007; 0.34434545180238724
85.30000000000007; 0.345298430629885
85.40000000000008; 0.34624971936752685
85.50000000000007; 0.34719931453311553
85.60000000000008; 0.3481472127303009
85.70000000000007; 0.34909341064775007
85.80000000000007; 0.3500379050583453
85.90000000000008; 0.35098069281837213
86.00000000000007; 0.3519217708667182
86.10000000000008; 0.35286113622407117
86.20000000000007; 0.3537987859921291
86.30000000000008; 0.35473471735280787
86.40000000000008; 0.35566892756746155
86.50000000000007; 0.3566014139760964
86.60000000000008; 0.3575321739966014
86.70000000000007; 0.35846120512397744
86.80000000000008; 0.3593885049295715
86.90000000000008; 0.3603140710603118
87.00000000000007; 0.361237901237961
87.10000000000008; 0.3621599932583583
87.20000000000007; 0.3630803449906781
87.30000000000008; 0.3639989543766848
87.40000000000008; 0.3649158194299968
87.50000000000007; 0.36583093823535945
87.60000000000008; 0.3667443089479143
87.70000000000007; 0.36765592979247447
87.80000000000008; 0.3685657990628145
87.90000000000008; 0.3694739151209545
88.00000000000007; 0.37038027639644966
88.10000000000008; 0.37128488138569493
88.20000000000007; 0.3721877286512185
88.30000000000008; 0.37308881682099293
88.40000000000008; 0.37398814458775126
88.50000000000007; 0.37488571070829263
88.60000000000008; 0.3757815140028155
88.70000000000007; 0.37667555335423414
88.80000000000008; 0.3775678277075165
88.90000000000008; 0.37845833606901197
89.00000000000009; 0.37934707750580265
89.10000000000008; 0.38023405114503567
89.20000000000007; 0.381119256173286
89.30000000000008; 0.3820026918358997
89.40000000000008; 0.38288435743635935
89.50000000000009; 0.38376425233564787
89.60000000000008; 0.38464237595161405
89.70000000000007; 0.3855187277583497
89.80000000000008; 0.3863933072855652
89.90000000000008; 0.3872661141179711
90.00000000000009; 0.3881371478946726
90.10000000000008; 0.38900640830854794
90.20000000000007; 0.3898738951056619
90.30000000000008; 0.3907396080846505
90.40000000000008; 0.3916035470961397
90.50000000000009; 0.3924657120421488
90.60000000000008; 0.39332610287550746
90.70000000000007; 0.39418471959927487
90.80000000000008; 0.3950415622661641
90.90000000000008; 0.39589663097796746
91.00000000000009; 0.396749925884998
91.10000000000008; 0.39760144718551504
91.20000000000007; 0.3984511951251768
91.30000000000008; 0.39929916999648135
91.40000000000008; 0.40014537213821594
91.50000000000009; 0.40098980193491685
91.60000000000008; 0.401832459816327
91.70000000000007; 0.40267334625685886
91.80000000000008; 0.40351246177506445
91.90000000000008; 0.40434980693310413
92.00000000000009; 0.4051853823362311
92.10000000000008; 0.4060191886322639
92.20000000000007; 0.40685122651107986
92.30000000000008; 0.40768149670409753
92.40000000000008; 0.4085099999837773
92.50000000000009; 0.4093367371631156
92.60000000000008; 0.41016170909514815
92.70000000000009; 0.4109849166724564
92.80000000000008; 0.4118063608266786
92.90000000000008; 0.4126260425280247
93.00000000000009; 0.4134439627847954
93.10000000000008; 0.4142601226429067
93.20000000000009; 0.4150745231854129
93.30000000000008; 0.4158871655320403
93.40000000000008; 0.41669805083872435
93.50000000000009; 0.41750718029714534
93.60000000000008; 0.4183145551342733
93.70000000000009; 0.4191201766119143
93.80000000000008; 0.4199240460262645
93.90000000000008; 0.4207261647074583
94.00000000000009; 0.42152653401913615
94.10000000000008; 0.4223251553579995
94.20000000000009; 0.42312203015338384
94.30000000000008; 0.42391715986682127
94.40000000000008; 0.4247105459916218
94.50000000000009; 0.4255021900524513
94.60000000000008; 0.42629209360490444
94.70000000000009; 0.4270802582351042
94.80000000000008; 0.4278666855592758
94.90000000000008; 0.4286513772233527
95.00000000000009; 0.4294343349025628
95.10000000000008; 0.4302155603010383
95.20000000000009; 0.4309950551514086
95.30000000000008; 0.4317728212144205
95.40000000000009; 0.43254886027853606
95.50000000000009; 0.4333231741595552
95.60000000000008; 0.4340957647002324
95.70000000000009; 0.43486663376989787
95.80000000000008; 0.4356357832640817
95.90000000000009; 0.43640321510414415
96.00000000000009; 0.4371689312369029
96.10000000000008; 0.4379329336342751
96.20000000000009; 0.4386952242929136
96.30000000000008; 0.4394558052338452
96.40000000000009; 0.4402146785021201
96.50000000000009; 0.44097184616646334
96.60000000000008; 0.441727310318917
96.70000000000009; 0.4424810730745083
96.80000000000008; 0.44323313657089797
96.90000000000009; 0.4439835029680458
97.00000000000009; 0.4447321744478781
97.10000000000008; 0.4454791532139504
97.20000000000009; 0.4462244414911257
97.30000000000008; 0.44696804152524194
97.40000000000009; 0.44770995558279636
97.50000000000009; 0.44845018595062147
97.60000000000008; 0.44918873493556766
97.70000000000009; 0.4499256048641992
97.80000000000008; 0.45066079808247156
97.90000000000009; 0.4513943169554341
98.00000000000009; 0.4521261638669216
98.10000000000008; 0.45285634121925505
98.20000000000009; 0.4535848514329404
98.30000000000008; 0.4543116969463761
98.40000000000009; 0.45503688021556266
98.50000000000009; 0.45576040371380616
98.60000000000008; 0.45648226993143987
98.70000000000009; 0.4572024813755359
98.80000000000008; 0.45792104056962396
98.90000000000009; 0.458637950053414
99.00000000000009; 0.4593532123825218
99.1000000000001; 0.46006683012819805
99.20000000000009; 0.4607788058770516
99.30000000000008; 0.46148914223079196
99.40000000000009; 0.46219784180595347
99.50000000000009; 0.46290490723364386
99.6000000000001; 0.4636103411592795
99.70000000000009; 0.46431414624233114
99.80000000000008; 0.46501632515606833
99.90000000000009; 0.46571688058730676
100.00000000000009; 0.46641581017585726
100.1000000000001; 0.46711292840451607
100.20000000000009; 0.467808431981035
100.30000000000008; 0.46850232360527455
100.40000000000009; 0.46919460598988627
100.50000000000009; 0.4698852818600722
100.6000000000001; 0.47057435395334374
100.70000000000009; 0.47126182501929353
100.80000000000008; 0.4719476978193626
100.90000000000009; 0.47263197512660526
101.00000000000009; 0.4733146597254719
101.1000000000001; 0.47399575441157354
101.20000000000009; 0.4746752619914654
101.30000000000008; 0.4753531852824283
101.40000000000009; 0.47602952711224483
101.50000000000009; 0.4767042903189895
101.6000000000001; 0.47737747775081263
101.70000000000009; 0.4780490922657292
101.8000000000001; 0.4787191367314094
101.90000000000009; 0.4793876140249765
102.00000000000009; 0.4800545270327934
102.1000000000001; 0.4807198786502714
102.20000000000009; 0.48138367178166075
102.3000000000001; 0.48204590933985736
102.40000000000009; 0.4827065942462048
102.50000000000009; 0.4833657294303017
102.6000000000001; 0.4840233178298081
102.70000000000009; 0.48467936239026077
102.8000000000001; 0.485333866064878
102.90000000000009; 0.4859868318143767
103.00000000000009; 0.48663826260679577
103.1000000000001; 0.48728816141730047
103.20000000000009; 0.48793653122801534
103.3000000000001; 0.4885833750278401
103.40000000000009; 0.4892286958122756
103.50000000000009; 0.48987249658324805
103.6000000000001; 0.49051478034894097
103.70000000000009; 0.4911555501236209
103.8000000000001; 0.4917948089274704
103.90000000000009; 0.4924325597864219
104.00000000000009; 0.4930688057319941
104.1000000000001; 0.49370354980112746
104.20000000000009; 0.49433679503602534
104.3000000000001; 0.4949685444839919
104.40000000000009; 0.4955988011972764
104.50000000000009; 0.4962275682329211
104.6000000000001; 0.49685484865259744
104.70000000000009; 0.49748064552246796
104.8000000000001; 0.4981049619130202
104.90000000000009; 0.49872780089893354
105.00000000000009; 0.49934916555891806
105.1000000000001; 0.4999690589755818
105.20000000000009; 0.5005874842352753
105.3000000000001; 0.5012044444279585
105.40000000000009; 0.5018199426470564
105.5000000000001; 0.5024339819893209
105.6000000000001; 0.5030465655546923
105.70000000000009; 0.5036576964461669
105.8000000000001; 0.504267377769657
105.90000000000009; 0.504875612633867
106.0000000000001; 0.5054824041501526
106.1000000000001; 0.5060877554324
106.20000000000009; 0.5066916695968929
106.3000000000001; 0.5072941497621861
106.40000000000009; 0.5078951990489836
106.5000000000001; 0.5084948205800124
106.6000000000001; 0.5090930174798995
106.70000000000009; 0.5096897928750556
106.8000000000001; 0.5102851498935538
106.90000000000009; 0.5108790916650072
107.0000000000001; 0.511471621320462
107.1000000000001; 0.5120627419922742
107.20000000000009; 0.5126524568140001
107.3000000000001; 0.5132407689202808
107.40000000000009; 0.5138276814467384
107.5000000000001; 0.5144131975298559
107.6000000000001; 0.5149973203068812
107.70000000000009; 0.5155800529157072
107.8000000000001; 0.5161613984947786
107.90000000000009; 0.5167413601829781
108.0000000000001; 0.5173199411195302
108.1000000000001; 0.5178971444438927
108.2000000000001; 0.5184729732956637
108.3000000000001; 0.519047430814477
108.40000000000009; 0.5196205201399058
108.5000000000001; 0.5201922444113665
108.6000000000001; 0.5207626067680227
108.7000000000001; 0.521331610348689
108.8000000000001; 0.5218992582917419
108.90000000000009; 0.5224655537350251
109.0000000000001; 0.5230304998157568
109.1000000000001; 0.5235940996704435
109.2000000000001; 0.5241563564347927
109.3000000000001; 0.5247172732436185
109.40000000000009; 0.5252768532307623
109.5000000000001; 0.5258350995290052
109.6000000000001; 0.526392015269983
109.7000000000001; 0.5269476035841054
109.8000000000001; 0.5275018676004711
109.90000000000009; 0.5280548104467891
110.0000000000001; 0.5286064352492992
110.1000000000001; 0.5291567451326908
110.2000000000001; 0.5297057432200278
110.3000000000001; 0.5302534326326721
110.40000000000009; 0.5307998164902034
110.5000000000001; 0.5313448979103526
110.6000000000001; 0.5318886800089204
110.7000000000001; 0.5324311658997076
110.8000000000001; 0.5329723586944447
110.90000000000009; 0.5335122615027195
111.0000000000001; 0.5340508774319072
111.1000000000001; 0.5345882095871038
111.2000000000001; 0.5351242610710563
111.3000000000001; 0.5356590349840942
111.40000000000009; 0.5361925344240669
111.5000000000001; 0.5367247624862771
111.6000000000001; 0.5372557222634147
111.7000000000001; 0.5377854168454986
111.8000000000001; 0.5383138493198084
111.9000000000001; 0.5388410227708251
112.0000000000001; 0.5393669402801721
112.1000000000001; 0.5398916049265546
112.2000000000001; 0.5404150197856971
112.3000000000001; 0.5409371879302907
112.4000000000001; 0.5414581124299318
112.5000000000001; 0.5419777963510688
112.6000000000001; 0.5424962427569427
112.7000000000001; 0.5430134547075348
112.8000000000001; 0.5435294352595124
112.9000000000001; 0.544044187466175
113.0000000000001; 0.5445577143774022
113.1000000000001; 0.5450700190395994
113.2000000000001; 0.5455811044956547
113.3000000000001; 0.5460909737848777
113.4000000000001; 0.546599629942958
113.5000000000001; 0.5471070760019145
113.6000000000001; 0.5476133149900454
113.7000000000001; 0.5481183499318849
113.8000000000001; 0.5486221838481524
113.9000000000001; 0.5491248197557086
114.0000000000001; 0.5496262606675137
114.1000000000001; 0.5501265095925765
114.2000000000001; 0.5506255695359149
114.3000000000001; 0.5511234434985124
114.4000000000001; 0.5516201344772762
114.5000000000001; 0.5521156454649946
114.60000000000011; 0.5526099794502954
114.7000000000001; 0.5531031394176057
114.8000000000001; 0.5535951283471148
114.9000000000001; 0.5540859492147333
115.0000000000001; 0.5545756049920533
115.10000000000011; 0.5550640986463122
115.2000000000001; 0.5555514331403555
115.3000000000001; 0.5560376114326004
115.4000000000001; 0.5565226364769998
115.5000000000001; 0.5570065112230059
115.60000000000011; 0.5574892386155368
115.7000000000001; 0.5579708215949432
115.8000000000001; 0.5584512630969697
115.9000000000001; 0.5589305660527314
116.0000000000001; 0.55940873338867
116.10000000000011; 0.5598857680265314
116.2000000000001; 0.5603616728833309
116.3000000000001; 0.5608364508713197
116.4000000000001; 0.5613101048979584
116.5000000000001; 0.5617826378658889
116.60000000000011; 0.5622540526729
116.7000000000001; 0.5627243522119013
116.8000000000001; 0.5631935393708979
116.9000000000001; 0.5636616170329583
117.0000000000001; 0.5641285880761917
117.10000000000011; 0.564594455373716
117.2000000000001; 0.5650592217936382
117.3000000000001; 0.5655228901990258
117.4000000000001; 0.5659854634478799
117.5000000000001; 0.5664469443931143
117.60000000000011; 0.5669073358825282
117.7000000000001; 0.5673666407587868
117.8000000000001; 0.5678248618593934
117.9000000000001; 0.5682820020166693
118.0000000000001; 0.5687380640577331
118.10000000000011; 0.5691930508044749
118.2000000000001; 0.5696469650735394
118.30000000000011; 0.570099809676302
118.4000000000001; 0.5705515874188487
118.5000000000001; 0.5710023011019593
118.60000000000011; 0.571451953521084
118.7000000000001; 0.5719005474663261
118.80000000000011; 0.5723480857224221
118.9000000000001; 0.5727945710687263
119.0000000000001; 0.5732400062791907
119.10000000000011; 0.5736843941223464
119.2000000000001; 0.5741277373612909
119.30000000000011; 0.5745700387536651
119.4000000000001; 0.575011301051644
119.5000000000001; 0.5754515270019149
119.60000000000011; 0.5758907193456676
119.7000000000001; 0.5763288808185739
119.80000000000011; 0.5767660141507757
119.9000000000001; 0.5772021220668694
120.0000000000001; 0.5776372072858953
120.10000000000011; 0.5780712725213195
120.2000000000001; 0.578504320481022
120.30000000000011; 0.578936353867287
120.4000000000001; 0.5793673753767835
120.5000000000001; 0.5797973877005628
120.60000000000011; 0.5802263935240366
120.7000000000001; 0.5806543955269711
120.80000000000011; 0.5810813963834772
120.9000000000001; 0.5815073987619932
121.00000000000011; 0.5819324053252831
121.10000000000011; 0.5823564187304158
121.2000000000001; 0.5827794416287668
121.30000000000011; 0.5832014766659989
121.4000000000001; 0.5836225264820576
121.50000000000011; 0.5840425937111616
121.60000000000011; 0.5844616809817957
121.7000000000001; 0.5848797909166975
121.80000000000011; 0.5852969261328557
121.9000000000001; 0.5857130892414963
122.00000000000011; 0.5861282828480798
122.10000000000011; 0.5865425095522919
122.2000000000001; 0.5869557719480363
122.30000000000011; 0.5873680726234298
122.4000000000001; 0.5877794141607933
122.50000000000011; 0.5881897991366496
122.60000000000011; 0.5885992301217132
122.7000000000001; 0.589007709680887
122.80000000000011; 0.5894152403732579
122.9000000000001; 0.5898218247520907
123.00000000000011; 0.590227465364823
123.10000000000011; 0.5906321647530616
123.2000000000001; 0.5910359254525757
123.30000000000011; 0.5914387499932973
123.4000000000001; 0.5918406408993158
123.50000000000011; 0.5922416006888703
123.60000000000011; 0.5926416318743526
123.7000000000001; 0.5930407369623014
123.80000000000011; 0.5934389184533988
123.9000000000001; 0.5938361788424668
124.00000000000011; 0.5942325206184689
124.10000000000011; 0.5946279462645049
124.2000000000001; 0.595022458257809
124.30000000000011; 0.5954160590697496
124.4000000000001; 0.5958087511658268
124.50000000000011; 0.5962005370056707
124.60000000000011; 0.5965914190430415
124.70000000000012; 0.5969813997258289
124.80000000000011; 0.5973704814960501
124.9000000000001; 0.5977586667898481
125.00000000000011; 0.5981459580374974
125.10000000000011; 0.5985323576633961
125.20000000000012; 0.5989178680860723
125.30000000000011; 0.5993024917181798
125.4000000000001; 0.599686230966504
125.50000000000011; 0.6000690882319555
125.60000000000011; 0.6004510659095778
125.70000000000012; 0.6008321663885455
125.80000000000011; 0.6012123920521644
125.9000000000001; 0.6015917452778744
126.00000000000011; 0.6019702284372506
126.10000000000011; 0.6023478438960067
126.20000000000012; 0.6027245940139954
126.30000000000011; 0.6031004811452091
126.4000000000001; 0.6034755076377855
126.50000000000011; 0.6038496758340073
126.60000000000011; 0.6042229880703068
126.70000000000012; 0.6045954466772685
126.80000000000011; 0.6049670539796288
126.9000000000001; 0.6053378122962856
127.00000000000011; 0.6057077239402937
127.10000000000011; 0.6060767912188738
127.20000000000012; 0.6064450164334153
127.30000000000011; 0.6068124018794778
127.40000000000012; 0.607178949846796
127.50000000000011; 0.6075446626192854
127.60000000000011; 0.6079095424750431
127.70000000000012; 0.608273591686355
127.80000000000011; 0.6086368125196981
127.90000000000012; 0.6089992072357482
128.0000000000001; 0.6093607780893793
128.1000000000001; 0.6097215273296739
128.2000000000001; 0.6100814571999242
128.30000000000013; 0.6104405699376381
128.40000000000012; 0.6107988677745465
128.5000000000001; 0.6111563529366054
128.6000000000001; 0.6115130276440025
128.7000000000001; 0.6118688941111644
128.80000000000013; 0.6122239545467594
128.90000000000012; 0.6125782111537054
129.0000000000001; 0.6129316661291748
129.1000000000001; 0.6132843216646019
129.2000000000001; 0.6136361799456863
129.30000000000013; 0.6139872431524014
129.40000000000012; 0.6143375134590016
129.5000000000001; 0.6146869930340242
129.6000000000001; 0.6150356840403015
129.7000000000001; 0.6153835886349653
129.80000000000013; 0.6157307089694509
129.90000000000012; 0.6160770471895078
130.0000000000001; 0.616422605435205
130.1000000000001; 0.6167673858409397
130.2000000000001; 0.6171113905354405
130.30000000000013; 0.6174546216417786
130.40000000000012; 0.6177970812773741
130.5000000000001; 0.6181387715540011
130.6000000000001; 0.6184796945777997
130.7000000000001; 0.6188198524492791
130.80000000000013; 0.6191592472633289
130.90000000000012; 0.6194978811092229
131.0000000000001; 0.6198357560706307
131.1000000000001; 0.6201728742256248
131.2000000000001; 0.6205092376466864
131.30000000000013; 0.6208448484007177
131.40000000000012; 0.6211797085490443
131.5000000000001; 0.6215138201474286
131.6000000000001; 0.6218471852460767
131.7000000000001; 0.6221798058896438
131.80000000000013; 0.6225116841172489
131.90000000000012; 0.6228428219624771
132.0000000000001; 0.6231732214533909
132.1000000000001; 0.6235028846125398
132.2000000000001; 0.6238318134569673
132.30000000000013; 0.6241600099982211
132.40000000000012; 0.6244874762423611
132.5000000000001; 0.6248142141899693
132.6000000000001; 0.6251402258361566
132.70000000000013; 0.6254655131705757
132.80000000000013; 0.6257900781774266
132.90000000000012; 0.6261139228354676
133.0000000000001; 0.6264370491180242
133.1000000000001; 0.6267594589929986
133.20000000000013; 0.6270811544228798
133.30000000000013; 0.6274021373647509
133.40000000000012; 0.627722409770301
133.5000000000001; 0.6280419735858327
133.6000000000001; 0.6283608307522738
133.70000000000013; 0.6286789832051857
133.80000000000013; 0.6289964328747722
133.90000000000012; 0.6293131816858921
134.0000000000001; 0.6296292315580663
134.1000000000001; 0.6299445844054881
134.20000000000013; 0.6302592421370355
134.30000000000013; 0.6305732066562766
134.40000000000012; 0.6308864798614852
134.5000000000001; 0.6311990636456462
134.6000000000001; 0.6315109598964683
134.70000000000013; 0.6318221704963926
134.80000000000013; 0.6321326973226034
134.90000000000012; 0.63244254224704
135.0000000000001; 0.6327517071364035
135.1000000000001; 0.6330601938521699
135.20000000000013; 0.6333680042506008
135.30000000000013; 0.6336751401827494
135.40000000000012; 0.6339816034944774
135.5000000000001; 0.63428739602646
135.6000000000001; 0.6345925196141986
135.70000000000013; 0.6348969760880334
135.80000000000013; 0.635200767273148
135.90000000000012; 0.6355038949895868
136.0000000000001; 0.6358063610522616
136.1000000000001; 0.6361081672709625
136.20000000000013; 0.6364093154503694
136.30000000000013; 0.6367098073900633
136.40000000000012; 0.637009644884535
136.5000000000001; 0.6373088297231978
136.6000000000001; 0.6376073636903985
136.70000000000013; 0.6379052485654249
136.80000000000013; 0.6382024861225218
136.90000000000012; 0.6384990781308967
137.0000000000001; 0.6387950263547341
137.1000000000001; 0.6390903325532054
137.20000000000013; 0.6393849984804801
137.30000000000013; 0.639679025885735
137.40000000000012; 0.6399724165131682
137.5000000000001; 0.6402651721020072
137.6000000000001; 0.6405572943865228
137.70000000000013; 0.6408487850960372
137.80000000000013; 0.6411396459549363
137.90000000000012; 0.641429878682682
138.0000000000001; 0.6417194849938207
138.1000000000001; 0.6420084665979972
138.20000000000013; 0.6422968251999637
138.30000000000013; 0.6425845624995918
138.40000000000012; 0.6428716801918836
138.5000000000001; 0.6431581799669833
138.60000000000014; 0.6434440635101873
138.70000000000013; 0.6437293325019553
138.80000000000013; 0.6440139886179247
138.90000000000012; 0.6442980335289161
139.0000000000001; 0.64458146890095
139.10000000000014; 0.6448642963952548
139.20000000000013; 0.64514651766828
139.30000000000013; 0.6454281343717051
139.40000000000012; 0.6457091481524538
139.5000000000001; 0.645989560652703
139.60000000000014; 0.6462693735098939
139.70000000000013; 0.646548588356746
139.80000000000013; 0.646827206821266
139.90000000000012; 0.6471052305267596
140.0000000000001; 0.6473826610918427
140.10000000000014; 0.6476595001304539
140.20000000000013; 0.6479357492518635
140.30000000000013; 0.6482114100606887
140.40000000000012; 0.6484864841568995
140.5000000000001; 0.6487609731358361
140.60000000000014; 0.6490348785882151
140.70000000000013; 0.6493082021001431
140.80000000000013; 0.6495809452531297
140.90000000000012; 0.6498531096240953
141.0000000000001; 0.6501246967853852
141.10000000000014; 0.6503957083047793
141.20000000000013; 0.6506661457455044
141.30000000000013; 0.6509360106662467
141.40000000000012; 0.6512053046211598
141.5000000000001; 0.6514740291598804
141.60000000000014; 0.6517421858275343
141.70000000000013; 0.6520097761647535
141.80000000000013; 0.6522768017076834
141.90000000000012; 0.6525432639879968
142.0000000000001; 0.6528091645329033
142.10000000000014; 0.6530745048651618
142.20000000000013; 0.6533392865030913
142.30000000000013; 0.6536035109605836
142.40000000000012; 0.6538671797471112
142.5000000000001; 0.6541302943677441
142.60000000000014; 0.6543928563231547
142.70000000000013; 0.6546548671096348
142.80000000000013; 0.6549163282191051
142.90000000000012; 0.6551772411391238
143.0000000000001; 0.6554376073529016
143.10000000000014; 0.6556974283393113
143.20000000000013; 0.6559567055728996
143.30000000000013; 0.6562154405238984
143.40000000000012; 0.6564736346582352
143.5000000000001; 0.6567312894375459
143.60000000000014; 0.6569884063191848
143.70000000000013; 0.6572449867562363
143.80000000000013; 0.6575010321975271
143.90000000000012; 0.6577565440876353
144.0000000000001; 0.6580115238669039
144.10000000000014; 0.6582659729714514
144.20000000000013; 0.6585198928331822
144.30000000000013; 0.6587732848797986
144.40000000000012; 0.6590261505348112
144.5000000000001; 0.6592784912175526
144.60000000000014; 0.659530308343184
144.70000000000013; 0.6597816033227112
144.80000000000013; 0.6600323775629925
144.90000000000012; 0.660282632466753
145.0000000000001; 0.6605323694325915
145.10000000000014; 0.6607815898549952
145.20000000000013; 0.6610302951243491
145.30000000000013; 0.6612784866269488
145.40000000000012; 0.6615261657450091
145.50000000000014; 0.6617733338566772
145.60000000000014; 0.6620199923360427
145.70000000000013; 0.6622661425531494
145.80000000000013; 0.6625117858740062
145.90000000000012; 0.662756923660597
146.00000000000014; 0.6630015572708937
146.10000000000014; 0.6632456880588655
146.20000000000013; 0.663489317374491
146.30000000000013; 0.663732446563769
146.40000000000012; 0.6639750769687293
146.50000000000014; 0.664217209927443
146.60000000000014; 0.6644588467740348
146.70000000000013; 0.6646999888386934
146.80000000000013; 0.6649406374476818
146.90000000000012; 0.6651807939233493
147.00000000000014; 0.6654204595841414
147.10000000000014; 0.6656596357446106
147.20000000000013; 0.665898323715429
147.30000000000013; 0.666136524803397
147.40000000000012; 0.6663742403114561
147.50000000000014; 0.6666114715386973
147.60000000000014; 0.6668482197803732
147.70000000000013; 0.6670844863279115
147.80000000000013; 0.6673202724689192
147.90000000000012; 0.6675555794872013
148.00000000000014; 0.6677904086627642
148.10000000000014; 0.6680247612718314
148.20000000000013; 0.668258638586853
148.30000000000013; 0.6684920418765142
148.40000000000012; 0.6687249724057502
148.50000000000014; 0.6689574314357517
148.60000000000014; 0.6691894202239794
148.70000000000013; 0.6694209400241745
148.80000000000013; 0.6696519920863668
148.90000000000012; 0.6698825776568867
149.00000000000014; 0.6701126979783766
149.10000000000014; 0.6703423542898003
149.20000000000013; 0.6705715478264529
149.30000000000013; 0.6708002798199749
149.40000000000012; 0.6710285514983566
149.50000000000014; 0.6712563640859539
149.60000000000014; 0.6714837188034974
149.70000000000013; 0.6717106168681007
149.80000000000013; 0.6719370594932738
149.90000000000012; 0.6721630478889314
150.00000000000014; 0.6723885832614042
150.10000000000014; 0.6726136746738832
150.20000000000013; 0.6728383155566617
150.30000000000013; 0.6730625069922244
150.40000000000012; 0.6732862501724152
150.50000000000014; 0.6735095462855507
150.60000000000014; 0.6737323965164346
150.70000000000013; 0.673954802046364
150.80000000000013; 0.6741767640531414
150.90000000000012; 0.6743982837110852
151.00000000000014; 0.6746193621910382
151.10000000000014; 0.6748400006603794
151.20000000000013; 0.675060200283032
151.30000000000013; 0.6752799622194764
151.40000000000015; 0.6754992876267566
151.50000000000014; 0.6757181776584941
151.60000000000014; 0.675936633464895
151.70000000000013; 0.6761546561927598
151.80000000000013; 0.6763722469854959
151.90000000000015; 0.6765894069831268
152.00000000000014; 0.676806137322298
152.10000000000014; 0.677022439136293
152.20000000000013; 0.6772383135550398
152.30000000000013; 0.6774537617051207
152.40000000000015; 0.6776687847097824
152.50000000000014; 0.6778833836889465
152.60000000000014; 0.6780975597592184
152.70000000000013; 0.6783113140338991
152.80000000000013; 0.6785246476229907
152.90000000000015; 0.6787375616332106
153.00000000000014; 0.6789500571679996
153.10000000000014; 0.6791621353275294
153.20000000000013; 0.6793737972087156
153.30000000000013; 0.6795850439052261
153.40000000000015; 0.6797958765074896
153.50000000000014; 0.6800062961027067
153.60000000000014; 0.6802163037748585
153.70000000000013; 0.6804259006047176
153.80000000000013; 0.6806350876698544
153.90000000000015; 0.6808438660446515
154.00000000000014; 0.6810522368003077
154.10000000000014; 0.6812602010048527
154.20000000000013; 0.6814677597231521
154.30000000000013; 0.6816749140169198
154.40000000000015; 0.6818816649447261
154.50000000000014; 0.6820880135620075
154.60000000000014; 0.682293960921076
154.70000000000013; 0.6824995080711272
154.80000000000013; 0.6827046560582527
154.90000000000015; 0.682909405925446
155.00000000000014; 0.6831137587126144
155.10000000000014; 0.6833177154565848
155.20000000000013; 0.6835212771911179
155.30000000000013; 0.6837244449469134
155.40000000000015; 0.6839272197516204
155.50000000000014; 0.6841296026298462
155.60000000000014; 0.6843315946031676
155.70000000000013; 0.6845331966901365
155.80000000000013; 0.6847344099062918
155.90000000000015; 0.6849352352641666
156.00000000000014; 0.6851356737732991
156.10000000000014; 0.6853357264402401
156.20000000000013; 0.6855353942685627
156.30000000000013; 0.6857346782588706
156.40000000000015; 0.6859335794088086
156.50000000000014; 0.6861320987130691
156.60000000000014; 0.6863302371634048
156.70000000000013; 0.6865279957486325
156.80000000000013; 0.6867253754546463
156.90000000000015; 0.6869223772644245
157.00000000000014; 0.6871190021580393
157.10000000000014; 0.687315251112664
157.20000000000013; 0.6875111251025846
157.30000000000013; 0.6877066250992043
157.40000000000015; 0.6879017520710579
157.50000000000014; 0.6880965069838153
157.60000000000014; 0.6882908908002926
157.70000000000013; 0.6884849044804606
157.80000000000013; 0.6886785489814544
157.90000000000015; 0.6888718252575791
158.00000000000014; 0.6890647342603221
158.10000000000014; 0.6892572769383591
158.20000000000013; 0.6894494542375624
158.30000000000015; 0.6896412671010124
158.40000000000015; 0.6898327164690035
158.50000000000014; 0.6900238032790519
158.60000000000014; 0.6902145284659078
158.70000000000013; 0.6904048929615599
158.80000000000015; 0.6905948976952457
158.90000000000015; 0.6907845435934609
159.00000000000014; 0.6909738315799644
159.10000000000014; 0.6911627625757905
159.20000000000013; 0.6913513374992548
159.30000000000015; 0.6915395572659644
159.40000000000015; 0.6917274227888229
159.50000000000014; 0.6919149349780432
159.60000000000014; 0.6921020947411526
159.70000000000013; 0.6922889029830002
159.80000000000015; 0.6924753606057694
159.90000000000015; 0.692661468508982
160.00000000000014; 0.6928472275895081
