energy (keV); transmission
1.0; 0.0
1.1; 0.0
1.2000000000000002; 0.0
1.3000000000000003; 0.0
1.4000000000000004; 0.0
1.5000000000000004; 0.0
1.6000000000000005; 0.0
1.7000000000000006; 0.0
1.8000000000000007; 0.0
1.9000000000000008; 0.0
2.000000000000001; 0.0
2.100000000000001; 0.0
2.200000000000001; 0.0
2.300000000000001; 0.0
2.4000000000000012; 0.0
2.5000000000000013; 0.0
2.6000000000000014; 0.0
2.7000000000000015; 0.0
2.8000000000000016; 0.0
2.9000000000000017; 0.0
3.0000000000000018; 0.0
3.100000000000002; 0.0
3.200000000000002; 0.0
3.300000000000002; 0.0
3.400000000000002; 0.0
3.500000000000002; 0.0
3.6000000000000023; 0.0
3.7000000000000024; 0.0
3.8000000000000025; 3.5e-323
3.9000000000000026; 1.577121644509035e-301
4.000000000000003; 8.164529908990375e-282
4.100000000000003; 1.3671459474977426e-263
4.200000000000003; 5.965238152151499e-247
4.3000000000000025; 1.0047166748532782e-231
4.400000000000003; 9.203846151114122e-218
4.5000000000000036; 6.190568617561509e-205
4.600000000000003; 3.978646021483951e-193
4.700000000000003; 3.081122310953266e-182
4.800000000000003; 3.528382793948415e-172
4.900000000000004; 7.162247080114739e-163
5.0000000000000036; 3.026897044965652e-154
5.100000000000003; 3.7872391658112357e-146
5.200000000000004; 1.260621915186501e-138
5.300000000000004; 1.2549196968384415e-131
5.400000000000004; 4.148650855253902e-125
5.5000000000000036; 5.003276530622287e-119
5.600000000000004; 2.3950801214252208e-113
5.700000000000005; 4.910353745533576e-108
5.800000000000004; 4.617530586416844e-103
5.900000000000004; 2.118952519241966e-98
6.000000000000004; 8.152625012536676e-172
6.100000000000005; 4.0851839772408333e-168
6.200000000000005; 6.4499847581716315e-164
6.300000000000004; 2.6170599217915005e-159
6.400000000000005; 2.2088243526788664e-154
6.500000000000005; 3.1517240202286762e-149
6.600000000000005; 8.812617484312711e-147
6.700000000000005; 2.5782319363420025e-141
6.800000000000005; 7.446257653181201e-136
6.900000000000006; 1.861319887427948e-130
7.000000000000005; 3.611204454128439e-125
7.100000000000005; 4.9823683722372167e-120
7.2000000000000055; 0.0
7.300000000000006; 0.0
7.400000000000006; 0.0
7.500000000000005; 1.088e-320
7.600000000000006; 9.90738880895765e-310
7.700000000000006; 2.859809284227266e-299
7.800000000000006; 2.740386656890431e-289
7.900000000000006; 9.135787513368471e-280
8.000000000000007; 1.1104195201188182e-270
8.100000000000007; 5.214343352803784e-262
8.200000000000006; 9.943105427434995e-254
8.300000000000006; 8.150539989647712e-246
8.400000000000006; 1.0943828267260255e-269
8.500000000000007; 1.4957341222471378e-261
8.600000000000007; 9.359111803163225e-254
8.700000000000006; 2.8032408342049965e-246
8.800000000000008; 4.188008148489021e-239
8.900000000000007; 3.24215192443031e-232
9.000000000000007; 1.347443412083456e-225
9.100000000000007; 3.1070029976288965e-219
9.200000000000006; 4.098819295041974e-213
9.300000000000008; 3.1835347827413065e-207
9.400000000000007; 1.4953169803407377e-201
9.500000000000007; 4.355386651064661e-196
9.600000000000009; 8.053850166869954e-191
9.700000000000008; 9.66598907165451e-186
9.800000000000008; 7.686935317135906e-181
9.900000000000007; 4.130287524837913e-176
10.000000000000007; 1.5271408620222962e-171
10.100000000000009; 3.958730283623112e-167
10.200000000000008; 7.290068558287751e-163
10.300000000000008; 9.671241108172398e-159
10.40000000000001; 9.36679057741696e-155
10.500000000000009; 6.70755256063974e-151
10.600000000000009; 3.5945759845803536e-147
10.700000000000008; 1.4582787638308816e-143
10.800000000000008; 4.52802213136728e-140
10.90000000000001; 1.0874188850464544e-136
11.000000000000009; 2.0400556746367805e-133
11.100000000000009; 3.0184416938677235e-130
11.20000000000001; 3.5544361545834437e-127
11.30000000000001; 3.360313767358117e-124
11.40000000000001; 2.5716735955274717e-121
11.500000000000009; 1.6059232840897028e-118
11.600000000000009; 8.245199350833472e-116
11.70000000000001; 3.505867727591678e-113
11.80000000000001; 1.243145016462451e-110
11.90000000000001; 3.700530389808747e-108
12.00000000000001; 9.306419303946869e-106
12.10000000000001; 1.9893941771372668e-103
12.20000000000001; 3.635884514536804e-101
12.30000000000001; 5.713147739600306e-99
12.40000000000001; 7.75962787531143e-97
12.50000000000001; 9.156594000428288e-95
12.60000000000001; 9.433881161818787e-93
12.70000000000001; 8.526258524310494e-91
12.800000000000011; 6.79052149199179e-89
12.900000000000011; 4.786407432585256e-87
13.00000000000001; 2.9983866306872417e-85
13.10000000000001; 1.6760007229874507e-83
13.20000000000001; 8.39145907466899e-82
13.300000000000011; 3.7772841359912776e-80
13.400000000000011; 1.534051551348038e-78
13.50000000000001; 5.640238634416446e-77
13.600000000000012; 1.8835357920273353e-75
13.700000000000012; 5.731072350413377e-74
13.800000000000011; 1.5936677187542075e-72
13.900000000000011; 4.061847357997423e-71
14.00000000000001; 9.515452101700049e-70
14.100000000000012; 2.0544018964973793e-68
14.200000000000012; 4.098432071880746e-67
14.300000000000011; 7.573743162504361e-66
14.400000000000013; 1.2995942471342981e-64
14.500000000000012; 2.0754614869978995e-63
14.600000000000012; 3.091716422569182e-62
14.700000000000012; 4.305223489001314e-61
14.800000000000011; 5.615674338262225e-60
14.900000000000013; 6.875192824929256e-59
15.000000000000012; 7.915530719204359e-58
15.100000000000012; 8.589996974974165e-57
15.200000000000014; 8.798478849302379e-56
15.300000000000013; 8.520933780401588e-55
15.400000000000013; 7.815690485258806e-54
15.500000000000012; 6.800750637877971e-53
15.600000000000012; 5.622621068275937e-52
15.700000000000014; 4.423558961958763e-51
15.800000000000013; 3.3165833613093115e-50
15.900000000000013; 2.3730594657737688e-49
16.000000000000014; 1.6226163317931527e-48
16.100000000000016; 1.0616534709134936e-47
16.200000000000014; 6.655179671411337e-47
16.30000000000001; 4.002009672981771e-46
16.400000000000013; 2.3112708440964264e-45
16.500000000000014; 1.2834334981336226e-44
16.600000000000016; 6.860003631863732e-44
16.700000000000014; 3.533183693881352e-43
16.800000000000015; 1.7552779753154337e-42
16.900000000000013; 8.41967636727939e-42
17.000000000000014; 3.9033038274474654e-41
17.100000000000016; 1.7504941008133848e-40
17.200000000000014; 7.601002944358219e-40
17.300000000000015; 3.198460429529689e-39
17.400000000000013; 1.3053786808794484e-38
17.500000000000014; 5.171438082770766e-38
17.600000000000016; 1.990251242053424e-37
17.700000000000014; 7.446596077924573e-37
17.800000000000015; 2.7107037339848777e-36
17.900000000000016; 9.607084105110667e-36
18.000000000000014; 3.317321630997888e-35
18.100000000000016; 1.1167649897747069e-34
18.200000000000017; 3.667726504673222e-34
18.300000000000015; 1.1758909229416708e-33
18.400000000000016; 3.682456811053652e-33
18.500000000000014; 1.1271099856658702e-32
18.600000000000016; 3.3736700652501186e-32
18.700000000000017; 9.880722795737213e-32
18.800000000000015; 2.8330841123165546e-31
18.900000000000016; 7.956877951451081e-31
19.000000000000014; 2.1900773525186722e-30
19.100000000000016; 5.910500491291764e-30
19.200000000000017; 1.564751263563934e-29
19.300000000000015; 4.065600691993153e-29
19.400000000000016; 1.037190930909054e-28
19.500000000000018; 2.599188711313617e-28
19.600000000000016; 6.40098877690055e-28
19.700000000000017; 1.5497662617010174e-27
19.80000000000002; 3.690369231258207e-27
19.900000000000016; 8.646245461596687e-27
20.000000000000018; 1.993904098602453e-26
20.100000000000016; 9.452852482922354e-28
20.200000000000017; 2.217347004116984e-27
20.30000000000002; 5.120767701022468e-27
20.400000000000016; 1.1647194919192734e-26
20.500000000000018; 2.610011931061956e-26
20.600000000000016; 5.764272099210687e-26
20.700000000000017; 1.2550738858050784e-25
20.80000000000002; 2.6949774860955135e-25
20.900000000000016; 5.708690606391835e-25
21.000000000000018; 1.1932853034210127e-24
21.10000000000002; 2.4621013666264524e-24
21.200000000000017; 5.015860886739994e-24
21.30000000000002; 1.009215135797307e-23
21.40000000000002; 2.0060344427559717e-23
21.500000000000018; 3.9402515294058665e-23
21.60000000000002; 7.64983446262756e-23
21.700000000000017; 1.4683560423039827e-22
21.80000000000002; 2.7871983558782583e-22
21.90000000000002; 5.233168885961225e-22
22.000000000000018; 9.721260222772214e-22
22.10000000000002; 1.787060891503069e-21
22.200000000000017; 3.251701246560672e-21
22.30000000000002; 5.8577328881990764e-21
22.40000000000002; 1.0449293554299089e-20
22.500000000000018; 1.8461682097218252e-20
22.60000000000002; 3.2312377217854096e-20
22.70000000000002; 5.6035602980315e-20
22.80000000000002; 9.630277562590697e-20
22.90000000000002; 1.6404888254121643e-19
23.00000000000002; 2.770419964620607e-19
23.10000000000002; 4.639081898760306e-19
23.20000000000002; 7.703834802219236e-19
23.30000000000002; 1.2689454918929656e-18
23.40000000000002; 2.0735327752561958e-18
23.50000000000002; 3.3618623150819693e-18
23.60000000000002; 5.409006738439318e-18
23.70000000000002; 8.637530587493656e-18
23.80000000000002; 1.3691798083191827e-17
23.90000000000002; 2.1547307199152497e-17
24.00000000000002; 3.367041692095522e-17
24.10000000000002; 5.225006867778724e-17
24.20000000000002; 8.053165607767387e-17
24.300000000000022; 1.2329485138061113e-16
24.40000000000002; 1.8753297009544605e-16
24.50000000000002; 2.8341266119933543e-16
24.600000000000023; 4.256210364401409e-16
24.70000000000002; 6.352449477210997e-16
24.800000000000022; 9.423767085121254e-16
24.90000000000002; 1.3897055573956549e-15
25.00000000000002; 2.0374388585326884e-15
25.100000000000023; 2.970006739894675e-15
25.20000000000002; 4.305145145601885e-15
25.300000000000022; 6.2061331710125976e-15
25.40000000000002; 8.898190870709867e-15
25.50000000000002; 1.269033537326219e-14
25.600000000000023; 1.8004360432939663e-14
25.70000000000002; 2.5413064663770095e-14
25.800000000000022; 3.5690427081320095e-14
25.900000000000023; 4.9877139435382603e-14
26.00000000000002; 6.936578166576865e-14
26.100000000000023; 9.60110030434305e-14
26.200000000000024; 1.3227138605530992e-13
26.300000000000022; 1.813912678883316e-13
26.400000000000023; 2.476327273406671e-13
26.50000000000002; 3.365702725678602e-13
26.600000000000023; 4.55463554971034e-13
26.700000000000024; 6.137267635070087e-13
26.800000000000022; 8.235173082538912e-13
26.900000000000023; 1.100471079208713e-12
27.00000000000002; 1.464617074199987e-12
27.100000000000023; 1.9415106484690877e-12
27.200000000000024; 2.5636321802887094e-12
27.300000000000022; 3.3721067171965905e-12
27.400000000000023; 4.418810324551012e-12
27.500000000000025; 5.768940574120891e-12
27.600000000000023; 7.504142070954417e-12
27.700000000000024; 9.726293320863456e-12
27.800000000000026; 1.2562078800910525e-11
27.900000000000023; 1.616849003637255e-11
28.000000000000025; 2.0739422046830288e-11
28.100000000000023; 2.651355694959561e-11
28.200000000000024; 3.378375505845708e-11
28.300000000000026; 4.290820575603311e-11
28.400000000000023; 5.432362602158558e-11
28.500000000000025; 6.856083403988597e-11
28.600000000000023; 8.626306907993828e-11
28.700000000000024; 1.0820747709280212e-10
28.800000000000026; 1.3533023451048868e-10
28.900000000000023; 1.6875584080017184e-10
29.000000000000025; 2.0983117369640813e-10
29.100000000000026; 2.6016496994226974e-10
29.200000000000024; 3.2167346904209413e-10
29.300000000000026; 3.9663303816712746e-10
29.400000000000027; 4.877406831341493e-10
29.500000000000025; 5.981834434465372e-10
29.600000000000026; 7.317177688477832e-10
29.700000000000024; 8.927600807719642e-10
29.800000000000026; 1.086489834495902e-09
29.900000000000027; 1.318966516696711e-09
30.000000000000025; 1.597262138411936e-09
30.100000000000026; 1.929750858624649e-09
30.200000000000024; 2.325913657603594e-09
30.300000000000026; 2.796848330180743e-09
30.400000000000027; 3.3553904330057973e-09
30.500000000000025; 4.01635018018563e-09
30.600000000000026; 4.7967788883123454e-09
30.700000000000028; 5.71626588106365e-09
30.800000000000026; 6.797268617646015e-09
30.900000000000027; 8.065478978016655e-09
31.00000000000003; 9.550228808512825e-09
31.100000000000026; 1.1284938003384307e-08
31.200000000000028; 1.3307608569968717e-08
31.300000000000026; 1.5661368296813605e-08
31.400000000000027; 1.839506781403345e-08
31.50000000000003; 2.1563935002469792e-08
31.600000000000026; 2.5230290871708567e-08
31.700000000000028; 2.9464331185568707e-08
31.800000000000026; 3.434497826609499e-08
31.900000000000027; 3.996080755207437e-08
32.00000000000003; 4.6411053624646616e-08
32.10000000000002; 5.380670053907559e-08
32.20000000000003; 6.227166141718627e-08
32.300000000000026; 7.194405235807793e-08
32.40000000000003; 8.297756581401188e-08
32.50000000000003; 9.55429486529318e-08
32.60000000000003; 1.0982959018728848e-07
32.70000000000003; 1.260472254900945e-07
32.800000000000026; 1.4442775934170503e-07
32.90000000000003; 1.6522721615391265e-07
33.00000000000003; 1.8872782120086453e-07
33.10000000000003; 2.1524021844736096e-07
33.20000000000003; 2.45105830204298e-07
33.300000000000026; 2.786993637568267e-07
33.40000000000003; 3.164314700034114e-07
33.50000000000003; 3.5875155901148635e-07
33.60000000000003; 4.0615077723966065e-07
33.70000000000003; 4.591651509935096e-07
33.800000000000026; 5.183789004764432e-07
33.90000000000003; 5.844279285636577e-07
34.00000000000003; 6.580034881708201e-07
34.10000000000003; 7.398560318048187e-07
34.20000000000003; 8.307992465782621e-07
34.30000000000003; 9.317142776360469e-07
34.40000000000003; 1.0435541425864781e-06
34.50000000000003; 1.1673483391516174e-06
34.60000000000003; 1.3042076478480257e-06
34.70000000000003; 1.4553291310889173e-06
34.80000000000003; 1.622001329651584e-06
34.90000000000003; 1.8056096569966088e-06
35.00000000000003; 2.007641991438972e-06
35.10000000000003; 2.2296944656789017e-06
35.20000000000003; 2.47347745268654e-06
35.30000000000003; 2.740821746406207e-06
35.400000000000034; 3.033684935214957e-06
35.50000000000003; 3.3541579655133264e-06
35.60000000000003; 3.7044718922805157e-06
35.70000000000003; 4.08700481285402e-06
35.80000000000003; 4.504288979633329e-06
35.900000000000034; 4.959018086836196e-06
36.00000000000003; 5.454054725861382e-06
36.10000000000003; 5.9924380032509e-06
36.20000000000003; 6.577391314670029e-06
36.30000000000003; 7.212330267769565e-06
36.400000000000034; 7.900870746239405e-06
36.50000000000003; 8.646837106818178e-06
36.60000000000003; 9.454270500491082e-06
36.70000000000003; 1.0327437308592639e-05
36.80000000000003; 1.1270837684019803e-05
36.900000000000034; 1.2289214187275543e-05
37.00000000000003; 1.3387560506604964e-05
37.10000000000003; 1.4571130251013517e-05
37.20000000000003; 1.584544580455738e-05
37.30000000000003; 1.721630722987099e-05
37.400000000000034; 1.8689801208532293e-05
37.500000000000036; 2.0272310005495126e-05
37.60000000000003; 2.1970520444530955e-05
37.70000000000003; 2.3791432881267415e-05
37.80000000000003; 2.5742370160205403e-05
37.900000000000034; 2.7830986541809026e-05
38.000000000000036; 3.0065276585591643e-05
38.10000000000003; 3.245358397493243e-05
38.20000000000003; 3.500461026921206e-05
38.30000000000003; 3.7727423568768574e-05
38.400000000000034; 4.063146707806217e-05
38.500000000000036; 4.3726567552455467e-05
38.60000000000004; 4.7022943613926e-05
38.70000000000003; 5.053121392115885e-05
38.80000000000003; 5.426240517940088e-05
38.900000000000034; 5.822795997567599e-05
39.000000000000036; 6.243974442498963e-05
39.10000000000004; 6.691005561337652e-05
39.20000000000003; 7.165162882376598e-05
39.30000000000003; 7.667764453096117e-05
39.400000000000034; 8.200173515215132e-05
39.500000000000036; 8.763799153978141e-05
39.60000000000004; 9.360096920384206e-05
39.70000000000003; 9.990569425096676e-05
39.80000000000003; 0.00010656766902819588
39.900000000000034; 0.00011360287745950111
40.000000000000036; 0.00012102773393569235
40.10000000000004; 0.00012885504507831382
40.20000000000003; 0.00013710601267595193
40.30000000000003; 0.0001457985659140633
40.400000000000034; 0.00015495113656386546
40.500000000000036; 0.00016458266229016615
40.60000000000004; 0.0001747125895860604
40.70000000000004; 0.00018536087632652854
40.80000000000003; 0.0001965479939338005
40.900000000000034; 0.00020829492914755426
41.000000000000036; 0.0002206231853939977
41.10000000000004; 0.00023355478374815356
41.20000000000004; 0.00024711226348435024
41.30000000000003; 0.0002613186822106617
41.400000000000034; 0.00027619761558346723
41.500000000000036; 0.000291773156598899
41.60000000000004; 0.00030806991445888384
41.70000000000004; 0.0003251130130094971
41.80000000000004; 0.00034292808875059595
41.900000000000034; 0.0003615412884159454
42.000000000000036; 0.00038097926612355785
42.10000000000004; 0.0004012691800970025
42.20000000000004; 0.00042243868895861804
42.30000000000004; 0.0004445159475961579
42.400000000000034; 0.00046752960260558994
42.500000000000036; 0.000491508787312153
42.60000000000004; 0.0005164831163737618
42.70000000000004; 0.0005424826799702272
42.80000000000004; 0.0005695380375827893
42.900000000000034; 0.0005976802113692154
43.000000000000036; 0.0006269406791395552
43.10000000000004; 0.0006573513669388763
43.20000000000004; 0.0006889446412431855
43.30000000000004; 0.0007217533007755796
43.400000000000034; 0.000755810567949988
43.500000000000036; 0.0007911500799500852
43.60000000000004; 0.0008278058794519839
43.70000000000004; 0.0008658124049988764
43.80000000000004; 0.0009052044810367414
43.90000000000004; 0.0009460173076203954
44.000000000000036; 0.0009882864497998357
44.10000000000004; 0.001032047826696241
44.20000000000004; 0.0010773377002782681
44.30000000000004; 0.001124192663849386
44.40000000000004; 0.0011726496302564974
44.500000000000036; 0.001222745819831154
44.60000000000004; 0.0012745187480747854
44.70000000000004; 0.0013280062130990881
44.80000000000004; 0.001383246282833192
44.90000000000004; 0.00144027728200964
45.00000000000004; 0.0014991377789408118
45.10000000000004; 0.0015598665720980812
45.20000000000004; 0.0016225026765054405
45.30000000000004; 0.0016870853099603897
45.40000000000004; 0.0017536538790936915
45.50000000000004; 0.001822247965280759
45.60000000000004; 0.0018929073104171192
45.70000000000004; 0.0019656718025699003
45.80000000000004; 0.0020405814615175747
45.90000000000004; 0.002117676424191456
46.00000000000004; 0.0021969969300292503
46.10000000000004; 0.002278583306255039
46.20000000000004; 0.0023624759530961547
46.30000000000004; 0.0024487153289500722
46.40000000000004; 0.002537341935512525
46.50000000000004; 0.0026283963028794
46.60000000000004; 0.0027219189746337897
46.70000000000004; 0.002817950492929907
46.80000000000004; 0.0029165313835849624
46.90000000000004; 0.0030177021411908395
47.00000000000004; 0.0031215032142562727
47.100000000000044; 0.0032279749903909465
47.20000000000004; 0.0033371577815411047
47.30000000000004; 0.003449091809289176
47.40000000000004; 0.0035638171902253966
47.50000000000004; 0.003681373921403288
47.600000000000044; 0.003801801865888573
47.70000000000004; 0.0039251407384099145
47.80000000000004; 0.004051430091122955
47.90000000000004; 0.004180709299494958
48.00000000000004; 0.004313017548320016
48.100000000000044; 0.004448393817872562
48.200000000000045; 0.004586876870209245
48.30000000000004; 0.00472850523562533
48.40000000000004; 0.004873317199274507
48.50000000000004; 0.005021350787959439
48.600000000000044; 0.0051726437571007556
48.700000000000045; 0.005327233577890977
48.80000000000004; 0.005485157424640344
48.90000000000004; 0.005646452162320889
49.00000000000004; 0.0058111543343147935
49.100000000000044; 0.005979300150374372
49.200000000000045; 0.006150925474796152
49.30000000000004; 0.006326065814818302
49.40000000000004; 0.006504756309243633
49.50000000000004; 0.0066870317172928306
49.600000000000044; 0.006872926407696263
49.700000000000045; 0.007062474348022099
49.80000000000004; 0.007255709094251537
49.90000000000004; 0.007452663780600251
50.00000000000004; 0.007653371109589831
50.100000000000044; 0.007857938134026585
50.200000000000045; 0.008066325631688707
50.30000000000005; 0.008278564199896461
50.40000000000004; 0.008494684772318826
50.50000000000004; 0.008714717805184504
50.600000000000044; 0.008938693268903418
50.700000000000045; 0.009166640639955908
50.80000000000005; 0.009398588893051216
50.90000000000004; 0.00963456649355615
51.00000000000004; 0.009874601390194587
51.100000000000044; 0.010118721008018647
51.200000000000045; 0.010366952241652369
51.30000000000005; 0.01061932144880727
51.40000000000005; 0.010875854444072032
51.50000000000004; 0.011136576492971473
51.600000000000044; 0.011401512306301204
51.700000000000045; 0.011670686034730942
51.80000000000005; 0.011944121263679578
51.90000000000005; 0.012221841008460717
52.00000000000004; 0.012503867709694597
52.100000000000044; 0.012790223228990231
52.200000000000045; 0.013080928844891664
52.30000000000005; 0.013376005249088713
52.40000000000005; 0.01367547254289088
52.50000000000004; 0.013979350233962018
52.600000000000044; 0.014287657233312174
52.700000000000045; 0.014600411852546513
52.80000000000005; 0.014917631801370231
52.90000000000005; 0.015239334185341551
53.00000000000004; 0.015565535503875967
53.100000000000044; 0.01589625164849639
53.200000000000045; 0.016231497901326247
53.30000000000005; 0.016571288933823595
53.40000000000005; 0.016915638805752243
53.50000000000005; 0.017264560964387395
53.600000000000044; 0.017618068243953938
53.700000000000045; 0.017976172865288624
53.80000000000005; 0.01833888643573133
53.90000000000005; 0.018706219949234514
54.00000000000005; 0.019078183786691332
54.100000000000044; 0.019454787716475738
54.200000000000045; 0.019836040895196385
54.30000000000005; 0.020221951868653245
54.40000000000005; 0.020612528572998678
54.50000000000005; 0.021007778336098865
54.60000000000005; 0.021407707879086108
54.700000000000045; 0.021812323318107108
54.80000000000005; 0.022221630166255647
54.90000000000005; 0.022635633335688098
55.00000000000005; 0.023054337139921527
55.10000000000005; 0.02347774529630169
55.200000000000045; 0.02390586092864733
55.30000000000005; 0.024338686570059637
55.40000000000005; 0.024776224165892403
55.50000000000005; 0.025218475076885828
55.60000000000005; 0.025665440082452414
55.700000000000045; 0.026117119384112875
55.80000000000005; 0.02657351260908063
55.90000000000005; 0.02703461881398927
56.00000000000005; 0.027500436488755324
56.10000000000005; 0.027970963560581385
56.200000000000045; 0.028446197398082154
56.30000000000005; 0.028926134815544745
56.40000000000005; 0.02941077207730468
56.50000000000005; 0.02990010490224504
56.60000000000005; 0.03039412846840661
56.70000000000005; 0.03089283741771257
56.80000000000005; 0.03139622586079541
56.90000000000005; 0.03190428738192712
57.00000000000005; 0.032417015044052686
57.10000000000005; 0.032934401393913244
57.20000000000005; 0.033456438467261235
57.30000000000005; 0.033983117794167114
57.40000000000005; 0.03451443040440435
57.50000000000005; 0.03505036683291508
57.60000000000005; 0.03559091712535852
57.70000000000005; 0.036136070843721904
57.800000000000054; 0.03668581707200879
57.90000000000005; 0.03724014442199011
58.00000000000005; 0.03779904103901396
58.10000000000005; 0.03836249460788214
58.20000000000005; 0.03893049235877286
58.300000000000054; 0.03950302107322125
58.40000000000005; 0.04008006709014827
58.50000000000005; 0.040661616311932866
58.60000000000005; 0.041247654210525224
58.70000000000005; 0.04183816583360667
58.800000000000054; 0.04243313581077397
58.90000000000005; 0.04303254835976822
59.00000000000005; 0.043636387292724815
59.10000000000005; 0.04424463602245697
59.20000000000005; 0.044857277568759506
59.300000000000054; 0.04547429456473647
59.40000000000005; 0.04609566926314466
59.50000000000005; 0.046721383542757136
59.60000000000005; 0.04735141891473685
59.70000000000005; 0.04798575652902166
59.800000000000054; 0.0486243771807188
59.900000000000055; 0.04926726131650607
60.00000000000005; 0.049914389041029246
60.10000000000005; 0.05056562171947152
60.20000000000005; 0.05122105544482031
60.300000000000054; 0.05188066931199805
60.400000000000055; 0.052544442088014565
60.50000000000005; 0.0532123522295789
60.60000000000005; 0.05388437788949351
60.70000000000005; 0.054560496923042205
60.800000000000054; 0.05524068689435885
60.900000000000055; 0.055924925082785515
61.00000000000006; 0.05661318848920795
61.10000000000005; 0.05730545384237343
61.20000000000005; 0.05800169760518747
61.300000000000054; 0.05870189598098676
61.400000000000055; 0.05940602491978381
61.50000000000006; 0.06011406012449364
61.60000000000005; 0.06082597705712111
61.70000000000005; 0.06154175094492555
61.800000000000054; 0.06226135678655188
61.900000000000055; 0.06298476935813326
62.00000000000006; 0.06371196321934765
62.10000000000005; 0.06444291271945482
62.20000000000005; 0.06517759200328463
62.300000000000054; 0.06591597501719
62.400000000000055; 0.06665803551496663
62.50000000000006; 0.06740374706372063
62.60000000000005; 0.06815308304970792
62.70000000000005; 0.06890601668411994
62.800000000000054; 0.0696625210088305
62.900000000000055; 0.07042256890210116
63.00000000000006; 0.07118613308423151
63.10000000000006; 0.07195318612317349
63.20000000000005; 0.0727237004400908
63.300000000000054; 0.07349764831487281
63.400000000000055; 0.0742750018916016
63.50000000000006; 0.07505573318396547
63.60000000000006; 0.07583981408062052
63.70000000000005; 0.0766272163505098
63.800000000000054; 0.0774179116481206
63.900000000000055; 0.07821187151869291
64.00000000000006; 0.07900906740338001
64.10000000000005; 0.07980947064434639
64.20000000000006; 0.08061305248981668
64.30000000000005; 0.08141978409907343
64.40000000000006; 0.08222963654739252
64.50000000000006; 0.08304258083092685
64.60000000000005; 0.08385858787153783
64.70000000000006; 0.08467762852156253
64.80000000000005; 0.0854996735685324
64.90000000000006; 0.08632469373983487
65.00000000000006; 0.08715265970730651
65.10000000000005; 0.08798354209178966
65.20000000000006; 0.08881731146761028
65.30000000000005; 0.08965393836701246
65.40000000000006; 0.09049339328453354
65.50000000000006; 0.09133564668131171
65.60000000000005; 0.09218066898934954
65.70000000000006; 0.09302843061571164
65.80000000000005; 0.0938789019466617
65.90000000000006; 0.09473205335174895
66.00000000000006; 0.09558785518783496
66.10000000000005; 0.09644627780305455
66.20000000000006; 0.09730729154073052
66.30000000000005; 0.09817086674322195
66.40000000000006; 0.09903697375571813
66.50000000000006; 0.0999055829299727
66.60000000000005; 0.10077666462798257
66.70000000000006; 0.10165018922561038
66.80000000000005; 0.102526127116142
66.90000000000006; 0.1034044487137993
67.00000000000006; 0.10428512445717956
67.10000000000007; 0.10516812481265939
67.20000000000006; 0.10605342027771719
67.30000000000005; 0.10694098138422371
67.40000000000006; 0.1078307787016546
67.50000000000006; 0.10872278284026617
67.60000000000007; 0.10961696445419987
67.70000000000006; 0.11051329424454073
67.80000000000005; 0.1114117429623186
67.90000000000006; 0.11231228141145544
68.00000000000006; 0.11321488045165282
68.10000000000007; 0.11411951100123237
68.20000000000006; 0.11502614403991976
68.30000000000005; 0.11593475061157267
68.40000000000006; 0.11684530182686052
68.50000000000006; 0.11775776886588764
68.60000000000007; 0.1186721229807656
68.70000000000006; 0.11958833549813276
68.80000000000005; 0.12050637782162309
68.90000000000006; 0.12142622143428557
69.00000000000006; 0.12234783790094723
69.10000000000007; 0.12327119887053133
69.20000000000006; 0.12419627607832429
69.30000000000005; 0.12512304134819285
69.40000000000006; 0.12605146659474745
69.50000000000006; 0.12698152382546643
69.60000000000007; 0.12791318514276492
69.70000000000006; 0.1288464227460178
69.80000000000007; 0.12978120893353434
69.90000000000006; 0.130717516104489
70.00000000000006; 0.13165531676080267
70.10000000000007; 0.13259458350897774
70.20000000000006; 0.1335352890618929
70.30000000000007; 0.13447740624054652
70.40000000000006; 0.1354209079757552
70.50000000000006; 0.13636576730981811
70.60000000000007; 0.13731195739812296
70.70000000000006; 0.13825945151072513
70.80000000000007; 0.1392082230338645
70.90000000000006; 0.14015824547146238
71.00000000000006; 0.14110949244655768
71.10000000000007; 0.14206193770271416
71.20000000000006; 0.14301555510538055
71.30000000000007; 0.14397031864321294
71.40000000000006; 0.14492620242935514
71.50000000000006; 0.1458831807026854
71.60000000000007; 0.14684122782901698
71.70000000000006; 0.14780031830226645
71.80000000000007; 0.14876042674558013
71.90000000000006; 0.1497215279124236
72.00000000000006; 0.15068359668763723
72.10000000000007; 0.1516466080884559
72.20000000000006; 0.1526105372654851
72.30000000000007; 0.1535753595036531
72.40000000000006; 0.15454105022311418
72.50000000000006; 0.15550758498013725
72.60000000000007; 0.15647493946793525
72.70000000000006; 0.1574430895174869
72.80000000000007; 0.15841201109830438
72.90000000000006; 0.15938168031918118
73.00000000000006; 0.16035207342890384
73.10000000000007; 0.1613231668169293
73.20000000000006; 0.1622949370140395
73.30000000000007; 0.16326736069295364
73.40000000000006; 0.1642404146689221
73.50000000000007; 0.16521407590028148
73.60000000000007; 0.1661883214889823
73.70000000000006; 0.16716312868109526
73.80000000000007; 0.16813847486727743
73.90000000000006; 0.16911433758322103
74.00000000000007; 0.17009069451006759
74.10000000000007; 0.17106752347479565
74.20000000000006; 0.17204480245058917
74.30000000000007; 0.17302250955716897
74.40000000000006; 0.17400062306110942
74.50000000000007; 0.17497912137611782
74.60000000000007; 0.17595798306330124
74.70000000000006; 0.17693718683140175
74.80000000000007; 0.17791671153700422
74.90000000000006; 0.17889653618473145
75.00000000000007; 0.179876639927409
75.10000000000007; 0.18085700206620423
75.20000000000006; 0.1818376020507519
75.30000000000007; 0.18281841947924798
75.40000000000006; 0.18379943409853117
75.50000000000007; 0.18478062580413707
75.60000000000007; 0.18576197464033248
75.70000000000006; 0.18674346080013024
75.80000000000007; 0.18772506462528785
75.90000000000006; 0.18870676660627364
76.00000000000007; 0.18968854738223653
76.10000000000007; 0.19067038774092634
76.20000000000007; 0.19165226861862886
76.30000000000007; 0.19263417110005157
76.40000000000006; 0.1936160764182194
76.50000000000007; 0.1945979659543296
76.60000000000007; 0.1955798212376041
76.70000000000007; 0.19656162394512236
76.80000000000007; 0.19754335590163308
76.90000000000006; 0.19852499907935656
77.00000000000007; 0.1995065355977673
77.10000000000007; 0.2004879477233556
77.20000000000007; 0.2014692178693922
77.30000000000007; 0.20245032859565887
77.40000000000006; 0.20343126260817024
77.50000000000007; 0.20441200275889326
77.60000000000007; 0.20539253204543098
77.70000000000007; 0.20637283361071757
77.80000000000007; 0.20735289074267702
77.90000000000006; 0.208332686873888
78.00000000000007; 0.20931220558122238
78.10000000000007; 0.21029143058548333
78.20000000000007; 0.21127034575101772
78.30000000000007; 0.2122489350853313
78.40000000000006; 0.2132271827386835
78.50000000000007; 0.21420507300367211
78.60000000000007; 0.21518259031481066
78.70000000000007; 0.21615971924809066
78.80000000000007; 0.21713644452054132
78.90000000000006; 0.21811275098976493
79.00000000000007; 0.21908862365348178
79.10000000000007; 0.22006404764904927
79.20000000000007; 0.2210390082529795
79.30000000000007; 0.22201349088044536
79.40000000000006; 0.22298748108478209
79.50000000000007; 0.22396096455697487
79.60000000000007; 0.2249339271251387
79.70000000000007; 0.22590635475399848
79.80000000000007; 0.22687823354434877
79.90000000000008; 0.22784954973251165
80.00000000000007; 0.2288202896897978
80.10000000000007; 0.22979069111826916
80.20000000000007; 0.2307604931245524
80.30000000000007; 0.23172967877150583
80.40000000000008; 0.2326982349426573
80.50000000000007; 0.23366614865357627
80.60000000000007; 0.23463340705128688
80.70000000000007; 0.2355999974136815
80.80000000000007; 0.2365659071489183
80.90000000000008; 0.23753112379482297
81.00000000000007; 0.23849563501827825
81.10000000000007; 0.23945942861461048
81.20000000000007; 0.24042249250697723
81.30000000000007; 0.24138481474573945
81.40000000000008; 0.24234638350783597
81.50000000000007; 0.24330718709615942
81.60000000000007; 0.24426721393891052
81.70000000000007; 0.24522645258896514
81.80000000000007; 0.24618489172323005
81.90000000000008; 0.24714252014200136
82.00000000000007; 0.2480993267683049
82.10000000000007; 0.24905530064725054
82.20000000000007; 0.2500104309453771
82.30000000000007; 0.25096470694998424
82.40000000000008; 0.2519181180684815
82.50000000000007; 0.25287065382771434
82.60000000000008; 0.2538223038733035
82.70000000000007; 0.2547730579689715
82.80000000000007; 0.25572290599587205
82.90000000000008; 0.2566718379519143
83.00000000000007; 0.2576198439510889
83.10000000000008; 0.258566914222793
83.20000000000007; 0.25951303911114215
83.30000000000007; 0.2604582090742984
83.40000000000008; 0.26140241468377956
83.50000000000007; 0.26234564662378235
83.60000000000008; 0.2632878956904939
83.70000000000007; 0.2642291527914061
83.80000000000007; 0.2651694089446256
83.90000000000008; 0.26610865527819116
84.00000000000007; 0.26704688302938123
84.10000000000008; 0.2679840835440245
84.20000000000007; 0.26892024827581035
84.30000000000007; 0.2698553687856022
84.40000000000008; 0.2707894367407387
84.50000000000007; 0.27172244391434897
84.60000000000008; 0.27265438218466204
84.70000000000007; 0.2735852435343123
84.80000000000007; 0.2745150200496489
84.90000000000008; 0.2754437039200467
85.00000000000007; 0.27637128743721295
85.10000000000008; 0.27729776299450504
85.20000000000007; 0.27822312308622493
85.30000000000007; 0.27914736030694753
85.40000000000008; 0.2800704673508191
85.50000000000007; 0.2809924370108735
85.60000000000008; 0.28191326217835067
85.70000000000007; 0.2828329358419976
85.80000000000007; 0.2837514510873931
85.90000000000008; 0.28466880109625947
86.00000000000007; 0.2855849791457803
86.10000000000008; 0.28649997860791515
86.20000000000007; 0.28741379294872177
86.30000000000008; 0.28832641572767326
86.40000000000008; 0.2892378405969833
86.50000000000007; 0.2901480613009233
86.60000000000008; 0.291057071675151
86.70000000000007; 0.2919648656460357
86.80000000000008; 0.2928714372299855
86.90000000000008; 0.2937767805327711
87.00000000000007; 0.2946808897488655
87.10000000000008; 0.29558375916076923
87.20000000000007; 0.2964853831383492
87.30000000000008; 0.2973857561381709
87.40000000000008; 0.2982848727028366
87.50000000000007; 0.2991827274603295
87.60000000000008; 0.3000793151233523
87.70000000000007; 0.30097463048866735
87.80000000000008; 0.30186866843645094
87.90000000000008; 0.3027614239296372
88.00000000000007; 0.30365289201326523
88.10000000000008; 0.30454306781383944
88.20000000000007; 0.30543194653867584
88.30000000000008; 0.30631952347526276
88.40000000000008; 0.30720579399062564
88.50000000000007; 0.30809075353067705
88.60000000000008; 0.3089743976195933
88.70000000000007; 0.3098567218591714
88.80000000000008; 0.31073772192820565
88.90000000000008; 0.3116173935818508
89.00000000000009; 0.31249573265100755
89.10000000000008; 0.3133727350416868
89.20000000000007; 0.3142483967344013
89.30000000000008; 0.31512271378353685
89.40000000000008; 0.31599568231674313
89.50000000000009; 0.3168672985343206
89.60000000000008; 0.3177375587086075
89.70000000000007; 0.3186064591833764
89.80000000000008; 0.31947399637322743
89.90000000000008; 0.32034016676298505
90.00000000000009; 0.3212049669071068
90.10000000000008; 0.32206839342907356
90.20000000000007; 0.32293044302081264
90.30000000000008; 0.32379111244209186
90.40000000000008; 0.3246503985199442
90.50000000000009; 0.3255082981480767
90.60000000000008; 0.3263648082862905
90.70000000000007; 0.3272199259599026
90.80000000000008; 0.3280736482591692
90.90000000000008; 0.3289259723387108
91.00000000000009; 0.3297768954169501
91.10000000000008; 0.33062641477553373
91.20000000000007; 0.3314745277587787
91.30000000000008; 0.33232123177310635
91.40000000000008; 0.3331665242864828
91.50000000000009; 0.33401040282786876
91.60000000000008; 0.334852864986666
91.70000000000007; 0.3356939084121675
91.80000000000008; 0.3365335308130133
91.90000000000008; 0.33737172995664433
92.00000000000009; 0.33820850366877
92.10000000000008; 0.33904384983282326
92.20000000000007; 0.3398777663894356
92.30000000000008; 0.34071025133589844
92.40000000000008; 0.34154130272564337
92.50000000000009; 0.3423709186677136
92.60000000000008; 0.3431990973262444
92.70000000000009; 0.3440258369199444
92.80000000000008; 0.34485113572158166
92.90000000000008; 0.3456749920574719
93.00000000000009; 0.3464974043069699
93.10000000000008; 0.3473183709019661
93.20000000000009; 0.34813789032637943
93.30000000000008; 0.34895596111566146
93.40000000000008; 0.34977258185630156
93.50000000000009; 0.3505877511853312
93.60000000000008; 0.3514014677898354
93.70000000000009; 0.35221373040646503
93.80000000000008; 0.3530245378209567
93.90000000000008; 0.3538338888676453
94.00000000000009; 0.35464178242899524
94.10000000000008; 0.3554482174351188
94.20000000000009; 0.3562531928633114
94.30000000000008; 0.3570567077375753
94.40000000000008; 0.35785876112816206
94.50000000000009; 0.358659352151111
94.60000000000008; 0.3594584799677805
94.70000000000009; 0.3602561437844075
94.80000000000008; 0.3610523428516388
94.90000000000008; 0.36184707646409514
95.00000000000009; 0.3626403439599141
95.10000000000008; 0.3634321447203163
95.20000000000009; 0.36422247816915426
95.30000000000008; 0.3650113437724877
95.40000000000009; 0.3657987410381362
95.50000000000009; 0.3665846695152561
95.60000000000008; 0.36736912879391076
95.70000000000009; 0.36815211850464474
95.80000000000008; 0.3689336383180612
95.90000000000009; 0.36971368794440385
96.00000000000009; 0.3704922671331365
96.10000000000008; 0.371269375672536
96.20000000000009; 0.3720450133892802
96.30000000000008; 0.37281918014803583
96.40000000000009; 0.37359187585105874
96.50000000000009; 0.37436310043779486
96.60000000000008; 0.37513285388447193
96.70000000000009; 0.3759011362037167
96.80000000000008; 0.3766679474441519
96.90000000000009; 0.37743328769001006
97.00000000000009; 0.3781971570607496
97.10000000000008; 0.3789595557106644
97.20000000000009; 0.37972048382851065
97.30000000000008; 0.38047994163712023
97.40000000000009; 0.3812379293930333
97.50000000000009; 0.3819944473861198
97.60000000000008; 0.3827494959392095
97.70000000000009; 0.3835030754077331
97.80000000000008; 0.38425518617934645
97.90000000000009; 0.3850058286735783
98.00000000000009; 0.3857550033414679
98.10000000000008; 0.3865027106652105
98.20000000000009; 0.3872489511578021
98.30000000000008; 0.3879937253626907
98.40000000000009; 0.3887370338534322
98.50000000000009; 0.38947887723333713
98.60000000000008; 0.39021925613513736
98.70000000000009; 0.3909581712206424
98.80000000000008; 0.3916956231804018
98.90000000000009; 0.392431612733372
99.00000000000009; 0.39316614062658617
99.1000000000001; 0.39389920763482694
99.20000000000009; 0.3946308145602934
99.30000000000008; 0.3953609622322873
99.40000000000009; 0.39608965150688036
99.50000000000009; 0.3968168832666076
99.6000000000001; 0.3975426584201443
99.70000000000009; 0.39826697790199656
99.80000000000008; 0.3989898426721883
99.90000000000009; 0.39971125371595184
100.00000000000009; 0.4004312068301268
100.1000000000001; 0.4011495090654999
100.20000000000009; 0.4018663612690996
100.30000000000008; 0.4025817644853526
100.40000000000009; 0.4032957197828143
100.50000000000009; 0.4040082282538724
100.6000000000001; 0.40471929101444915
100.70000000000009; 0.4054289092037188
100.80000000000008; 0.4061370839838177
100.90000000000009; 0.4068438165395541
101.00000000000009; 0.4075491080781344
101.1000000000001; 0.40825295982887266
101.20000000000009; 0.4089553730429179
101.30000000000008; 0.40965634899297954
101.40000000000009; 0.41035588897304826
101.50000000000009; 0.4110539942981303
101.6000000000001; 0.41175066630397533
101.70000000000009; 0.41244590634681016
101.8000000000001; 0.41313971580307307
101.90000000000009; 0.41383209606915683
102.00000000000009; 0.4145230485611391
102.1000000000001; 0.41521257471453626
102.20000000000009; 0.4159006759840384
102.3000000000001; 0.4165873538432606
102.40000000000009; 0.41727260978448993
102.50000000000009; 0.4179564453184374
102.6000000000001; 0.4186388619739897
102.70000000000009; 0.41931986129796933
102.8000000000001; 0.4199994448548842
102.90000000000009; 0.42067761422669037
103.00000000000009; 0.4213543710125605
103.1000000000001; 0.42202971682863394
103.20000000000009; 0.4227036533077946
103.3000000000001; 0.42337618209943284
103.40000000000009; 0.42404730486921727
103.50000000000009; 0.4247170232988644
103.6000000000001; 0.4253853390859173
103.70000000000009; 0.4260522539435163
103.8000000000001; 0.4267177696001795
103.90000000000009; 0.42738188779958164
104.00000000000009; 0.4280446103003382
104.1000000000001; 0.42870593887578645
104.20000000000009; 0.4293658753137742
104.3000000000001; 0.430024421416444
104.40000000000009; 0.43068157900002463
104.50000000000009; 0.4313373498946266
104.6000000000001; 0.4319917359440247
104.70000000000009; 0.4326447390054683
104.8000000000001; 0.4332963609494624
104.90000000000009; 0.43394660365958226
105.00000000000009; 0.43459546903226065
105.1000000000001; 0.4352429589766024
105.20000000000009; 0.4358890754141781
105.3000000000001; 0.4365338202788383
105.40000000000009; 0.43717719551651885
105.5000000000001; 0.4378192030850512
105.6000000000001; 0.43845984495397217
105.70000000000009; 0.4390991231043411
105.8000000000001; 0.43973703952854953
105.90000000000009; 0.44037359623014594
106.0000000000001; 0.4410087952236448
106.1000000000001; 0.44164263853435615
106.20000000000009; 0.44227512819820164
106.3000000000001; 0.44290626626153873
106.40000000000009; 0.44353605478098923
106.5000000000001; 0.4441644958232634
106.6000000000001; 0.44479159146498753
106.70000000000009; 0.4454173437925387
106.8000000000001; 0.44604175490187487
106.90000000000009; 0.44666482689836284
107.0000000000001; 0.4472865618966236
107.1000000000001; 0.4479069620203602
107.20000000000009; 0.4485260294022005
107.3000000000001; 0.44914376618353324
107.40000000000009; 0.4497601745143565
107.5000000000001; 0.4503752565531103
107.6000000000001; 0.4509890144665327
107.70000000000009; 0.45160145042949357
107.8000000000001; 0.45221256662485343
107.90000000000009; 0.452822365243303
108.0000000000001; 0.4534308484832212
108.1000000000001; 0.4540380185505189
108.2000000000001; 0.4546438776585011
108.3000000000001; 0.45524842802771526
108.40000000000009; 0.4558516718858095
108.5000000000001; 0.4564536114673912
108.6000000000001; 0.457054249013885
108.7000000000001; 0.4576535867733918
108.8000000000001; 0.4582516270005539
108.90000000000009; 0.45884837195641703
109.0000000000001; 0.4594438239082912
109.1000000000001; 0.46003798512962185
109.2000000000001; 0.46063085789985714
109.3000000000001; 0.4612224445043095
109.40000000000009; 0.46181274723403376
109.5000000000001; 0.46240176838569463
109.6000000000001; 0.4629895102614396
109.7000000000001; 0.4635759751687737
109.8000000000001; 0.46416116542043256
109.90000000000009; 0.4647450833342604
110.0000000000001; 0.4653277312330886
110.1000000000001; 0.46590911144461183
110.2000000000001; 0.46648922630127054
110.3000000000001; 0.4670680781401327
110.40000000000009; 0.4676456693027726
110.5000000000001; 0.4682220021351618
110.6000000000001; 0.46879707898754697
110.7000000000001; 0.46937090221433836
110.8000000000001; 0.4699434741739998
110.90000000000009; 0.4705147972289345
111.0000000000001; 0.47108487374537533
111.1000000000001; 0.4716537060932776
111.2000000000001; 0.4722212966462093
111.3000000000001; 0.472787647781243
111.40000000000009; 0.47335276187885306
111.5000000000001; 0.4739166413228102
111.6000000000001; 0.4744792885000756
111.7000000000001; 0.4750407058007044
111.8000000000001; 0.47560089561773783
111.9000000000001; 0.4761598603471058
112.0000000000001; 0.4767176023875289
112.1000000000001; 0.47727412414042103
112.2000000000001; 0.4778294280097866
112.3000000000001; 0.47838351640213245
112.4000000000001; 0.4789363917263671
112.5000000000001; 0.4794880563937111
112.6000000000001; 0.4800385128176002
112.7000000000001; 0.4805877634135957
112.8000000000001; 0.4811358105992944
112.9000000000001; 0.4816826567942367
113.0000000000001; 0.4822283044198194
113.1000000000001; 0.4827727558992046
113.2000000000001; 0.48331601365724103
113.3000000000001; 0.4838580801203667
113.4000000000001; 0.484398957716532
113.5000000000001; 0.4849386488751136
113.6000000000001; 0.4854771560268291
113.7000000000001; 0.4860144816036594
113.8000000000001; 0.4865506280387622
113.9000000000001; 0.4870855977663942
114.0000000000001; 0.48761939322183473
114.1000000000001; 0.4881520168413005
114.2000000000001; 0.4886834710618725
114.3000000000001; 0.489213758321418
114.4000000000001; 0.48974288105851593
114.5000000000001; 0.4902708417123802
114.60000000000011; 0.49079764272278525
114.7000000000001; 0.4913232865299925
114.8000000000001; 0.49184777557468096
114.9000000000001; 0.49237111229787317
115.0000000000001; 0.49289329914086294
115.10000000000011; 0.4934143385451476
115.2000000000001; 0.49393423295235767
115.3000000000001; 0.4944529848041895
115.4000000000001; 0.49497059654233716
115.5000000000001; 0.4954870706084245
115.60000000000011; 0.4960024094439408
115.7000000000001; 0.4965166154901758
115.8000000000001; 0.49702969118815055
115.9000000000001; 0.497541638978563
116.0000000000001; 0.49805246130171354
116.10000000000011; 0.4985621605974524
116.2000000000001; 0.4990707393051142
116.3000000000001; 0.49957819986345503
116.4000000000001; 0.5000845447105956
116.5000000000001; 0.5005897762839641
116.60000000000011; 0.5010938970202317
116.7000000000001; 0.501596909355257
116.8000000000001; 0.5020988157240325
116.9000000000001; 0.502599618560623
117.0000000000001; 0.503099320298114
117.10000000000011; 0.5035979233685511
117.2000000000001; 0.5040954302028929
117.3000000000001; 0.5045918432309527
117.4000000000001; 0.5050871648813448
117.5000000000001; 0.5055813975814348
117.60000000000011; 0.5060745437572857
117.7000000000001; 0.5065666058336095
117.8000000000001; 0.5070575862337129
117.9000000000001; 0.5075474873794501
118.0000000000001; 0.5080363116911745
118.10000000000011; 0.5085240615876864
118.2000000000001; 0.5090107394861895
118.30000000000011; 0.5094963478022398
118.4000000000001; 0.5099808889497002
118.5000000000001; 0.5104643653406967
118.60000000000011; 0.5109467793855695
118.7000000000001; 0.5114281334928291
118.80000000000011; 0.5119084300691116
118.9000000000001; 0.5123876715191372
119.0000000000001; 0.512865860245665
119.10000000000011; 0.5133429986494491
119.2000000000001; 0.5138190891292008
119.30000000000011; 0.5142941340815408
119.4000000000001; 0.5147681359009652
119.5000000000001; 0.5152410969797987
119.60000000000011; 0.5157130197081614
119.7000000000001; 0.5161839064739232
119.80000000000011; 0.5166537596626676
119.9000000000001; 0.5171225816576535
120.0000000000001; 0.5175903748397789
120.10000000000011; 0.518057141587541
120.2000000000001; 0.5185228842769996
120.30000000000011; 0.5189876052817445
120.4000000000001; 0.519451306972853
120.5000000000001; 0.5199139917188647
120.60000000000011; 0.5203756618857356
120.7000000000001; 0.5208363198368104
120.80000000000011; 0.5212959679327909
120.9000000000001; 0.5217546085316938
121.00000000000011; 0.5222122439888294
121.10000000000011; 0.5226688766567569
121.2000000000001; 0.5231245088852653
121.30000000000011; 0.523579143021331
121.4000000000001; 0.5240327814090928
121.50000000000011; 0.5244854263898202
121.60000000000011; 0.5249370803018846
121.7000000000001; 0.5253877454807252
121.80000000000011; 0.5258374242588262
121.9000000000001; 0.5262861189656822
122.00000000000011; 0.5267338319277733
122.10000000000011; 0.5271805654685372
122.2000000000001; 0.5276263219083391
122.30000000000011; 0.5280711035644484
122.4000000000001; 0.5285149127510081
122.50000000000011; 0.5289577517790132
122.60000000000011; 0.5293996229562797
122.7000000000001; 0.5298405285874224
122.80000000000011; 0.5302804709738296
122.9000000000001; 0.5307194524136386
123.00000000000011; 0.5311574752017103
123.10000000000011; 0.5315945416296064
123.2000000000001; 0.5320306539855632
123.30000000000011; 0.5324658145544734
123.4000000000001; 0.5329000256178615
123.50000000000011; 0.5333332894538572
123.60000000000011; 0.5337656083371792
123.7000000000001; 0.5341969845391121
123.80000000000011; 0.5346274203274833
123.9000000000001; 0.5350569179666412
124.00000000000011; 0.5354854797174395
124.10000000000011; 0.5359131078372129
124.2000000000001; 0.5363398045797579
124.30000000000011; 0.5367655721953144
124.4000000000001; 0.5371904129305457
124.50000000000011; 0.5376143290285191
124.60000000000011; 0.5380373227286885
124.70000000000012; 0.5384593962668767
124.80000000000011; 0.5388805518752555
124.9000000000001; 0.5393007917823279
125.00000000000011; 0.5397201182129157
125.10000000000011; 0.5401385333881358
125.20000000000012; 0.5405560395253887
125.30000000000011; 0.5409726388383388
125.4000000000001; 0.5413883335369024
125.50000000000011; 0.5418031258272262
125.60000000000011; 0.5422170179116778
125.70000000000012; 0.5426300119888277
125.80000000000011; 0.5430421102534343
125.9000000000001; 0.5434533148964296
126.00000000000011; 0.5438636281049047
126.10000000000011; 0.5442730520620987
126.20000000000012; 0.5446815889473816
126.30000000000011; 0.5450892409362406
126.4000000000001; 0.5454960102002699
126.50000000000011; 0.5459018989071558
126.60000000000011; 0.5463069092206647
126.70000000000012; 0.5467110433006318
126.80000000000011; 0.5471143033029453
126.9000000000001; 0.5475166913795414
127.00000000000011; 0.5479182096783844
127.10000000000011; 0.5483188603434617
127.20000000000012; 0.5487186455147711
127.30000000000011; 0.5491175673283092
127.40000000000012; 0.54951562791606
127.50000000000011; 0.5499128294059886
127.60000000000011; 0.5503091739220259
127.70000000000012; 0.5507046635840624
127.80000000000011; 0.5510993005079371
127.90000000000012; 0.5514930868054304
128.0000000000001; 0.5518860245842503
128.1000000000001; 0.5522781159480289
128.2000000000001; 0.5526693629963098
128.30000000000013; 0.5530597678245408
128.40000000000012; 0.5534493325240679
128.5000000000001; 0.5538380591821239
128.6000000000001; 0.554225949881822
128.7000000000001; 0.5546130067021496
128.80000000000013; 0.5549992317179582
128.90000000000012; 0.5553846269999584
129.0000000000001; 0.5557691946147124
129.1000000000001; 0.5561529366246276
129.2000000000001; 0.5565358550879487
129.30000000000013; 0.5569179520587519
129.40000000000012; 0.5572992295869422
129.5000000000001; 0.5576796897182397
129.6000000000001; 0.5580593344941822
129.7000000000001; 0.558438165952116
129.80000000000013; 0.558816186125188
129.90000000000012; 0.5591933970423449
130.0000000000001; 0.5595698007283257
130.1000000000001; 0.5599453992036596
130.2000000000001; 0.5603201944846563
130.30000000000013; 0.560694188583406
130.40000000000012; 0.5610673835077749
130.5000000000001; 0.561439781261397
130.6000000000001; 0.5618113838436762
130.7000000000001; 0.5621821932497778
130.80000000000013; 0.5625522114706278
130.90000000000012; 0.5629214404929057
131.0000000000001; 0.563289882299046
131.1000000000001; 0.5636575388672327
131.2000000000001; 0.5640244121713952
131.30000000000013; 0.56439050418121
131.40000000000012; 0.5647558168620909
131.5000000000001; 0.565120352175193
131.6000000000001; 0.5654841120774085
131.7000000000001; 0.5658470985213612
131.80000000000013; 0.5662093134554117
131.90000000000012; 0.5665707588236479
132.0000000000001; 0.5669314365658872
132.1000000000001; 0.5672913486176749
132.2000000000001; 0.567650496910282
132.30000000000013; 0.5680088833707043
132.40000000000012; 0.568366509921661
132.5000000000001; 0.5687233784815943
132.6000000000001; 0.5690794909646663
132.70000000000013; 0.5694348492807628
132.80000000000013; 0.5697894553354876
132.90000000000012; 0.5701433110301656
133.0000000000001; 0.5704964182618402
133.1000000000001; 0.5708487789232751
133.20000000000013; 0.5712003949029536
133.30000000000013; 0.5715512680850772
133.40000000000012; 0.5719014003495675
133.5000000000001; 0.5722507935720655
133.6000000000001; 0.572599449623933
133.70000000000013; 0.5729473703722526
133.80000000000013; 0.5732945576798272
133.90000000000012; 0.5736410134051834
134.0000000000001; 0.5739867394025697
134.1000000000001; 0.574331737521959
134.20000000000013; 0.5746760096090503
134.30000000000013; 0.5750195575052662
134.40000000000012; 0.5753623830477608
134.5000000000001; 0.575704488069415
134.6000000000001; 0.5760458743988414
134.70000000000013; 0.5763865438603838
134.80000000000013; 0.5767264982741211
134.90000000000012; 0.577065739455869
135.0000000000001; 0.5774042692171791
135.1000000000001; 0.5777420893653447
135.20000000000013; 0.5780792017034013
135.30000000000013; 0.5784156080301269
135.40000000000012; 0.5787513101400492
135.5000000000001; 0.5790863098234428
135.6000000000001; 0.5794206088663345
135.70000000000013; 0.5797542090505081
135.80000000000013; 0.5800871121535003
135.90000000000012; 0.5804193199486113
136.0000000000001; 0.580750834204903
136.1000000000001; 0.581081656687203
136.20000000000013; 0.5814117891561076
136.30000000000013; 0.5817412333679862
136.40000000000012; 0.5820699910749829
136.5000000000001; 0.5823980640250204
136.6000000000001; 0.5827254539618051
136.70000000000013; 0.5830521626248263
136.80000000000013; 0.5833781917493663
136.90000000000012; 0.5837035430664965
137.0000000000001; 0.5840282183030873
137.1000000000001; 0.5843522191818086
137.20000000000013; 0.5846755474211359
137.30000000000013; 0.584998204735351
137.40000000000012; 0.5853201928345496
137.5000000000001; 0.5856415134246431
137.6000000000001; 0.5859621682073648
137.70000000000013; 0.5862821588802715
137.80000000000013; 0.5866014871367494
137.90000000000012; 0.5869201546660194
138.0000000000001; 0.5872381631531389
138.1000000000001; 0.5875555142790093
138.20000000000013; 0.5878722097203786
138.30000000000013; 0.5881882511498467
138.40000000000012; 0.5885036402358699
138.5000000000001; 0.5888183786427666
138.60000000000014; 0.589132468030721
138.70000000000013; 0.589445910055787
138.80000000000013; 0.5897587063698978
138.90000000000012; 0.5900708586208643
139.0000000000001; 0.5903823684523855
139.10000000000014; 0.5906932375040513
139.20000000000013; 0.5910034674113489
139.30000000000013; 0.5913130598056656
139.40000000000012; 0.5916220163142978
139.5000000000001; 0.591930338560453
139.60000000000014; 0.5922380281632562
139.70000000000013; 0.5925450867377575
139.80000000000013; 0.5928515158949347
139.90000000000012; 0.5931573172417004
140.0000000000001; 0.5934624923809068
140.10000000000014; 0.5937670429113526
140.20000000000013; 0.5940709704277866
140.30000000000013; 0.5943742765209177
140.40000000000012; 0.594676962777414
140.5000000000001; 0.5949790307799164
140.60000000000014; 0.5952804821070378
140.70000000000013; 0.5955813183333726
140.80000000000013; 0.5958815410295032
140.90000000000012; 0.596181151762003
141.0000000000001; 0.5964801520934462
141.10000000000014; 0.5967785435824101
141.20000000000013; 0.5970763277834842
141.30000000000013; 0.5973735062472761
141.40000000000012; 0.5976700805204159
141.5000000000001; 0.5979660521455652
141.60000000000014; 0.5982614226614191
141.70000000000013; 0.5985561936027181
141.80000000000013; 0.5988503665002498
141.90000000000012; 0.5991439428808589
142.0000000000001; 0.5994369242674512
142.10000000000014; 0.599729312179001
142.20000000000013; 0.6000211081305573
142.30000000000013; 0.6003123136332523
142.40000000000012; 0.6006029301943034
142.5000000000001; 0.6008929593170265
142.60000000000014; 0.6011824025008352
142.70000000000013; 0.6014712612412537
142.80000000000013; 0.6017595370299219
142.90000000000012; 0.602047231354599
143.0000000000001; 0.6023343456991742
143.10000000000014; 0.6026208815436719
143.20000000000013; 0.6029068403642583
143.30000000000013; 0.6031922236332494
143.40000000000012; 0.6034770328191165
143.5000000000001; 0.6037612693864945
143.60000000000014; 0.6040449347961876
143.70000000000013; 0.6043280305051769
143.80000000000013; 0.6046105579666281
143.90000000000012; 0.6048925186298969
144.0000000000001; 0.6051739139405378
144.10000000000014; 0.6054547453403103
144.20000000000013; 0.6057350142671862
144.30000000000013; 0.6060147221553565
144.40000000000012; 0.6062938704352381
144.5000000000001; 0.6065724605334836
144.60000000000014; 0.6068504938729835
144.70000000000013; 0.6071279718728789
144.80000000000013; 0.6074048959485651
144.90000000000012; 0.6076812675117014
145.0000000000001; 0.6079570879702151
145.10000000000014; 0.608232358728312
145.20000000000013; 0.6085070811864817
145.30000000000013; 0.6087812567415072
145.40000000000012; 0.6090548867864688
145.50000000000014; 0.6093279727107548
145.60000000000014; 0.6096005159000664
145.70000000000013; 0.6098725177364275
145.80000000000013; 0.61014397959819
145.90000000000012; 0.6104149028600423
146.00000000000014; 0.6106852888930164
146.10000000000014; 0.6109551390644956
146.20000000000013; 0.6112244547382217
146.30000000000013; 0.6114932372743034
146.40000000000012; 0.6117614880292226
146.50000000000014; 0.6120292083558421
146.60000000000014; 0.6122963996034135
146.70000000000013; 0.6125630631175858
146.80000000000013; 0.6128292002404104
146.90000000000012; 0.6130948123103513
147.00000000000014; 0.613359900662291
147.10000000000014; 0.6136244666275376
147.20000000000013; 0.6138885115338354
147.30000000000013; 0.6141520367053693
147.40000000000012; 0.6144150434627744
147.50000000000014; 0.614677533123142
147.60000000000014; 0.6149395070000278
147.70000000000013; 0.6152009664034623
147.80000000000013; 0.6154619126399526
147.90000000000012; 0.6157223470124974
148.00000000000014; 0.6159822708205869
148.10000000000014; 0.6162416853602166
148.20000000000013; 0.6165005919238932
148.30000000000013; 0.6167589918006398
148.40000000000012; 0.617016886276008
148.50000000000014; 0.6172742766320815
148.60000000000014; 0.6175311641474858
148.70000000000013; 0.6177875500973969
148.80000000000013; 0.6180434357535473
148.90000000000012; 0.6182988223842332
149.00000000000014; 0.6185537112543245
149.10000000000014; 0.6188081036252712
149.20000000000013; 0.6190620007551103
149.30000000000013; 0.619315403898477
149.40000000000012; 0.6195683143066066
149.50000000000014; 0.6198207332273478
149.60000000000014; 0.6200726619051682
149.70000000000013; 0.620324101581161
149.80000000000013; 0.6205750534930556
149.90000000000012; 0.6208255188752223
150.00000000000014; 0.621075498958682
150.10000000000014; 0.6213250036843782
150.20000000000013; 0.6215740256660262
150.30000000000013; 0.6218225659992107
150.40000000000012; 0.6220706259013409
150.50000000000014; 0.6223182065865207
150.60000000000014; 0.6225653092655608
150.70000000000013; 0.6228119351459827
150.80000000000013; 0.623058085432028
150.90000000000012; 0.6233037613246671
151.00000000000014; 0.623548964021604
151.10000000000014; 0.6237936947172873
151.20000000000013; 0.6240379546029143
151.30000000000013; 0.6242817448664428
151.40000000000015; 0.6245250666925946
151.50000000000014; 0.6247679212628671
151.60000000000014; 0.6250103097555384
151.70000000000013; 0.6252522333456744
151.80000000000013; 0.6254936932051394
151.90000000000015; 0.6257346905026026
152.00000000000014; 0.6259752264035426
152.10000000000014; 0.6262153020702602
152.20000000000013; 0.6264549186618835
152.30000000000013; 0.626694077334375
152.40000000000015; 0.6269327792405396
152.50000000000014; 0.6271710255300335
152.60000000000014; 0.6274088173493702
152.70000000000013; 0.627646155841931
152.80000000000013; 0.6278830421479673
152.90000000000015; 0.6281194774046146
153.00000000000014; 0.6283554627458959
153.10000000000014; 0.6285909993027299
153.20000000000013; 0.6288260882029397
153.30000000000013; 0.629060730571261
153.40000000000015; 0.6292949275293472
153.50000000000014; 0.6295286801957798
153.60000000000014; 0.6297619896860738
153.70000000000013; 0.6299948571126877
153.80000000000013; 0.6302272835850271
153.90000000000015; 0.6304592702094584
154.00000000000014; 0.6306908180893092
154.10000000000014; 0.6309219283248829
154.20000000000013; 0.6311526020134605
154.30000000000013; 0.6313828402493117
154.40000000000015; 0.631612644123701
154.50000000000014; 0.6318420147248963
154.60000000000014; 0.6320709531381753
154.70000000000013; 0.632299460445833
154.80000000000013; 0.6325275377271911
154.90000000000015; 0.6327551860586033
155.00000000000014; 0.6329824065134646
155.10000000000014; 0.633209200162216
155.20000000000013; 0.6334355680723567
155.30000000000013; 0.6336615113084474
155.40000000000015; 0.6338870309321191
155.50000000000014; 0.6341121280020808
155.60000000000014; 0.6343368035741286
155.70000000000013; 0.6345610587011491
155.80000000000013; 0.6347848944331312
155.90000000000015; 0.6350083118171703
156.00000000000014; 0.6352313118974784
156.10000000000014; 0.6354538957153891
156.20000000000013; 0.6356760643093674
156.30000000000013; 0.635897818715014
156.40000000000015; 0.6361191599650772
156.50000000000014; 0.6363400890894546
156.60000000000014; 0.6365606071152072
156.70000000000013; 0.6367807150665603
156.80000000000013; 0.6370004139649147
156.90000000000015; 0.6372197048288534
157.00000000000014; 0.6374385886741487
157.10000000000014; 0.637657066513769
157.20000000000013; 0.6378751393578879
157.30000000000013; 0.638092808213888
157.40000000000015; 0.6383100740863733
157.50000000000014; 0.6385269379771723
157.60000000000014; 0.638743400885346
157.70000000000013; 0.6389594638071968
157.80000000000013; 0.6391751277362757
157.90000000000015; 0.6393903936633869
158.00000000000014; 0.6396052625765988
158.10000000000014; 0.6398197354612482
158.20000000000013; 0.6400338132999479
158.30000000000015; 0.6402474970725966
158.40000000000015; 0.640460787756384
158.50000000000014; 0.6406736863257962
158.60000000000014; 0.6408861937526271
158.70000000000013; 0.6410983110059825
158.80000000000015; 0.6413100390522873
158.90000000000015; 0.641521378855296
159.00000000000014; 0.6417323313760944
159.10000000000014; 0.6419428975731116
159.20000000000013; 0.6421530784021244
159.30000000000015; 0.6423628748162662
159.40000000000015; 0.6425722877660311
159.50000000000014; 0.6427813181992855
159.60000000000014; 0.6429899670612713
159.70000000000013; 0.6431982352946134
159.80000000000015; 0.6434061238393299
159.90000000000015; 0.6436136336328355
160.00000000000014; 0.6438207656099504
