energy (keV); transmission
1.0; 0.0
1.1; 0.0
1.2000000000000002; 0.0
1.3000000000000003; 0.0
1.4000000000000004; 0.0
1.5000000000000004; 0.0
1.6000000000000005; 0.0
1.7000000000000006; 0.0
1.8000000000000007; 0.0
1.9000000000000008; 0.0
2.000000000000001; 0.0
2.100000000000001; 0.0
2.200000000000001; 0.0
2.300000000000001; 0.0
2.4000000000000012; 0.0
2.5000000000000013; 0.0
2.6000000000000014; 0.0
2.7000000000000015; 0.0
2.8000000000000016; 0.0
2.9000000000000017; 0.0
3.0000000000000018; 0.0
3.100000000000002; 0.0
3.200000000000002; 0.0
3.300000000000002; 0.0
3.400000000000002; 0.0
3.500000000000002; 0.0
3.6000000000000023; 0.0
3.7000000000000024; 0.0
3.8000000000000025; 0.0
3.9000000000000026; 0.0
4.000000000000003; 0.0
4.100000000000003; 2.1140602450273723e-307
4.200000000000003; 5.473087834828944e-288
4.3000000000000025; 3.179685832370681e-270
4.400000000000003; 6.1844000584488145e-254
4.5000000000000036; 5.715035933722727e-239
4.600000000000003; 3.412121747960097e-225
4.700000000000003; 1.7251509245845581e-212
4.800000000000003; 9.379326298648047e-201
4.900000000000004; 6.77471217542809e-190
5.0000000000000036; 7.843271661637594e-180
5.100000000000003; 2.1947068569529825e-170
5.200000000000004; 1.3102343920688235e-161
5.300000000000004; 1.9130159538235342e-153
5.400000000000004; 7.718946565490889e-146
5.5000000000000036; 9.604252989363047e-139
5.600000000000004; 4.066368388992966e-132
5.700000000000005; 6.401743121411722e-126
5.800000000000004; 4.059551709371474e-120
5.900000000000004; 1.1146574665911293e-114
6.000000000000004; 2.4918030410273177e-200
6.100000000000005; 5.165117708706679e-196
6.200000000000005; 4.084621350478948e-191
6.300000000000004; 9.71514479493381e-186
6.400000000000005; 5.430686241883087e-180
6.500000000000005; 5.601524139522195e-174
6.600000000000005; 4.005183389887892e-171
6.700000000000005; 9.547191802783982e-165
6.800000000000005; 2.241787290766069e-158
6.900000000000006; 4.447587700658115e-152
7.000000000000005; 6.56539344126717e-146
7.100000000000005; 6.51141146224742e-140
7.2000000000000055; 0.0
7.300000000000006; 0.0
7.400000000000006; 0.0
7.500000000000005; 0.0
7.600000000000006; 0.0
7.700000000000006; 0.0
7.800000000000006; 0.0
7.900000000000006; 0.0
8.000000000000007; 1.129973527e-315
8.100000000000007; 1.479333967230437e-305
8.200000000000006; 6.767720040760446e-296
8.300000000000006; 1.1562474279562363e-286
8.400000000000006; 1.630662739e-314
8.500000000000007; 5.0582093679365e-305
8.600000000000007; 6.306287139118626e-296
8.700000000000006; 3.3286679870886945e-287
8.800000000000008; 7.804446436949519e-279
8.900000000000007; 8.497782058338782e-271
9.000000000000007; 4.478118942599197e-263
9.100000000000007; 1.186857606864783e-255
9.200000000000006; 1.6397157464702556e-248
9.300000000000008; 1.221034305445196e-241
9.400000000000007; 5.056563621523213e-235
9.500000000000007; 1.1991251219908529e-228
9.600000000000009; 1.673673745049325e-222
9.700000000000008; 1.4107628554271175e-216
9.800000000000008; 7.357192132498181e-211
9.900000000000007; 2.4283446940013443e-205
10.000000000000007; 5.18233655844751e-200
10.100000000000009; 7.308280913617686e-195
10.200000000000008; 6.915977122967595e-190
10.300000000000008; 4.464052008025955e-185
10.40000000000001; 1.996132100690119e-180
10.500000000000009; 6.2756410999315116e-176
10.600000000000009; 1.4068753267091876e-171
10.700000000000008; 2.2793655318709305e-167
10.800000000000008; 2.7032941069740772e-163
10.90000000000001; 2.3757259941507247e-159
11.000000000000009; 1.5652451127629742e-155
11.100000000000009; 7.817716604479973e-152
11.20000000000001; 2.991570009153616e-148
11.30000000000001; 8.860192068554142e-145
11.40000000000001; 2.0507772299565375e-141
11.500000000000009; 3.744084089182406e-138
11.600000000000009; 5.439613218486698e-135
11.70000000000001; 6.34251419291393e-132
11.80000000000001; 5.983318095758048e-129
11.90000000000001; 4.6022969583376836e-126
12.00000000000001; 2.9079016814475254e-123
12.10000000000001; 1.5199908824012856e-120
12.20000000000001; 6.617771390569227e-118
12.30000000000001; 2.4155796598898162e-115
12.40000000000001; 7.438425944082087e-113
12.50000000000001; 1.9439702659276748e-110
12.60000000000001; 4.3364945143778935e-108
12.70000000000001; 8.302678975745967e-106
12.800000000000011; 1.3715773862400345e-103
12.900000000000011; 1.9649188015644634e-101
13.00000000000001; 2.453026490499928e-99
13.10000000000001; 2.6811425308992204e-97
13.20000000000001; 2.5771739191348447e-95
13.300000000000011; 2.187977897174186e-93
13.400000000000011; 1.647453934657019e-91
13.50000000000001; 1.1045373146041468e-89
13.600000000000012; 6.619159661570885e-88
13.700000000000012; 3.558567485617507e-86
13.800000000000011; 1.7223869975356682e-84
13.900000000000011; 7.530853489782202e-83
14.00000000000001; 2.984244018478643e-81
14.100000000000012; 1.075143190237044e-79
14.200000000000012; 3.5322711291322475e-78
14.300000000000011; 1.0613590701946555e-76
14.400000000000013; 2.9248868968256175e-75
14.500000000000012; 7.412541286911496e-74
14.600000000000012; 1.7320732784043058e-72
14.700000000000012; 3.741062679287556e-71
14.800000000000011; 7.486903466233315e-70
14.900000000000013; 1.3915506877205198e-68
15.000000000000012; 2.407465349823914e-67
15.100000000000012; 3.887393576519207e-66
15.200000000000014; 5.867803026172665e-65
15.300000000000013; 8.29662998864817e-64
15.400000000000013; 1.1010200920139562e-62
15.500000000000012; 1.3739881676941971e-61
15.600000000000012; 1.615332576209934e-60
15.700000000000014; 1.7922577091600976e-59
15.800000000000013; 1.879920154309637e-58
15.900000000000013; 1.8672109751053907e-57
16.000000000000014; 1.758943205258667e-56
16.100000000000016; 1.5739100720811866e-55
16.200000000000014; 1.3397376084322624e-54
16.30000000000001; 1.0864035006505993e-53
16.400000000000013; 8.404127793039846e-53
16.500000000000014; 6.210152504838287e-52
16.600000000000016; 4.389129585618119e-51
16.700000000000014; 2.9707122495488535e-50
16.800000000000015; 1.9278365983044367e-49
16.900000000000013; 1.2009123147336074e-48
17.000000000000014; 7.189043039854217e-48
17.100000000000016; 4.1401946527525094e-47
17.200000000000014; 2.2962335119813196e-46
17.300000000000015; 1.2277157080334925e-45
17.400000000000013; 6.334212100160915e-45
17.500000000000014; 3.1565539576460784e-44
17.600000000000016; 1.5207548874656222e-43
17.700000000000014; 7.089529763730434e-43
17.800000000000015; 3.200828433877575e-42
17.900000000000016; 1.4007378310231256e-41
18.000000000000014; 5.946373404037117e-41
18.100000000000016; 2.4506921269940775e-40
18.200000000000017; 9.812878787785004e-40
18.300000000000015; 3.820277209178645e-39
18.400000000000016; 1.447084657525209e-38
18.500000000000014; 5.336960809412949e-38
18.600000000000016; 1.9177252018421595e-37
18.700000000000017; 6.718208857694751e-37
18.800000000000015; 2.295986763776433e-36
18.900000000000016; 7.65948927994324e-36
19.000000000000014; 2.4957592910787727e-35
19.100000000000016; 7.947459084380749e-35
19.200000000000017; 2.4746827407027155e-34
19.300000000000015; 7.5389727794230385e-34
19.400000000000016; 2.2482011336469384e-33
19.500000000000018; 6.566149714258381e-33
19.600000000000016; 1.8791217096517614e-32
19.700000000000017; 5.272022265795918e-32
19.80000000000002; 1.4507128483430247e-31
19.900000000000016; 3.9171074742625082e-31
20.000000000000018; 1.0382971065809614e-30
20.100000000000016; 2.961351963070265e-32
20.200000000000017; 8.007051232766586e-32
20.30000000000002; 2.1259722301638605e-31
20.400000000000016; 5.545298141466892e-31
20.500000000000018; 1.4215088724725605e-30
20.600000000000016; 3.582629399549783e-30
20.700000000000017; 8.88070632991293e-30
20.80000000000002; 2.1659462001672893e-29
20.900000000000016; 5.199472160925358e-29
21.000000000000018; 1.2289522447180661e-28
21.10000000000002; 2.8610377231536416e-28
21.200000000000017; 6.562506251649588e-28
21.30000000000002; 1.4835916527018917e-27
21.40000000000002; 3.306699905472999e-27
21.500000000000018; 7.268496807007752e-27
21.60000000000002; 1.576137288066625e-26
21.700000000000017; 3.3726396166851487e-26
21.80000000000002; 7.123539825804328e-26
21.90000000000002; 1.4855668820318502e-25
22.000000000000018; 3.059682271479747e-25
22.10000000000002; 6.225332835795907e-25
22.200000000000017; 1.2515909391146034e-24
22.30000000000002; 2.4870498562219057e-24
22.40000000000002; 4.8857894990978515e-24
22.500000000000018; 9.491098480615407e-24
22.60000000000002; 1.823603408281364e-23
22.70000000000002; 3.466368460511399e-23
22.80000000000002; 6.51996511269886e-23
22.90000000000002; 1.2137674569176797e-22
23.00000000000002; 2.2368483571741992e-22
23.10000000000002; 4.0816652086168586e-22
23.20000000000002; 7.376065901800589e-22
23.30000000000002; 1.3203329503708607e-21
23.40000000000002; 2.3415102063561846e-21
23.50000000000002; 4.114748006021357e-21
23.60000000000002; 7.166445067092006e-21
23.70000000000002; 1.2372416496745203e-20
23.80000000000002; 2.1177298922430786e-20
23.90000000000002; 3.594389779276426e-20
24.00000000000002; 6.050481114530595e-20
24.10000000000002; 1.0102635325532201e-19
24.20000000000002; 1.6735077779817196e-19
24.300000000000022; 2.750652735481881e-19
24.40000000000002; 4.486667686643358e-19
24.50000000000002; 7.26366471675855e-19
24.600000000000023; 1.1673298715446587e-18
24.70000000000002; 1.862507754585637e-18
24.800000000000022; 2.9507243073190187e-18
24.90000000000002; 4.642407508360465e-18
25.00000000000002; 7.254352960445733e-18
25.100000000000023; 1.1260309837558235e-17
25.20000000000002; 1.7364106107810244e-17
25.300000000000022; 2.6604673825893957e-17
25.40000000000002; 4.050593581900412e-17
25.50000000000002; 6.128938772318233e-17
25.600000000000023; 9.217376237607021e-17
25.70000000000002; 1.3779492257493882e-16
25.800000000000022; 2.0479076532913516e-16
25.900000000000023; 3.026112903436846e-16
26.00000000000002; 4.446341669137052e-16
26.100000000000023; 6.496924820630773e-16
26.200000000000024; 9.441555605549208e-16
26.300000000000022; 1.3647479140625245e-15
26.400000000000023; 1.9623480931671613e-15
26.50000000000002; 2.8070816606838264e-15
26.600000000000023; 3.995114556262469e-15
26.700000000000024; 5.657669485789423e-15
26.800000000000022; 7.97293432289225e-15
26.900000000000023; 1.1181714668873278e-14
27.00000000000002; 1.560791081761788e-14
27.100000000000023; 2.1685182075571622e-14
27.200000000000024; 2.999151010846084e-14
27.300000000000022; 4.1293801142007304e-14
27.400000000000023; 5.660519012156969e-14
27.500000000000025; 7.725834658677382e-14
27.600000000000023; 1.0499885317119303e-13
27.700000000000024; 1.421036576306048e-13
27.800000000000026; 1.9153071603232362e-13
27.900000000000023; 2.5710728001926193e-13
28.000000000000025; 3.437658710065206e-13
28.100000000000023; 4.578388695663456e-13
28.200000000000024; 6.074248749534714e-13
28.300000000000026; 8.028426090025197e-13
28.400000000000023; 1.0571912075797885e-12
28.500000000000025; 1.3870393246308169e-12
28.600000000000023; 1.8132696383542538e-12
28.700000000000024; 2.3621101726196137e-12
28.800000000000026; 3.0663894129279314e-12
28.900000000000023; 3.9670585956661094e-12
29.000000000000025; 5.1150318801186394e-12
29.100000000000026; 6.573403480068493e-12
29.200000000000024; 8.420110348534666e-12
29.300000000000026; 1.0751119795205857e-11
29.400000000000027; 1.3684233598267276e-11
29.500000000000025; 1.7363613884276997e-11
29.600000000000026; 2.1965151430946102e-11
29.700000000000024; 2.770281424377222e-11
29.800000000000026; 3.4836133418094e-11
29.900000000000027; 4.3679004577818924e-11
30.000000000000025; 5.4610006737478655e-11
30.100000000000026; 6.809022719965654e-11
30.200000000000024; 8.466277910042967e-11
30.300000000000026; 1.0498173235936483e-10
30.400000000000027; 1.298275631700719e-10
30.500000000000025; 1.6012906454691905e-10
30.600000000000026; 1.969887010120123e-10
30.700000000000028; 2.4171178437929217e-10
30.800000000000026; 2.958399622513571e-10
30.900000000000027; 3.6118956173329703e-10
31.00000000000003; 4.3989538542215976e-10
31.100000000000026; 5.344606150285544e-10
31.200000000000028; 6.478135400929815e-10
31.300000000000026; 7.833718952070784e-10
31.400000000000027; 9.451156589591314e-10
31.50000000000003; 1.1376692414802538e-09
31.600000000000026; 1.366394064933703e-09
31.700000000000028; 1.637492622498484e-09
31.800000000000026; 1.958125186246382e-09
31.900000000000027; 2.336540422661324e-09
32.00000000000003; 2.782221266247032e-09
32.10000000000002; 3.306047496486476e-09
32.20000000000003; 3.920476561127824e-09
32.300000000000026; 4.6397442890980326e-09
32.40000000000003; 5.480087238952487e-09
32.50000000000003; 6.459988533322327e-09
32.60000000000003; 7.600449135898892e-09
32.70000000000003; 8.925286634702547e-09
32.800000000000026; 1.0461463703212092e-08
32.90000000000003; 1.2239448518890585e-08
33.00000000000003; 1.4293609526227659e-08
33.10000000000003; 1.666264703798809e-08
33.20000000000003; 1.9390064273390244e-08
33.300000000000026; 2.252468053473603e-08
33.40000000000003; 2.6121189324002623e-08
33.50000000000003; 3.024076429729655e-08
33.60000000000003; 3.49517160473734e-08
33.70000000000003; 4.033020279161687e-08
33.800000000000026; 4.6460998124670896e-08
33.90000000000003; 5.343831907012935e-08
34.00000000000003; 6.136671773405535e-08
34.10000000000003; 7.036203992341101e-08
34.20000000000003; 8.055245414464774e-08
34.30000000000003; 9.207955444034412e-08
34.40000000000003; 1.0509954055470513e-07
34.50000000000003; 1.1978447894125244e-07
34.60000000000003; 1.3632364813705442e-07
34.70000000000003; 1.5492497202764676e-07
34.80000000000003; 1.7581654451351513e-07
34.90000000000003; 1.9924824906398912e-07
35.00000000000003; 2.254934766047049e-07
35.10000000000003; 2.5485094513269525e-07
35.20000000000003; 2.8764662438616e-07
35.30000000000003; 3.242357688143871e-07
35.400000000000034; 3.650050619982135e-07
35.50000000000003; 4.103748755593914e-07
35.60000000000003; 4.6080164547275745e-07
35.70000000000003; 5.167803685528722e-07
35.80000000000003; 5.788472217316334e-07
35.900000000000034; 6.475823065721833e-07
36.00000000000003; 7.236125212777969e-07
36.10000000000003; 8.076145622550606e-07
36.20000000000003; 9.003180570742529e-07
36.30000000000003; 1.0025088304417184e-06
36.400000000000034; 1.1150323045559958e-06
36.50000000000003; 1.238797034963433e-06
36.60000000000003; 1.3747783827605743e-06
36.70000000000003; 1.5240223237107133e-06
36.80000000000003; 1.6876493945491875e-06
36.900000000000034; 1.8668587764498603e-06
37.00000000000003; 2.0629325153150205e-06
37.10000000000003; 2.2772398782258397e-06
37.20000000000003; 2.511241845065936e-06
37.30000000000003; 2.766495733990787e-06
37.400000000000034; 3.044659959075822e-06
37.500000000000036; 3.347498918124981e-06
37.60000000000003; 3.6768880082772915e-06
37.70000000000003; 4.03481876668336e-06
37.80000000000003; 4.4234041331788675e-06
37.900000000000034; 4.844883831515304e-06
38.000000000000036; 5.30162986535761e-06
38.10000000000003; 5.796152124900401e-06
38.20000000000003; 6.3311040996001415e-06
38.30000000000003; 6.909288692176016e-06
38.400000000000034; 7.533664128679797e-06
38.500000000000036; 8.207349959109691e-06
38.60000000000004; 8.933633142693541e-06
38.70000000000003; 9.715974211667266e-06
38.80000000000003; 1.0558013507032106e-05
38.900000000000034; 1.1463577479498577e-05
39.000000000000036; 1.2436685048510886e-05
39.10000000000004; 1.3481554011979876e-05
39.20000000000003; 1.4602607499069762e-05
39.30000000000003; 1.580448045815341e-05
39.400000000000034; 1.7092026171781293e-05
39.500000000000036; 1.847032279031625e-05
39.60000000000004; 1.994467987566032e-05
39.70000000000003; 2.152064494630716e-05
39.80000000000003; 2.3204010014805744e-05
39.900000000000034; 2.5000818108528365e-05
40.000000000000036; 2.6917355200754734e-05
40.10000000000004; 2.8959095853441868e-05
40.20000000000003; 3.1133832481561715e-05
40.30000000000003; 3.344866541294104e-05
40.400000000000034; 3.591097752725179e-05
40.500000000000036; 3.8528440481068606e-05
40.60000000000004; 4.1309020851684264e-05
40.70000000000004; 4.426098619011093e-05
40.80000000000003; 4.739291097379172e-05
40.900000000000034; 5.071368244948515e-05
41.000000000000036; 5.4232506356952494e-05
41.10000000000004; 5.7958912524070965e-05
41.20000000000004; 6.190276032411433e-05
41.30000000000003; 6.607424398609881e-05
41.400000000000034; 7.048389774917286e-05
41.500000000000036; 7.514260085218184e-05
41.60000000000004; 8.006158234979883e-05
41.70000000000004; 8.525242574662679e-05
41.80000000000004; 9.072707344106477e-05
41.900000000000034; 9.649783097084885e-05
42.000000000000036; 0.0001025773710523761
42.10000000000004; 0.00010897873740630549
42.20000000000004; 0.00011571534836206252
42.30000000000004; 0.00012280100023415603
42.400000000000034; 0.0001302498704636938
42.500000000000036; 0.00013807652051841147
42.60000000000004; 0.00014629589854529363
42.70000000000004; 0.00015492334176981563
42.80000000000004; 0.0001639745786363234
42.900000000000034; 0.00017346573068448683
43.000000000000036; 0.000183413314156889
43.10000000000004; 0.00019383424133341374
43.20000000000004; 0.00020474582158825936
43.30000000000004; 0.00021616576216589424
43.400000000000034; 0.00022811216867260584
43.500000000000036; 0.00024060354528058947
43.60000000000004; 0.00025365879464212004
43.70000000000004; 0.00026729721751144527
43.80000000000004; 0.00028153851207260737
43.90000000000004; 0.0002964027729717321
44.000000000000036; 0.00031191049005280925
44.10000000000004; 0.0003280825467960617
44.20000000000004; 0.00034494021845871354
44.30000000000004; 0.0003625051699183075
44.40000000000004; 0.00038079945321879206
44.500000000000036; 0.0003998455048202921
44.60000000000004; 0.0004196661425537983
44.70000000000004; 0.00044028456228218684
44.80000000000004; 0.0004617243342694607
44.90000000000004; 0.000484009399260531
45.00000000000004; 0.0005071640642740172
45.10000000000004; 0.0005312129981110578
45.20000000000004; 0.0005561812265832183
45.30000000000004; 0.0005820941274632762
45.40000000000004; 0.0006089774251624662
45.50000000000004; 0.0006368571851385397
45.60000000000004; 0.0006657598080391121
45.70000000000004; 0.0006957120235848767
45.80000000000004; 0.0007267408841976317
45.90000000000004; 0.0007588737583788681
46.00000000000004; 0.0007921383238436108
46.10000000000004; 0.0008265625604161542
46.20000000000004; 0.0008621747426929663
46.30000000000004; 0.0008990034324793925
46.40000000000004; 0.0009370774710062445
46.50000000000004; 0.0009764259709331445
46.60000000000004; 0.0010170783081452689
46.70000000000004; 0.0010590641133504796
46.80000000000004; 0.0011024132634837808
46.90000000000004; 0.0011471558729266131
47.00000000000004; 0.0011933222845481868
47.100000000000044; 0.0012409430605765691
47.20000000000004; 0.001290048973306658
47.30000000000004; 0.0013406709956536235
47.40000000000004; 0.0013928402915585948
47.50000000000004; 0.001446588206255258
47.600000000000044; 0.001501946256405187
47.70000000000004; 0.001558946120109348
47.80000000000004; 0.0016176196268047765
47.90000000000004; 0.0016779987470536622
48.00000000000004; 0.0017401155822334175
48.100000000000044; 0.001804002354135466
48.200000000000045; 0.0018696913944816161
48.30000000000004; 0.001937215134365232
48.40000000000004; 0.0020066060936257827
48.50000000000004; 0.0020778968701647155
48.600000000000044; 0.002151120129210885
48.700000000000045; 0.002226308592543234
48.80000000000004; 0.002303495027678832
48.90000000000004; 0.002382712237033994
49.00000000000004; 0.002463993047066279
49.100000000000044; 0.0025473702974057382
49.200000000000045; 0.002632876829981553
49.30000000000004; 0.0027205454781534487
49.40000000000004; 0.002810409055854039
49.50000000000004; 0.002902500346749245
49.600000000000044; 0.002996852093426021
49.700000000000045; 0.003093496986611217
49.80000000000004; 0.0031924676544319484
49.90000000000004; 0.0032937966517220998
50.00000000000004; 0.003397516449381781
50.100000000000044; 0.003503698329895111
50.200000000000045; 0.0036123379626278648
50.30000000000005; 0.0037234671321054232
50.40000000000004; 0.003837117914365889
50.50000000000004; 0.0039533222496786055
50.600000000000044; 0.0040721119323468375
50.700000000000045; 0.004193518600606717
50.80000000000005; 0.004317573726628076
50.90000000000004; 0.004444308606622305
51.00000000000004; 0.0045737543510623565
51.100000000000044; 0.004705941875019922
51.200000000000045; 0.004840901888624731
51.30000000000005; 0.004978664887650341
51.40000000000005; 0.0051192611442318564
51.50000000000004; 0.005262720697717546
51.600000000000044; 0.005409073345662024
51.700000000000045; 0.0055583486349615385
51.80000000000005; 0.005710575853137137
51.90000000000005; 0.0058657840197692416
52.00000000000004; 0.006024001878085281
52.100000000000044; 0.006185257886706643
52.200000000000045; 0.006349580211555243
52.30000000000005; 0.006516996717923971
52.40000000000005; 0.006687534962713714
52.50000000000004; 0.006861222186839547
52.600000000000044; 0.007038085307807391
52.700000000000045; 0.007218150912464701
52.80000000000005; 0.00740144524992793
52.90000000000005; 0.007587994224685548
53.00000000000004; 0.00777782338988166
53.100000000000044; 0.007970957940780305
53.200000000000045; 0.00816742270841176
53.30000000000005; 0.008367242153402682
53.40000000000005; 0.008570440359990638
53.50000000000005; 0.008777041030224439
53.600000000000044; 0.008987067478351736
53.700000000000045; 0.009200542625391427
53.80000000000005; 0.009417488993896472
53.90000000000005; 0.009637928702903082
54.00000000000005; 0.009861883463068872
54.100000000000044; 0.010089374571998376
54.200000000000045; 0.010320422909759036
54.30000000000005; 0.010555048934583266
54.40000000000005; 0.01079327267875943
54.50000000000005; 0.011035113744711495
54.60000000000005; 0.011280591301263083
54.700000000000045; 0.011529724080091055
54.80000000000005; 0.011782530372363192
54.90000000000005; 0.01203902802556041
55.00000000000005; 0.012299234440485213
55.10000000000005; 0.012563166568449637
55.200000000000045; 0.012830840908648281
55.30000000000005; 0.013102273505710674
55.40000000000005; 0.013377479947431345
55.50000000000005; 0.01365647536268075
55.60000000000005; 0.013939274419490713
55.700000000000045; 0.014225891323314081
55.80000000000005; 0.01451633981545873
55.90000000000005; 0.014810633171693116
56.00000000000005; 0.01510878420101917
56.10000000000005; 0.015410805244616906
56.200000000000045; 0.015716708174949537
56.30000000000005; 0.016026504395037725
56.40000000000005; 0.016340204837891014
56.50000000000005; 0.01665781996610194
56.60000000000005; 0.016979359771595228
56.70000000000005; 0.017304833775534986
56.80000000000005; 0.01763425102838184
56.90000000000005; 0.01796762011010108
57.00000000000005; 0.018304949130522104
57.10000000000005; 0.01864624572984017
57.20000000000005; 0.01899151707926212
57.30000000000005; 0.019340769881795856
57.40000000000005; 0.019694010373174697
57.50000000000005; 0.0200512443229182
57.60000000000005; 0.02041247703553058
57.70000000000005; 0.020777713351823195
57.800000000000054; 0.021146957650370817
57.90000000000005; 0.021520213849091505
58.00000000000005; 0.02189748540694729
58.10000000000005; 0.022278775325770515
58.20000000000005; 0.0226640861522018
58.300000000000054; 0.023053419979746827
58.40000000000005; 0.023446778450945494
58.50000000000005; 0.023844162759649037
58.60000000000005; 0.02424557365340347
58.70000000000005; 0.024651011435942425
58.800000000000054; 0.025060475969773698
58.90000000000005; 0.025473966678872608
59.00000000000005; 0.02589148255146556
59.10000000000005; 0.02631302214291156
59.20000000000005; 0.026738583578672023
59.300000000000054; 0.02716816455737042
59.40000000000005; 0.0276017623539358
59.50000000000005; 0.028039373822831948
59.60000000000005; 0.02848099540136485
59.70000000000005; 0.02892662311306837
59.800000000000054; 0.029376252571166012
59.900000000000055; 0.029829878982106078
60.00000000000005; 0.03028749714916193
60.10000000000005; 0.030749017474315098
60.20000000000005; 0.031214516361662673
60.300000000000054; 0.03168398740590913
60.400000000000055; 0.03215742380537998
60.50000000000005; 0.03263481837388656
60.60000000000005; 0.03311616354471211
60.70000000000005; 0.03360145137465538
60.800000000000054; 0.03409067354812097
60.900000000000055; 0.034583821381262314
61.00000000000006; 0.03508088582616726
61.10000000000005; 0.03558185747508881
61.20000000000005; 0.03608672656471803
61.300000000000054; 0.03659548298049568
61.400000000000055; 0.03710811626095859
61.50000000000006; 0.03762461560212729
61.60000000000005; 0.03814496986191841
61.70000000000005; 0.03866916756459262
61.800000000000054; 0.039197196905229846
61.900000000000055; 0.0397290457542338
62.00000000000006; 0.0402647016618524
62.10000000000005; 0.040804151862732445
62.20000000000005; 0.04134738328048576
62.300000000000054; 0.041894382532276384
62.400000000000055; 0.04244513593342853
62.50000000000006; 0.042999629502041135
62.60000000000005; 0.043557848963625086
62.70000000000005; 0.0441197797557436
62.800000000000054; 0.04468540703266586
62.900000000000055; 0.04525471567003048
63.00000000000006; 0.045827690269508344
63.10000000000006; 0.04640431516347771
63.20000000000005; 0.046984574419696425
63.300000000000054; 0.04756845184597756
63.400000000000055; 0.048155930994866446
63.50000000000006; 0.04874699516831299
63.60000000000006; 0.04934162742233978
63.70000000000005; 0.049939810571711776
63.800000000000054; 0.0505415271945927
63.900000000000055; 0.051146759637196365
64.00000000000006; 0.05175549001843305
64.10000000000005; 0.05236770023453897
64.20000000000006; 0.052983371963698
64.30000000000005; 0.05360248667065323
64.40000000000006; 0.054225025611299195
64.50000000000006; 0.05485096983726156
64.60000000000005; 0.055480300200463434
64.70000000000006; 0.05611299735766803
64.80000000000005; 0.056749041775008925
64.90000000000006; 0.0573884137325006
65.00000000000006; 0.05803109332851965
65.10000000000005; 0.058677060484280376
65.20000000000006; 0.05932629494827141
65.30000000000005; 0.059978776300680034
65.40000000000006; 0.06063448395779081
65.50000000000006; 0.06129339717635174
65.60000000000005; 0.06195549505792514
65.70000000000006; 0.06262075655320547
65.80000000000005; 0.0632891604663078
65.90000000000006; 0.06396068545903374
66.00000000000006; 0.06463531005510725
66.10000000000005; 0.06531301264437435
66.20000000000006; 0.06599377148698173
66.30000000000005; 0.06667756471751816
66.40000000000006; 0.06736437034912637
66.50000000000006; 0.06805416627758151
66.60000000000005; 0.06874693028533871
66.70000000000006; 0.06944264004554797
66.80000000000005; 0.07014127312602964
66.90000000000006; 0.07084280699322479
67.00000000000006; 0.07154721901609844
67.10000000000007; 0.07225448647002422
67.20000000000006; 0.07296458654061354
67.30000000000005; 0.07367749632752844
67.40000000000006; 0.07439319284824036
67.50000000000006; 0.07511165304176741
67.60000000000007; 0.075832853772362
67.70000000000006; 0.07655677183316857
67.80000000000005; 0.07728338394984162
67.90000000000006; 0.07801266678412663
68.00000000000006; 0.07874459693739821
68.10000000000007; 0.07947915095416563
68.20000000000006; 0.08021630532553714
68.30000000000005; 0.08095603649264344
68.40000000000006; 0.08169832085002621
68.50000000000006; 0.08244313474898363
68.60000000000007; 0.08319045450087856
68.70000000000006; 0.08394025638040548
68.80000000000005; 0.08469251662881934
68.90000000000006; 0.08544721145712561
69.00000000000006; 0.08620431704922599
69.10000000000007; 0.08696380956502867
69.20000000000006; 0.08772566514351786
69.30000000000005; 0.08848985990578254
69.40000000000006; 0.08925636995800201
69.50000000000006; 0.09002517139439856
69.60000000000007; 0.0907962403001446
69.70000000000006; 0.0915695527542315
69.80000000000007; 0.09234508483229707
69.90000000000006; 0.09312281260941599
70.00000000000006; 0.09390271216284757
70.10000000000007; 0.09468475957474376
70.20000000000006; 0.09546893093482135
70.30000000000007; 0.09625520234298957
70.40000000000006; 0.0970435499119376
70.50000000000006; 0.09783394976969084
70.60000000000007; 0.09862637806211602
70.70000000000006; 0.09942081095539984
70.80000000000007; 0.1002172246384731
70.90000000000006; 0.10101559532541358
71.00000000000006; 0.10181589925779479
71.10000000000007; 0.10261811270700637
71.20000000000006; 0.10342221197653033
71.30000000000007; 0.10422817340418149
71.40000000000006; 0.10503597336430785
71.50000000000006; 0.10584558826995771
71.60000000000007; 0.10665699457500265
71.70000000000006; 0.10747016877622925
71.80000000000007; 0.10828508741538849
71.90000000000006; 0.10910172708121
72.00000000000006; 0.10992006441138077
72.10000000000007; 0.11074007609448858
72.20000000000006; 0.11156173887192201
72.30000000000007; 0.1123850295397445
72.40000000000006; 0.1132099249505202
72.50000000000006; 0.11403640201512175
72.60000000000007; 0.11486443770448043
72.70000000000006; 0.11569400905132425
72.80000000000007; 0.11652509315186226
72.90000000000006; 0.11735766716744596
73.00000000000006; 0.11819170832619276
73.10000000000007; 0.119027193924573
73.20000000000006; 0.11986410132897075
73.30000000000007; 0.12070240797720072
73.40000000000006; 0.12154209138000295
73.50000000000007; 0.12238312912249628
73.60000000000007; 0.1232254988656014
73.70000000000006; 0.12406917834743729
73.80000000000007; 0.12491414538467724
73.90000000000006; 0.12576037787388025
74.00000000000007; 0.12660785379278686
74.10000000000007; 0.12745655120158328
74.20000000000006; 0.12830644824414209
74.30000000000007; 0.12915752314922171
74.40000000000006; 0.13000975423164762
74.50000000000007; 0.1308631198934511
74.60000000000007; 0.13171759862499066
74.70000000000006; 0.13257316900603758
74.80000000000007; 0.13342980970683002
74.90000000000006; 0.13428749948910787
75.00000000000007; 0.1351462172071132
75.10000000000007; 0.13600594180856063
75.20000000000006; 0.13686665233558737
75.30000000000007; 0.13772832792566814
75.40000000000006; 0.13859094781251072
75.50000000000007; 0.1394544913269199
75.60000000000007; 0.14031893789763578
75.70000000000006; 0.14118426705214704
75.80000000000007; 0.1420504584174817
75.90000000000006; 0.14291749172096177
76.00000000000007; 0.14378534679095242
76.10000000000007; 0.14465400355756006
76.20000000000007; 0.1455234420533348
76.30000000000007; 0.14639364241392228
76.40000000000006; 0.14726458487871508
76.50000000000007; 0.14813624979146112
76.60000000000007; 0.1490086176008611
76.70000000000007; 0.1498816688611409
76.80000000000007; 0.15075538423259746
76.90000000000006; 0.15162974448212807
77.00000000000007; 0.15250473048373428
77.10000000000007; 0.15338032321899947
77.20000000000007; 0.15425650377756087
77.30000000000007; 0.15513325335754352
77.40000000000006; 0.15601055326597887
77.50000000000007; 0.1568883849192129
77.60000000000007; 0.15776672984327492
77.70000000000007; 0.15864556967424878
77.80000000000007; 0.15952488615860363
77.90000000000006; 0.16040466115352242
78.00000000000007; 0.16128487662719954
78.10000000000007; 0.16216551465912982
78.20000000000007; 0.1630465574403676
78.30000000000007; 0.16392798727378025
78.40000000000006; 0.16480978657427567
78.50000000000007; 0.16569193786901407
78.60000000000007; 0.16657442379760456
78.70000000000007; 0.16745722711228153
78.80000000000007; 0.16834033067807117
78.90000000000006; 0.16922371747292858
79.00000000000007; 0.17010737058787612
79.10000000000007; 0.17099127322711155
79.20000000000007; 0.17187540870810736
79.30000000000007; 0.17275976046169217
79.40000000000006; 0.17364431203212188
79.50000000000007; 0.17452904707712993
79.60000000000007; 0.17541394936796442
79.70000000000007; 0.17629900278941776
79.80000000000007; 0.17718419133983174
79.90000000000008; 0.1780694991310929
80.00000000000007; 0.17895491038862513
80.10000000000007; 0.17984063881016848
80.20000000000007; 0.18072644315857175
80.30000000000007; 0.1816123046123868
80.40000000000008; 0.18249820782842513
80.50000000000007; 0.1833841375766219
80.60000000000007; 0.1842700787399446
80.70000000000007; 0.18515601631429537
80.80000000000007; 0.1860419354083922
80.90000000000008; 0.1869278212436479
81.00000000000007; 0.18781365915403106
81.10000000000007; 0.1886994345859184
81.20000000000007; 0.18958513309794167
81.30000000000007; 0.1904707403608142
81.40000000000008; 0.1913562421571534
81.50000000000007; 0.1922416243812986
81.60000000000007; 0.19312687303910295
81.70000000000007; 0.19401197424773078
81.80000000000007; 0.19489691423543928
81.90000000000008; 0.19578167934135599
82.00000000000007; 0.1966662560152343
82.10000000000007; 0.19755063081721605
82.20000000000007; 0.19843479041757936
82.30000000000007; 0.19931872159646918
82.40000000000008; 0.20020241124363772
82.50000000000007; 0.20108584635815818
82.60000000000008; 0.20196901404814557
82.70000000000007; 0.20285190153045932
82.80000000000007; 0.2037344961304045
82.90000000000008; 0.20461678528142133
83.00000000000007; 0.20549875652477248
83.10000000000008; 0.20638039750922302
83.20000000000007; 0.20726169599070388
83.30000000000007; 0.20814263983198442
83.40000000000008; 0.20902321700232304
83.50000000000007; 0.20990341557712527
83.60000000000008; 0.21078322373758604
83.70000000000007; 0.2116626297703297
83.80000000000007; 0.21254162206704152
83.90000000000008; 0.21342018912410002
84.00000000000007; 0.21429831954219664
84.10000000000008; 0.21517600202595297
84.20000000000007; 0.21605322538353294
84.30000000000007; 0.21692997852625326
84.40000000000008; 0.21780625046817798
84.50000000000007; 0.21868203032572142
84.60000000000008; 0.21955730731724152
84.70000000000007; 0.22043207076262455
84.80000000000007; 0.22130631008286952
84.90000000000008; 0.222180014799669
85.00000000000007; 0.22305317453498313
85.10000000000008; 0.22392577901061753
85.20000000000007; 0.22479781804777724
85.30000000000007; 0.2256692815666468
85.40000000000008; 0.22654015958593932
85.50000000000007; 0.22741044222245696
85.60000000000008; 0.2282801196906506
85.70000000000007; 0.2291491823021584
85.80000000000007; 0.23001762046536303
85.90000000000008; 0.23088542468493262
86.00000000000007; 0.23175258556136377
86.10000000000008; 0.2326190937905176
86.20000000000007; 0.2334849401631595
86.30000000000008; 0.23435011556448962
86.40000000000008; 0.23521461097367866
86.50000000000007; 0.23607841746339084
86.60000000000008; 0.23694152619931552
86.70000000000007; 0.23780392843969084
86.80000000000008; 0.2386656155348268
86.90000000000008; 0.2395265789266212
87.00000000000007; 0.24038681014808672
87.10000000000008; 0.24124630082286214
87.20000000000007; 0.242105042664732
87.30000000000008; 0.24296302747713716
87.40000000000008; 0.24382024715268782
87.50000000000007; 0.24467669367267908
87.60000000000008; 0.24553235910659726
87.70000000000007; 0.246387235611626
87.80000000000008; 0.24724131543216155
87.90000000000008; 0.24809459089931518
88.00000000000007; 0.2489470544304166
88.10000000000008; 0.2497986985285262
88.20000000000007; 0.2506495157819306
88.30000000000008; 0.25149949886365064
88.40000000000008; 0.25234864053094824
88.50000000000007; 0.2531969336248183
88.60000000000008; 0.254044371069502
88.70000000000007; 0.25489094587197925
88.80000000000008; 0.25573665112147637
88.90000000000008; 0.2565814799889595
89.00000000000009; 0.2574254257266454
89.10000000000008; 0.25826848166749033
89.20000000000007; 0.2591106412247022
89.30000000000008; 0.2599518978912302
89.40000000000008; 0.26079224523927186
89.50000000000009; 0.26163167691977246
89.60000000000008; 0.26247018666192323
89.70000000000007; 0.2633077682726659
89.80000000000008; 0.26414441563619134
89.90000000000008; 0.2649801227134401
90.00000000000009; 0.2658148835416115
90.10000000000008; 0.2666486922336524
90.20000000000007; 0.26748154297777677
90.30000000000008; 0.2683134300369531
90.40000000000008; 0.269144347748421
90.50000000000009; 0.2699742905231886
90.60000000000008; 0.2708032528455407
90.70000000000007; 0.27163122927254413
90.80000000000008; 0.27245821443355495
90.90000000000008; 0.27328420302972334
91.00000000000009; 0.2741091898335102
91.10000000000008; 0.27493316968818526
91.20000000000007; 0.2757561375073479
91.30000000000008; 0.27657808827443303
91.40000000000008; 0.2773990170422227
91.50000000000009; 0.2782189189323635
91.60000000000008; 0.27903778913487987
91.70000000000007; 0.27985562290768884
91.80000000000008; 0.28067241557611816
91.90000000000008; 0.2814881625324217
92.00000000000009; 0.2823028592353053
92.10000000000008; 0.28311650120943965
92.20000000000007; 0.2839290840449903
92.30000000000008; 0.28474060339713314
92.40000000000008; 0.2855510549855865
92.50000000000009; 0.2863604345941329
92.60000000000008; 0.28716873807014826
92.70000000000009; 0.2879759613241302
92.80000000000008; 0.2887821003292294
92.90000000000008; 0.28958715112078187
93.00000000000009; 0.2903911097958426
93.10000000000008; 0.2911939725127226
93.20000000000009; 0.2919957354905216
93.30000000000008; 0.29279639500866905
93.40000000000008; 0.2935959474064664
93.50000000000009; 0.2943943890826256
93.60000000000008; 0.2951917164948141
93.70000000000009; 0.29598792615919967
93.80000000000008; 0.29678301464999995
93.90000000000008; 0.29757697859902493
94.00000000000009; 0.2983698146952361
94.10000000000008; 0.2991615196842912
94.20000000000009; 0.2999520903681048
94.30000000000008; 0.30074152360439627
94.40000000000008; 0.301529816306255
94.50000000000009; 0.30231696544170017
94.60000000000008; 0.3031029680332329
94.70000000000009; 0.30388782115741436
94.80000000000008; 0.30467152194441577
94.90000000000008; 0.30545406757759874
95.00000000000009; 0.3062354552930742
95.10000000000008; 0.30701568237928323
95.20000000000009; 0.30779474617655944
95.30000000000008; 0.30857264407671664
95.40000000000009; 0.30934937352261305
95.50000000000009; 0.31012493200773866
95.60000000000008; 0.3108993170757944
95.70000000000009; 0.3116725263202752
95.80000000000008; 0.3124445573840547
95.90000000000009; 0.3132154079589732
96.00000000000009; 0.31398507578542306
96.10000000000008; 0.3147535586519462
96.20000000000009; 0.31552085439482547
96.30000000000008; 0.3162869608976753
96.40000000000009; 0.31705187609104385
96.50000000000009; 0.31781559795201497
96.60000000000008; 0.3185781245037999
96.70000000000009; 0.3193394538153539
96.80000000000008; 0.3200995840009718
96.90000000000009; 0.3208585132198992
97.00000000000009; 0.32161623967594577
97.10000000000008; 0.32237276161709055
97.20000000000009; 0.3231280773351043
97.30000000000008; 0.32388218516515793
97.40000000000009; 0.3246350834854483
97.50000000000009; 0.32538677071681316
97.60000000000008; 0.3261372453223537
97.70000000000009; 0.3268865058070676
97.80000000000008; 0.32763455071746367
97.90000000000009; 0.32838137864120104
98.00000000000009; 0.3291269882067156
98.10000000000008; 0.3298713780828554
98.20000000000009; 0.3306145469785132
98.30000000000008; 0.33135649364226644
98.40000000000009; 0.33209721686201965
98.50000000000009; 0.33283671546463856
98.60000000000008; 0.33357498831560295
98.70000000000009; 0.33431203431864787
98.80000000000008; 0.33504785241541213
98.90000000000009; 0.33578244158508863
99.00000000000009; 0.3365158008440789
99.1000000000001; 0.337247929245649
99.20000000000009; 0.3379788258795798
99.30000000000008; 0.3387084898718351
99.40000000000009; 0.3394369203842119
99.50000000000009; 0.34016411661401375
99.6000000000001; 0.34089007779371067
99.70000000000009; 0.3416148031906086
99.80000000000008; 0.34233829210651767
99.90000000000009; 0.3430605438774223
100.00000000000009; 0.3437815526514321
100.1000000000001; 0.34450112347165734
100.20000000000009; 0.34521945582676794
100.30000000000008; 0.34593654914866523
100.40000000000009; 0.3466524029021857
100.50000000000009; 0.3473670165847827
100.6000000000001; 0.34808038972620786
100.70000000000009; 0.34879252188820475
100.80000000000008; 0.3495034126641974
100.90000000000009; 0.3502130616789766
101.00000000000009; 0.35092146858840306
101.1000000000001; 0.35162863307909326
101.20000000000009; 0.35233455486812193
101.30000000000008; 0.35303923370272483
101.40000000000009; 0.35374266935999316
101.50000000000009; 0.3544448616465841
101.6000000000001; 0.35514581039842336
101.70000000000009; 0.3558455154804125
101.8000000000001; 0.35654397678613864
101.90000000000009; 0.35724119423759076
102.00000000000009; 0.3579371677848639
102.1000000000001; 0.3586318974058865
102.20000000000009; 0.3593253831061286
102.3000000000001; 0.36001762491832573
102.40000000000009; 0.36070862290219924
102.50000000000009; 0.3613983771441802
102.6000000000001; 0.3620868877571338
102.70000000000009; 0.362774154880091
102.8000000000001; 0.36346017867797087
102.90000000000009; 0.36414495934131386
103.00000000000009; 0.3648284970860227
103.1000000000001; 0.36551079215308313
103.20000000000009; 0.3661918448083134
103.3000000000001; 0.36687165534209665
103.40000000000009; 0.3675502240691233
103.50000000000009; 0.36822755132813195
103.6000000000001; 0.36890363748165794
103.70000000000009; 0.36957848291577466
103.8000000000001; 0.37025208803984366
103.90000000000009; 0.3709244532862643
104.00000000000009; 0.371595579110227
104.1000000000001; 0.37226546598946453
104.20000000000009; 0.37293411442401003
104.3000000000001; 0.3736015249359509
104.40000000000009; 0.37426769806918947
104.50000000000009; 0.37493263438920793
104.6000000000001; 0.37559633448282015
104.70000000000009; 0.37625879895795067
104.8000000000001; 0.37692002844338496
104.90000000000009; 0.3775800235885532
105.00000000000009; 0.37823878506328557
105.1000000000001; 0.37889631355759634
105.20000000000009; 0.3795526097814456
105.3000000000001; 0.38020767446452247
105.40000000000009; 0.38086150835601845
105.5000000000001; 0.3815141122244067
105.6000000000001; 0.38216548685721974
105.70000000000009; 0.38281563306083516
105.8000000000001; 0.38346455166025334
105.90000000000009; 0.3841122434988908
106.0000000000001; 0.384758709438357
106.1000000000001; 0.3854039503582522
106.20000000000009; 0.3860479671559518
106.3000000000001; 0.3866907607463983
106.40000000000009; 0.387332332061898
106.5000000000001; 0.38797268205191304
106.6000000000001; 0.38861181168285736
106.70000000000009; 0.3892497219378988
106.8000000000001; 0.3898864138167574
106.90000000000009; 0.3905218883355016
107.0000000000001; 0.391156146526361
107.1000000000001; 0.39178918943752267
107.20000000000009; 0.39242101813294133
107.3000000000001; 0.3930516336921437
107.40000000000009; 0.3936810372100447
107.5000000000001; 0.394309229796748
107.6000000000001; 0.3949362125773702
107.70000000000009; 0.3955619866918424
107.8000000000001; 0.3961865532947368
107.90000000000009; 0.3968099135550748
108.0000000000001; 0.3974320686561525
108.1000000000001; 0.3980530197953525
108.2000000000001; 0.39867276818397446
108.3000000000001; 0.3992913150470512
108.40000000000009; 0.39990866162317495
108.5000000000001; 0.4005248091643244
108.6000000000001; 0.4011397589356905
108.7000000000001; 0.401753512215504
108.8000000000001; 0.4023660702948685
108.90000000000009; 0.402977434477591
109.0000000000001; 0.40358760608001104
109.1000000000001; 0.4041965864308399
109.2000000000001; 0.4048043768709968
109.3000000000001; 0.40541097875343857
109.40000000000009; 0.4060163934430064
109.5000000000001; 0.4066206223162619
109.6000000000001; 0.4072236667613284
109.7000000000001; 0.4078255281777349
109.8000000000001; 0.4084262079762572
109.90000000000009; 0.40902570757876516
110.0000000000001; 0.40962402841807
110.1000000000001; 0.41022117193776897
110.2000000000001; 0.4108171395920976
110.3000000000001; 0.4114119328457798
110.40000000000009; 0.41200555317387616
110.5000000000001; 0.41259800206164365
110.6000000000001; 0.4131892810043833
110.7000000000001; 0.4137793915072975
110.8000000000001; 0.41436833508534954
110.90000000000009; 0.41495611326311926
111.0000000000001; 0.415542727574662
111.1000000000001; 0.41612817956337206
111.2000000000001; 0.4167124707818418
111.3000000000001; 0.4172956027917239
111.40000000000009; 0.417877577163598
111.5000000000001; 0.4184583954768355
111.6000000000001; 0.41903805931946353
111.7000000000001; 0.4196165702880387
111.8000000000001; 0.42019392998750954
111.9000000000001; 0.4207701400310889
112.0000000000001; 0.4213452020401269
112.1000000000001; 0.42191911764398343
112.2000000000001; 0.4224918884798966
112.3000000000001; 0.42306351619286486
112.4000000000001; 0.42363400243551697
112.5000000000001; 0.4242033488679933
112.6000000000001; 0.42477155715782
112.7000000000001; 0.4253386289797903
112.8000000000001; 0.4259045660158452
112.9000000000001; 0.42646936995495377
113.0000000000001; 0.42703304249299606
113.1000000000001; 0.4275955853326442
113.2000000000001; 0.42815700018325487
113.3000000000001; 0.4287172887607439
113.4000000000001; 0.4292764527874806
113.5000000000001; 0.4298344939921739
113.6000000000001; 0.43039141410975834
113.7000000000001; 0.43094721488128934
113.8000000000001; 0.43150189805382794
113.9000000000001; 0.43205546538033557
114.0000000000001; 0.43260791861956993
114.1000000000001; 0.43315925953597223
114.2000000000001; 0.43370948989956654
114.3000000000001; 0.4342586114858545
114.4000000000001; 0.4348066260757132
114.5000000000001; 0.43535353545529165
114.60000000000011; 0.43589934141590897
114.7000000000001; 0.43644404575395407
114.8000000000001; 0.43698765027078934
114.9000000000001; 0.43753015677264995
115.0000000000001; 0.43807156707054484
115.10000000000011; 0.4386118829801623
115.2000000000001; 0.43915110632177357
115.3000000000001; 0.439689238920139
115.4000000000001; 0.4402262826044137
115.5000000000001; 0.4407622392080536
115.60000000000011; 0.4412971105687247
115.7000000000001; 0.4418308985282132
115.8000000000001; 0.44236360493232957
115.9000000000001; 0.4428952316308289
116.0000000000001; 0.44342578047731085
116.10000000000011; 0.4439552533291418
116.2000000000001; 0.44448365204736395
116.3000000000001; 0.4450109784966069
116.4000000000001; 0.4455372345450062
116.5000000000001; 0.4460624220641208
116.60000000000011; 0.44658654292884403
116.7000000000001; 0.44710959901732283
116.8000000000001; 0.4476315922108801
116.9000000000001; 0.44815252439392794
117.0000000000001; 0.4486723974538925
117.10000000000011; 0.449191213281128
117.2000000000001; 0.44970897376884583
117.3000000000001; 0.4502256808130328
117.4000000000001; 0.4507413363123724
117.5000000000001; 0.45125594216817205
117.60000000000011; 0.45176950028428464
117.7000000000001; 0.45228201256703743
117.8000000000001; 0.4527934809251535
117.9000000000001; 0.4533039072696812
118.0000000000001; 0.45381329351392263
118.10000000000011; 0.45432164157335847
118.2000000000001; 0.4548289533655807
118.30000000000011; 0.45533523081021915
118.4000000000001; 0.4558404758288724
118.5000000000001; 0.4563446903450425
118.60000000000011; 0.45684787628406226
118.7000000000001; 0.4573500355730291
118.80000000000011; 0.45785117014073823
118.9000000000001; 0.4583512819176187
119.0000000000001; 0.45885037283566577
119.10000000000011; 0.45934844482837495
119.2000000000001; 0.4598454998306825
119.30000000000011; 0.4603415397788955
119.4000000000001; 0.4608365666106362
119.5000000000001; 0.4613305822647733
119.60000000000011; 0.4618235886813676
119.7000000000001; 0.46231558780160453
119.80000000000011; 0.4628065815677371
119.9000000000001; 0.46329657192302576
120.0000000000001; 0.46378556081168204
120.10000000000011; 0.4642735501788067
120.2000000000001; 0.46476054197033234
120.30000000000011; 0.46524653813297084
120.4000000000001; 0.46573154061414873
120.5000000000001; 0.4662155513619629
120.60000000000011; 0.46669857232511347
120.7000000000001; 0.46718060545285583
120.80000000000011; 0.46766165269494836
120.9000000000001; 0.46814171600159116
121.00000000000011; 0.46862079732338374
121.10000000000011; 0.46909889861126064
121.2000000000001; 0.46957602181645275
121.30000000000011; 0.47005216889042506
121.4000000000001; 0.47052734178483174
121.50000000000011; 0.47100154245146514
121.60000000000011; 0.471474772842208
121.7000000000001; 0.4719470349089795
121.80000000000011; 0.47241833060369326
121.9000000000001; 0.47288866187820394
122.00000000000011; 0.4733580306842632
122.10000000000011; 0.4738264389734728
122.2000000000001; 0.47429388869723627
122.30000000000011; 0.47476038180671604
122.4000000000001; 0.4752259202527848
122.50000000000011; 0.4756905059859857
122.60000000000011; 0.4761541409564823
122.7000000000001; 0.47661682711401815
122.80000000000011; 0.4770785664078744
122.9000000000001; 0.47753936078682563
123.00000000000011; 0.4779992121990976
123.10000000000011; 0.4784581225923261
123.2000000000001; 0.47891609391351336
123.30000000000011; 0.4793731281089918
123.4000000000001; 0.47982922712438186
123.50000000000011; 0.48028439290454794
123.60000000000011; 0.48073862739356554
123.7000000000001; 0.48119193253467973
123.80000000000011; 0.48164431027026544
123.9000000000001; 0.48209576254178876
124.00000000000011; 0.48254629128977405
124.10000000000011; 0.4829958984537626
124.2000000000001; 0.48344458597227696
124.30000000000011; 0.48389235578278555
124.4000000000001; 0.4843392098216662
124.50000000000011; 0.48478515002417016
124.60000000000011; 0.4852301783243884
124.70000000000012; 0.48567429665521766
124.80000000000011; 0.48611750694832434
124.9000000000001; 0.48655981113410984
125.00000000000011; 0.4870012111416832
125.10000000000011; 0.4874417088988212
125.20000000000012; 0.4878813063319402
125.30000000000011; 0.4883200053660616
125.4000000000001; 0.48875780792478407
125.50000000000011; 0.4891947159302459
125.60000000000011; 0.48963073130310025
125.70000000000012; 0.4900658559624826
125.80000000000011; 0.490500091825979
125.9000000000001; 0.49093344080959744
126.00000000000011; 0.4913659048277387
126.10000000000011; 0.4917974857931685
126.20000000000012; 0.4922281856169875
126.30000000000011; 0.49265800620860134
126.4000000000001; 0.49308694947569653
126.50000000000011; 0.4935150173242097
126.60000000000011; 0.49394221165830265
126.70000000000012; 0.4943685343803352
126.80000000000011; 0.49479398739083535
126.9000000000001; 0.49521857258848034
127.00000000000011; 0.49564229187006215
127.10000000000011; 0.4960651471304681
127.20000000000012; 0.4964871402626549
127.30000000000011; 0.4969082731576218
127.40000000000012; 0.4973285477043869
127.50000000000011; 0.4977479657899652
127.60000000000011; 0.4981665292993411
127.70000000000012; 0.4985842401154477
127.80000000000011; 0.4990011001191424
127.90000000000012; 0.49941711118918636
128.0000000000001; 0.4998322752022171
128.1000000000001; 0.5002465940327316
128.2000000000001; 0.500660069553061
128.30000000000013; 0.5010727036333492
128.40000000000012; 0.5014844981415352
128.5000000000001; 0.5018954549433267
128.6000000000001; 0.5023055759021826
128.7000000000001; 0.502714862879293
128.80000000000013; 0.5031233177335567
128.90000000000012; 0.5035309423215635
129.0000000000001; 0.5039377384975734
129.1000000000001; 0.5043437081134988
129.2000000000001; 0.5047488530188832
129.30000000000013; 0.5051531750608838
129.40000000000012; 0.5055566760842554
129.5000000000001; 0.5059593579313256
129.6000000000001; 0.5063612224419851
129.7000000000001; 0.5067622714536654
129.80000000000013; 0.5071625068013201
129.90000000000012; 0.5075619303174115
130.0000000000001; 0.5079605438318915
130.1000000000001; 0.5083583491721875
130.2000000000001; 0.5087553481631814
130.30000000000013; 0.5091515426271974
130.40000000000012; 0.5095469343839865
130.5000000000001; 0.5099415252507064
130.6000000000001; 0.5103353170419125
130.7000000000001; 0.5107283115695374
130.80000000000013; 0.5111205106428801
130.90000000000012; 0.5115119160685866
131.0000000000001; 0.5119025296506402
131.1000000000001; 0.5122923531903462
131.2000000000001; 0.512681388486315
131.30000000000013; 0.5130696373344541
131.40000000000012; 0.5134571015279475
131.5000000000001; 0.5138437828572482
131.6000000000001; 0.5142296831100636
131.7000000000001; 0.5146148040713394
131.80000000000013; 0.5149991475232544
131.90000000000012; 0.5153827152452001
132.0000000000001; 0.5157655090137725
132.1000000000001; 0.5161475306027606
132.2000000000001; 0.5165287817831332
132.30000000000013; 0.5169092643230283
132.40000000000012; 0.517288979987741
132.5000000000001; 0.5176679305397136
132.6000000000001; 0.5180461177385219
132.70000000000013; 0.5184235433408693
132.80000000000013; 0.5188002091005711
132.90000000000012; 0.5191761167685475
133.0000000000001; 0.5195512680928117
133.1000000000001; 0.5199256648184617
133.20000000000013; 0.5202993086876695
133.30000000000013; 0.520672201439671
133.40000000000012; 0.5210443448107575
133.5000000000001; 0.5214157405342658
133.6000000000001; 0.5217863903405704
133.70000000000013; 0.522156295957074
133.80000000000013; 0.5225254591081973
133.90000000000012; 0.5228938815153737
134.0000000000001; 0.5232615648970385
134.1000000000001; 0.5236285109686207
134.20000000000013; 0.5239947214425383
134.30000000000013; 0.524360198028184
134.40000000000012; 0.5247249424319259
134.5000000000001; 0.5250889563570939
134.6000000000001; 0.5254522415039743
134.70000000000013; 0.5258147995698025
134.80000000000013; 0.5261766322487563
134.90000000000012; 0.5265377412319505
135.0000000000001; 0.5268981282074265
135.1000000000001; 0.5272577948601495
135.20000000000013; 0.5276167428720012
135.30000000000013; 0.5279749739217706
135.40000000000012; 0.528332489685154
135.5000000000001; 0.528689291834743
135.6000000000001; 0.5290453820400218
135.70000000000013; 0.5294007619673642
135.80000000000013; 0.5297554332800201
135.90000000000012; 0.530109397638119
136.0000000000001; 0.5304626566986611
136.1000000000001; 0.5308152121155102
136.20000000000013; 0.5311670655393921
136.30000000000013; 0.5315182186178893
136.40000000000012; 0.5318686729954345
136.5000000000001; 0.5322184303133081
136.6000000000001; 0.5325674922096344
136.70000000000013; 0.5329158603193731
136.80000000000013; 0.5332635362743229
136.90000000000012; 0.5336105217031082
137.0000000000001; 0.533956818231183
137.1000000000001; 0.5343024274808237
137.20000000000013; 0.5346473510711266
137.30000000000013; 0.5349915906180023
137.40000000000012; 0.5353351477341757
137.5000000000001; 0.5356780240291805
137.6000000000001; 0.536020221109358
137.70000000000013; 0.5363617405778514
137.80000000000013; 0.5367025840346049
137.90000000000012; 0.5370427530763616
138.0000000000001; 0.5373822492966583
138.1000000000001; 0.5377210742858263
138.20000000000013; 0.5380592296309864
138.30000000000013; 0.5383967169160478
138.40000000000012; 0.5387335377217052
138.5000000000001; 0.5390696936254388
138.60000000000014; 0.5394051862015095
138.70000000000013; 0.5397400170209573
138.80000000000013; 0.5400741876516044
138.90000000000012; 0.5404076996580457
139.0000000000001; 0.5407405546016536
139.10000000000014; 0.5410727540405742
139.20000000000013; 0.5414042995297262
139.30000000000013; 0.5417351926207992
139.40000000000012; 0.5420654348622536
139.5000000000001; 0.5423950277993187
139.60000000000014; 0.5427239729739912
139.70000000000013; 0.5430522719250371
139.80000000000013; 0.543379926187988
139.90000000000012; 0.5437069372951419
140.0000000000001; 0.5440333067755615
140.10000000000014; 0.5443590361550757
140.20000000000013; 0.5446841269562764
140.30000000000013; 0.5450085806985232
140.40000000000012; 0.5453323988979353
140.5000000000001; 0.5456555830674005
140.60000000000014; 0.5459781347165673
140.70000000000013; 0.5463000553518494
140.80000000000013; 0.5466213464764261
140.90000000000012; 0.546942009590239
141.0000000000001; 0.5472620461899961
141.10000000000014; 0.5475814577691694
141.20000000000013; 0.547900245817997
141.30000000000013; 0.5482184118234844
141.40000000000012; 0.548535957269402
141.5000000000001; 0.5488528836362899
141.60000000000014; 0.5491691924014537
141.70000000000013; 0.5494848850389705
141.80000000000013; 0.5497999630196861
141.90000000000012; 0.5501144278112189
142.0000000000001; 0.550428280877958
142.10000000000014; 0.5507415236810671
142.20000000000013; 0.551054157678483
142.30000000000013; 0.5513661843249206
142.40000000000012; 0.5516776050718687
142.5000000000001; 0.5519884213675986
142.60000000000014; 0.5522986346571581
142.70000000000013; 0.5526082463823787
142.80000000000013; 0.5529172579818761
142.90000000000012; 0.5532256708910487
143.0000000000001; 0.5535334865420829
143.10000000000014; 0.5538407063639539
143.20000000000013; 0.5541473317824268
143.30000000000013; 0.5544533642200598
143.40000000000012; 0.5547588050962049
143.5000000000001; 0.5550636558270111
143.60000000000014; 0.5553679178254258
143.70000000000013; 0.555671592501197
143.80000000000013; 0.5559746812608765
143.90000000000012; 0.5562771855078202
144.0000000000001; 0.5565791066421929
144.10000000000014; 0.5568804460609696
144.20000000000013; 0.5571812051579376
144.30000000000013; 0.5574813853236991
144.40000000000012; 0.5577809879456737
144.5000000000001; 0.5580800144081034
144.60000000000014; 0.5583784660920502
144.70000000000013; 0.5586763443754041
144.80000000000013; 0.5589736506328827
144.90000000000012; 0.5592703862360365
145.0000000000001; 0.5595665525532483
145.10000000000014; 0.5598621509497393
145.20000000000013; 0.5601571827875701
145.30000000000013; 0.5604516494256466
145.40000000000012; 0.5607455522197188
145.50000000000014; 0.5610388925223874
145.60000000000014; 0.5613316716831048
145.70000000000013; 0.5616238910481808
145.80000000000013; 0.5619155519607834
145.90000000000012; 0.562206655760943
146.00000000000014; 0.562497203785556
146.10000000000014; 0.5627871973683882
146.20000000000013; 0.5630766378400774
146.30000000000013; 0.5633655265281389
146.40000000000012; 0.5636538647569667
146.50000000000014; 0.5639416538478379
146.60000000000014; 0.5642288951189165
146.70000000000013; 0.564515589885258
146.80000000000013; 0.5648017394588107
146.90000000000012; 0.5650873451484218
147.00000000000014; 0.5653724082598398
147.10000000000014; 0.5656569300957176
147.20000000000013; 0.5659409119556192
147.30000000000013; 0.5662243551360207
147.40000000000012; 0.5665072609303158
147.50000000000014; 0.5667896306288185
147.60000000000014; 0.5670714655187672
147.70000000000013; 0.5673527668843321
147.80000000000013; 0.5676335360066125
147.90000000000012; 0.567913774163649
148.00000000000014; 0.5681934826304192
148.10000000000014; 0.5684726626788487
148.20000000000013; 0.5687513155778126
148.30000000000013; 0.5690294425931379
148.40000000000012; 0.5693070449876124
148.50000000000014; 0.569584124020983
148.60000000000014; 0.5698606809499646
148.70000000000013; 0.5701367170282438
148.80000000000013; 0.5704122335064815
148.90000000000012; 0.5706872316323172
149.00000000000014; 0.5709617126503762
149.10000000000014; 0.5712356778022714
149.20000000000013; 0.5715091283266076
149.30000000000013; 0.57178206545899
149.40000000000012; 0.5720544904320218
149.50000000000014; 0.572326404475315
149.60000000000014; 0.5725978088154926
149.70000000000013; 0.5728687046761919
149.80000000000013; 0.573139093278072
149.90000000000012; 0.5734089758388157
150.00000000000014; 0.5736783535731358
150.10000000000014; 0.5739472370831092
150.20000000000013; 0.5742156182990649
150.30000000000013; 0.5744834982916525
150.40000000000012; 0.5747508782634285
150.50000000000014; 0.5750177594140095
150.60000000000014; 0.57528414294008
150.70000000000013; 0.5755500300353954
150.80000000000013; 0.5758154218907858
150.90000000000012; 0.5760803196941641
151.00000000000014; 0.576344724630527
151.10000000000014; 0.5766086378819628
151.20000000000013; 0.5768720606276533
151.30000000000013; 0.577134994043882
151.40000000000015; 0.577397439304036
151.50000000000014; 0.5776593975786133
151.60000000000014; 0.5779208700352264
151.70000000000013; 0.5781818578386059
151.80000000000013; 0.5784423621506084
151.90000000000015; 0.578702384130221
152.00000000000014; 0.5789619249335621
152.10000000000014; 0.5792209857138922
152.20000000000013; 0.5794795676216162
152.30000000000013; 0.5797376718042879
152.40000000000015; 0.5799952994066149
152.50000000000014; 0.5802524515704656
152.60000000000014; 0.5805091294348724
152.70000000000013; 0.5807653341360395
152.80000000000013; 0.5810210668073424
152.90000000000015; 0.5812763285793399
153.00000000000014; 0.5815311205797749
153.10000000000014; 0.5817854439335794
153.20000000000013; 0.5820392997628824
153.30000000000013; 0.5822926891870133
153.40000000000015; 0.5825456133225065
153.50000000000014; 0.5827980732831084
153.60000000000014; 0.583050070179781
153.70000000000013; 0.5833016051207089
153.80000000000013; 0.5835526792113008
153.90000000000015; 0.583803293554201
154.00000000000014; 0.5840534492492873
154.10000000000014; 0.5843031473936833
154.20000000000013; 0.5845523890817576
154.30000000000013; 0.5848011754051331
154.40000000000015; 0.585049507452691
154.50000000000014; 0.5852973863105765
154.60000000000014; 0.585544813062203
154.70000000000013; 0.5857917887882576
154.80000000000013; 0.5860383145667089
154.90000000000015; 0.5862843914728089
155.00000000000014; 0.5865300205791013
155.10000000000014; 0.5867752029554227
155.20000000000013; 0.5870199396689142
155.30000000000013; 0.5872642317840214
155.40000000000015; 0.5875080803625017
155.50000000000014; 0.5877514864634293
155.60000000000014; 0.5879944511432031
155.70000000000013; 0.5882369754555472
155.80000000000013; 0.5884790604515214
155.90000000000015; 0.5887207071795223
156.00000000000014; 0.5889619166852923
156.10000000000014; 0.5892026900119227
156.20000000000013; 0.5894430281998605
156.30000000000013; 0.5896829322869119
156.40000000000015; 0.589922403308251
156.50000000000014; 0.5901614422964208
156.60000000000014; 0.5904000502813446
156.70000000000013; 0.5906382282903248
156.80000000000013; 0.590875977348053
156.90000000000015; 0.591113298476614
157.00000000000014; 0.5913501926954918
157.10000000000014; 0.5915866610215735
157.20000000000013; 0.5918227044691575
157.30000000000013; 0.592058324049955
157.40000000000015; 0.5922935207731006
157.50000000000014; 0.5925282956451535
157.60000000000014; 0.5927626496701042
157.70000000000013; 0.5929965838493809
157.80000000000013; 0.5932300991818553
157.90000000000015; 0.5934631966638455
158.00000000000014; 0.5936958772891251
158.10000000000014; 0.5939281420489259
158.20000000000013; 0.5941599919319429
158.30000000000015; 0.5943914279243442
158.40000000000015; 0.5946224510097722
158.50000000000014; 0.5948530621693493
158.60000000000014; 0.5950832623816866
158.70000000000013; 0.5953130526228863
158.80000000000015; 0.5955424338665479
158.90000000000015; 0.5957714070837761
159.00000000000014; 0.5959999732431815
159.10000000000014; 0.5962281333108914
159.20000000000013; 0.5964558882505515
159.30000000000015; 0.596683239023334
159.40000000000015; 0.5969101865879399
159.50000000000014; 0.597136731900609
159.60000000000014; 0.5973628759151216
159.70000000000013; 0.5975886195828042
159.80000000000015; 0.5978139638525387
159.90000000000015; 0.598038909670764
160.00000000000014; 0.598263457981483
