energy (keV); transmission
1.0; 0.0
1.1; 0.0
1.2000000000000002; 0.0
1.3000000000000003; 0.0
1.4000000000000004; 0.0
1.5000000000000004; 0.0
1.6000000000000005; 0.0
1.7000000000000006; 0.0
1.8000000000000007; 0.0
1.9000000000000008; 0.0
2.000000000000001; 0.0
2.100000000000001; 0.0
2.200000000000001; 0.0
2.300000000000001; 0.0
2.4000000000000012; 0.0
2.5000000000000013; 0.0
2.6000000000000014; 0.0
2.7000000000000015; 0.0
2.8000000000000016; 0.0
2.9000000000000017; 0.0
3.0000000000000018; 0.0
3.100000000000002; 0.0
3.200000000000002; 0.0
3.300000000000002; 0.0
3.400000000000002; 0.0
3.500000000000002; 0.0
3.6000000000000023; 0.0
3.7000000000000024; 0.0
3.8000000000000025; 0.0
3.9000000000000026; 0.0
4.000000000000003; 0.0
4.100000000000003; 0.0
4.200000000000003; 0.0
4.3000000000000025; 1.0062938384152207e-308
4.400000000000003; 4.155524055376777e-290
4.5000000000000036; 5.276031612198768e-273
4.600000000000003; 2.926265558693717e-257
4.700000000000003; 9.659291038252674e-243
4.800000000000003; 2.4932601408042412e-229
4.900000000000004; 6.40814601151064e-217
5.0000000000000036; 2.0323423441361854e-205
5.100000000000003; 1.2718336437368045e-194
5.200000000000004; 1.361799395583237e-184
5.300000000000004; 2.916226471544902e-175
5.400000000000004; 1.4361810178711817e-166
5.5000000000000036; 1.843625370677066e-158
5.600000000000004; 6.903882557866871e-151
5.700000000000005; 8.346102361733007e-144
5.800000000000004; 3.5689985745929054e-137
5.900000000000004; 5.863563513314743e-131
6.000000000000004; 7.61605297155866e-229
6.100000000000005; 6.530535979144364e-224
6.200000000000005; 2.586693178716433e-218
6.300000000000004; 3.606491299668593e-212
6.400000000000005; 1.3352058991023828e-205
6.500000000000005; 9.955526716254646e-199
6.600000000000005; 1.8202871071153648e-195
6.700000000000005; 3.535324732982237e-188
6.800000000000005; 6.749175882858335e-181
6.900000000000006; 1.0627424382371817e-173
7.000000000000005; 1.1936292056062696e-166
7.100000000000005; 8.509703832205611e-160
7.2000000000000055; 0.0
7.300000000000006; 0.0
7.400000000000006; 0.0
7.500000000000005; 0.0
7.600000000000006; 0.0
7.700000000000006; 0.0
7.800000000000006; 0.0
7.900000000000006; 0.0
8.000000000000007; 0.0
8.100000000000007; 0.0
8.200000000000006; 0.0
8.300000000000006; 0.0
8.400000000000006; 0.0
8.500000000000007; 0.0
8.600000000000007; 0.0
8.700000000000006; 0.0
8.800000000000008; 1.454376e-318
8.900000000000007; 2.2272953764717e-309
9.000000000000007; 1.488266526388546e-300
9.100000000000007; 4.533729063176938e-292
9.200000000000006; 6.559615185951446e-284
9.300000000000008; 4.683236957726007e-276
9.400000000000007; 1.7099274598410285e-268
9.500000000000007; 3.3014314764413652e-261
9.600000000000009; 3.478067938723627e-254
9.700000000000008; 2.0590255373753416e-247
9.800000000000008; 7.041593800565621e-241
9.900000000000007; 1.4277112470798013e-234
10.000000000000007; 1.7586204961772202e-228
10.100000000000009; 1.3491944660464651e-222
10.200000000000008; 6.561082270074375e-217
10.300000000000008; 2.0605173738788496e-211
10.40000000000001; 4.25390461169478e-206
10.500000000000009; 5.871541200624683e-201
10.600000000000009; 5.506346766332282e-196
10.700000000000008; 3.5627668431736714e-191
10.800000000000008; 1.6139053248386205e-186
10.90000000000001; 5.190340242290655e-182
11.000000000000009; 1.200943823979079e-177
11.100000000000009; 2.0247763285314835e-173
11.20000000000001; 2.5178370718874784e-169
11.30000000000001; 2.3361807535428124e-165
11.40000000000001; 1.6353892088881475e-161
11.500000000000009; 8.729038183673676e-158
11.600000000000009; 3.5886812080224775e-154
11.70000000000001; 1.1474330868423414e-150
11.80000000000001; 2.879800422391593e-147
11.90000000000001; 5.723811200431458e-144
12.00000000000001; 9.08608554245905e-141
12.10000000000001; 1.1613446491070583e-137
12.20000000000001; 1.2045184054316585e-134
12.30000000000001; 1.0213327852224921e-131
12.40000000000001; 7.130519841245973e-129
12.50000000000001; 4.1271027137756204e-126
12.60000000000001; 1.9933667120313873e-123
12.70000000000001; 8.084962234929269e-121
12.800000000000011; 2.7703682679800276e-118
12.900000000000011; 8.066396250467457e-116
13.00000000000001; 2.0068589225650888e-113
13.10000000000001; 4.289094373529398e-111
13.20000000000001; 7.914982782336528e-109
13.300000000000011; 1.2673781230562491e-106
13.400000000000011; 1.7692394133898657e-104
13.50000000000001; 2.1630337977343386e-102
13.600000000000012; 2.326118505993996e-100
13.700000000000012; 2.2096043768808302e-98
13.800000000000011; 1.8615028304639185e-96
13.900000000000011; 1.396255183565683e-94
14.00000000000001; 9.359210961962014e-93
14.100000000000012; 5.626615130583155e-91
14.200000000000012; 3.0443201475279327e-89
14.300000000000011; 1.4873531511622805e-87
14.400000000000013; 6.58279565186328e-86
14.500000000000012; 2.647400044490594e-84
14.600000000000012; 9.703599657012555e-83
14.700000000000012; 3.250830068662741e-81
14.800000000000011; 9.981654942270724e-80
14.900000000000013; 2.8165221918927516e-78
15.000000000000012; 7.322174110879071e-77
15.100000000000012; 1.7592356391729974e-75
15.200000000000014; 3.913302849695557e-74
15.300000000000013; 8.07823073650163e-73
15.400000000000013; 1.5510404938691462e-71
15.500000000000012; 2.775933989475998e-70
15.600000000000012; 4.640717025173945e-69
15.700000000000014; 7.2615460168329945e-68
15.800000000000013; 1.0655844890883392e-66
15.900000000000013; 1.4691906696139666e-65
16.000000000000014; 1.906723813081971e-64
16.100000000000016; 2.3333347300858155e-63
16.200000000000014; 2.6969923399035174e-62
16.30000000000001; 2.9491996838340377e-61
16.400000000000013; 3.055867041378995e-60
16.500000000000014; 3.0049078654587226e-59
16.600000000000016; 2.80822861811146e-58
16.700000000000014; 2.49778444435331e-57
16.800000000000015; 2.117359188702938e-56
16.900000000000013; 1.7128810238876422e-55
17.000000000000014; 1.3240665373126645e-54
17.100000000000016; 9.792213384047048e-54
17.200000000000014; 6.936832389283145e-53
17.300000000000015; 4.712535586922343e-52
17.400000000000013; 3.073609483402482e-51
17.500000000000014; 1.9267044733121263e-50
17.600000000000016; 1.1620117997587288e-49
17.700000000000014; 6.749584876749212e-49
17.800000000000015; 3.779573007064806e-48
17.900000000000016; 2.0423121623507102e-47
18.000000000000014; 1.0659007655402855e-46
18.100000000000016; 5.377937127597784e-46
18.200000000000017; 2.6254026842260085e-45
18.300000000000015; 1.2411455578260242e-44
18.400000000000016; 5.686567727716772e-44
18.500000000000014; 2.5270959394776482e-43
18.600000000000016; 1.0901095479554235e-42
18.700000000000017; 4.56791787287872e-42
18.800000000000015; 1.8607125699230339e-41
18.900000000000016; 7.373215523416078e-41
19.000000000000014; 2.8441070503024225e-40
19.100000000000016; 1.0686422578082024e-39
19.200000000000017; 3.913756013325425e-39
19.300000000000015; 1.3979757205574889e-38
19.400000000000016; 4.873170586732118e-38
19.500000000000018; 1.6587607464740424e-37
19.600000000000016; 5.516488971871572e-37
19.700000000000017; 1.7934458542503755e-36
19.80000000000002; 5.702865042666688e-36
19.900000000000016; 1.7746120015993282e-35
20.000000000000018; 5.406784018800125e-35
20.100000000000016; 9.277205441451162e-37
20.200000000000017; 2.891422466808757e-36
20.30000000000002; 8.826328760286272e-36
20.400000000000016; 2.640149125270024e-35
20.500000000000018; 7.742062212321198e-35
20.600000000000016; 2.2266876361155485e-34
20.700000000000017; 6.283848768597759e-34
20.80000000000002; 1.740765170107567e-33
20.900000000000016; 4.735676290105503e-33
21.000000000000018; 1.2656852602371356e-32
21.10000000000002; 3.324614073271879e-32
21.200000000000017; 8.586061151893416e-32
21.30000000000002; 2.1809464740417933e-31
21.40000000000002; 5.45068620548369e-31
21.500000000000018; 1.3408038913050822e-30
21.60000000000002; 3.24740197055289e-30
21.700000000000017; 7.746553054112285e-30
21.80000000000002; 1.820638977588319e-29
21.90000000000002; 4.217156008303534e-29
22.000000000000018; 9.630084359307274e-29
22.10000000000002; 2.16863169580318e-28
22.200000000000017; 4.817416361760301e-28
22.30000000000002; 1.0559404304341752e-27
22.40000000000002; 2.2844548203618597e-27
22.500000000000018; 4.879346849023752e-27
22.60000000000002; 1.0291812850148015e-26
22.70000000000002; 2.1442992784871465e-26
22.80000000000002; 4.414197285023434e-26
22.90000000000002; 8.980441784492313e-26
23.00000000000002; 1.8060404692752468e-25
23.10000000000002; 3.5912258586521884e-25
23.20000000000002; 7.0622423227498265e-25
23.30000000000002; 1.3738014051608027e-24
23.40000000000002; 2.6441202723659722e-24
23.50000000000002; 5.036241691725532e-24
23.60000000000002; 9.494892016804154e-24
23.70000000000002; 1.772227471941747e-23
23.80000000000002; 3.2755229585261474e-23
23.90000000000002; 5.995940822654204e-23
24.00000000000002; 1.0872547792690976e-22
24.10000000000002; 1.9533608874294298e-22
24.20000000000002; 3.477673773731995e-22
24.300000000000022; 6.136582660582831e-22
24.40000000000002; 1.0734212186862011e-21
24.50000000000002; 1.8616255496212386e-21
24.600000000000023; 3.2015781935912676e-21
24.70000000000002; 5.460783510890108e-21
24.800000000000022; 9.23916503788592e-21
24.90000000000002; 1.5508283289929808e-20
25.00000000000002; 2.5829308523460388e-20
25.100000000000023; 4.2691680101139187e-20
25.20000000000002; 7.003531140670517e-20
25.300000000000022; 1.1404986807054212e-19
25.40000000000002; 1.8438926073996312e-19
25.50000000000002; 2.960039224335281e-19
25.600000000000023; 4.718858246703702e-19
25.70000000000002; 7.471527318191807e-19
25.800000000000022; 1.1750842170796977e-18
25.900000000000023; 1.8359832596676127e-18
26.00000000000002; 2.8501018461759443e-18
26.100000000000023; 4.396374455731342e-18
26.200000000000024; 6.73939957168079e-18
26.300000000000022; 1.0268062463098516e-17
26.400000000000023; 1.5550489146207568e-17
26.50000000000002; 2.341177487134946e-17
26.600000000000023; 3.50432875330175e-17
26.700000000000024; 5.215549640938453e-17
26.800000000000022; 7.71904622769086e-17
26.900000000000023; 1.1361565542094794e-16
27.00000000000002; 1.6632803507618391e-16
27.100000000000023; 2.422068207668542e-16
27.200000000000024; 3.5086573085715067e-16
27.300000000000022; 5.056714261324605e-16
27.400000000000023; 7.2511543002802e-16
27.500000000000025; 1.0346530772214824e-15
27.600000000000023; 1.4691565089016986e-15
27.700000000000024; 2.0761711420608752e-15
27.800000000000026; 2.9202185215711e-15
27.900000000000023; 4.088455588010729e-15
28.000000000000025; 5.6980842475758885e-15
28.100000000000023; 7.90600940056013e-15
28.200000000000024; 1.0921372655994205e-14
28.300000000000026; 1.5021748019359735e-14
28.400000000000023; 2.0573980995670467e-14
28.500000000000025; 2.8060890959305853e-14
28.600000000000023; 3.8115346653508e-14
28.700000000000024; 5.156357598844905e-14
28.800000000000026; 6.94799951077285e-14
28.900000000000023; 9.325635087252246e-14
29.000000000000025; 1.2468858022252002e-13
29.100000000000026; 1.6608551612987995e-13
29.200000000000024; 2.2040443214862272e-13
29.300000000000026; 2.9141943743517054e-13
29.400000000000027; 3.8392993581887377e-13
29.500000000000025; 5.040177731853308e-13
29.600000000000026; 6.59363347351978e-13
29.700000000000024; 8.596328773586553e-13
29.800000000000026; 1.116951261754137e-12
29.900000000000027; 1.446477538859182e-12
30.000000000000025; 1.8671029408062866e-12
30.100000000000026; 2.4025272585732467e-12
30.200000000000024; 3.0817077588310595e-12
30.300000000000026; 3.940565532368729e-12
30.400000000000027; 5.023318893944611e-12
30.500000000000025; 6.384233486206167e-12
30.600000000000026; 8.089709621794262e-12
30.700000000000028; 1.022076088191862e-11
30.800000000000026; 1.2875948883007976e-11
30.900000000000027; 1.617484837052684e-11
31.00000000000003; 2.0262127117124487e-11
31.100000000000026; 2.5312336579167368e-11
31.200000000000028; 3.153552199264823e-11
31.300000000000026; 3.918377465940716e-11
31.400000000000027; 4.8558864682646325e-11
31.50000000000003; 6.002110945251929e-11
31.600000000000026; 7.399965185417679e-11
31.700000000000028; 9.100434256760841e-11
31.800000000000026; 1.1163944304479485e-10
31.900000000000027; 1.3661938987634295e-10
32.00000000000003; 1.6678688738595032e-10
32.10000000000002; 2.031336234989345e-10
32.20000000000003; 2.4682393429944056e-10
32.300000000000026; 2.992217752910705e-10
32.40000000000003; 3.6192139226936325e-10
32.50000000000003; 4.367821219569984e-10
32.60000000000003; 5.259677921849521e-10
32.70000000000003; 6.319912334592401e-10
32.800000000000026; 7.577644582485818e-10
32.90000000000003; 9.06655111268278e-10
33.00000000000003; 1.08254984341085e-09
33.10000000000003; 1.2899253137511248e-09
33.20000000000003; 1.5339275781927606e-09
33.300000000000026; 1.8204606797545543e-09
33.40000000000003; 2.1562853141409466e-09
33.50000000000003; 2.5491285049868244e-09
33.60000000000003; 3.007805285905846e-09
33.70000000000003; 3.5423534510264407e-09
33.800000000000026; 4.164182501943424e-09
33.90000000000003; 4.886237986708234e-09
34.00000000000003; 5.7231824954605425e-09
34.10000000000003; 6.691594647281022e-09
34.20000000000003; 7.810187473628533e-09
34.30000000000003; 9.100047674963598e-09
34.40000000000003; 1.0584897298603503e-08
34.50000000000003; 1.2291379457185116e-08
34.60000000000003; 1.4249369777933544e-08
34.70000000000003; 1.649231534299624e-08
34.80000000000003; 1.9057602949877285e-08
34.90000000000003; 2.1986958588325716e-08
35.00000000000003; 2.532688009520658e-08
35.10000000000003; 2.912910501181706e-08
35.20000000000003; 3.3451115728136044e-08
35.30000000000003; 3.835668405524826e-08
35.400000000000034; 4.3916457420414286e-08
35.50000000000003; 5.020858892810452e-08
35.60000000000003; 5.7319413574949005e-08
35.70000000000003; 6.534417294584706e-08
35.80000000000003; 7.438779075264985e-08
35.900000000000034; 8.456570160503256e-08
36.00000000000003; 9.600473542503966e-08
36.10000000000003; 1.0884405993229999e-07
36.20000000000003; 1.23236183635004e-07
36.30000000000003; 1.3934802176279526e-07
36.400000000000034; 1.5736202757085068e-07
36.50000000000003; 1.774773914295345e-07
36.60000000000003; 1.9991131009077928e-07
36.70000000000003; 2.2490032849060342e-07
36.80000000000003; 2.5270175640631064e-07
36.900000000000034; 2.835951622371801e-07
37.00000000000003; 3.1788394611881273e-07
37.10000000000003; 3.5589699451223624e-07
37.20000000000003; 3.979904183318314e-07
37.30000000000003; 4.445493765881509e-07
37.400000000000034; 4.959899874252089e-07
37.500000000000036; 5.52761328324716e-07
37.60000000000003; 6.15347527135103e-07
37.70000000000003; 6.842699454558011e-07
37.80000000000003; 7.600894557747979e-07
37.900000000000034; 8.434088136119899e-07
38.000000000000036; 9.348751257695635e-07
38.10000000000003; 1.0351824156289452e-06
38.20000000000003; 1.145074286264178e-06
38.30000000000003; 1.2653466819650486e-06
38.400000000000034; 1.3968507485766026e-06
38.500000000000036; 1.5404957928721552e-06
38.60000000000004; 1.6972523409741738e-06
38.70000000000003; 1.8681552956370858e-06
38.80000000000003; 2.0543071919891442e-06
38.900000000000034; 2.256881551120173e-06
39.000000000000036; 2.4771263306765197e-06
39.10000000000004; 2.716367471402831e-06
39.20000000000003; 2.976012538338285e-06
39.30000000000003; 3.2575544551488525e-06
39.400000000000034; 3.5625753298366875e-06
39.500000000000036; 3.892750369839503e-06
39.60000000000004; 4.249851884292686e-06
39.70000000000003; 4.635753370989997e-06
39.80000000000003; 5.052433685349226e-06
39.900000000000034; 5.501981288445313e-06
40.000000000000036; 5.986594869144481e-06
40.10000000000004; 6.508315077140698e-06
40.20000000000003; 7.0698250650823784e-06
40.30000000000003; 7.673691513305621e-06
40.400000000000034; 8.322612764000305e-06
40.500000000000036; 9.019423463244958e-06
40.60000000000004; 9.767099255799909e-06
40.70000000000004; 1.0568761528027008e-05
40.80000000000003; 1.1427682194132464e-05
40.900000000000034; 1.2347288520717314e-05
41.000000000000036; 1.3331167984472906e-05
41.10000000000004; 1.438307315766752e-05
41.20000000000004; 1.5506926615916128e-05
41.30000000000003; 1.670682586258804e-05
41.400000000000034; 1.7987048264051785e-05
41.500000000000036; 1.93520559898265e-05
41.60000000000004; 2.080650095161796e-05
41.70000000000004; 2.2355229735057748e-05
41.80000000000004; 2.4003288517922685e-05
41.900000000000034; 2.5755927968496478e-05
42.000000000000036; 2.7618608117651083e-05
42.10000000000004; 2.959700319820601e-05
42.20000000000004; 3.1697006445035076e-05
42.30000000000004; 3.3924734849354445e-05
42.400000000000034; 3.628653386066078e-05
42.500000000000036; 3.878898202966052e-05
42.60000000000004; 4.1438895585672095e-05
42.70000000000004; 4.424333294188177e-05
42.80000000000004; 4.720959912190466e-05
42.900000000000034; 5.034525010116936e-05
43.000000000000036; 5.365809705662034e-05
43.10000000000004; 5.7156210518375254e-05
43.20000000000004; 6.084792441698374e-05
43.30000000000004; 6.474184002005881e-05
43.400000000000034; 6.884682975213776e-05
43.500000000000036; 7.317204089171177e-05
43.60000000000004; 7.772689913955286e-05
43.70000000000004; 8.252111205250465e-05
43.80000000000004; 8.756467233710085e-05
43.90000000000004; 9.286786099751278e-05
44.000000000000036; 9.844125033252069e-05
44.10000000000004; 0.00010429570677626237
44.20000000000004; 0.00011044239357780983
44.30000000000004; 0.00011689277331479426
44.40000000000004; 0.00012365861023638653
44.500000000000036; 0.0001307519724312541
44.60000000000004; 0.0001381852338163099
44.70000000000004; 0.00014597107594221237
44.80000000000004; 0.00015412248961184128
44.90000000000004; 0.00016265277630823043
45.00000000000004; 0.000171575549428599
45.10000000000004; 0.00018090473532142296
45.20000000000004; 0.00019065457412364165
45.30000000000004; 0.00020083962039547845
45.40000000000004; 0.0002114747435504026
45.50000000000004; 0.000222575128078189
45.60000000000004; 0.00023415627355921845
45.70000000000004; 0.0002462339944683376
45.80000000000004; 0.00025882441976688846
45.90000000000004; 0.0002719439922819878
46.00000000000004; 0.0002856094678718607
46.10000000000004; 0.00029983791437697746
46.20000000000004; 0.0003146467103563476
46.30000000000004; 0.00033005354360903275
46.40000000000004; 0.000346076409480887
46.50000000000004; 0.0003627336089570199
46.60000000000004; 0.0003800437465405522
46.70000000000004; 0.00039802572791854124
46.80000000000004; 0.0004166987574161163
46.90000000000004; 0.0004360823352402553
47.00000000000004; 0.00045619625451469845
47.100000000000044; 0.0004770605981078675
47.20000000000004; 0.0004986957352555919
47.30000000000004; 0.0005211223179812376
47.40000000000004; 0.0005443612773152188
47.50000000000004; 0.000568433819316873
47.600000000000044; 0.0005933614209014836
47.70000000000004; 0.0006191658254752202
47.80000000000004; 0.0006458690383816409
47.90000000000004; 0.0006734933221627734
48.00000000000004; 0.0007020611916385541
48.100000000000044; 0.0007315954088081903
48.200000000000045; 0.000762118977577687
48.30000000000004; 0.0007936551383171741
48.40000000000004; 0.0008262273622524596
48.50000000000004; 0.0008598593456950895
48.600000000000044; 0.0008945750041154673
48.700000000000045; 0.0009303984660635188
48.80000000000004; 0.0009673540669416646
48.90000000000004; 0.0010054663426348703
49.00000000000004; 0.0010447600230026996
49.100000000000044; 0.001085260025238692
49.200000000000045; 0.0011269914471014534
49.30000000000004; 0.0011699795600235562
49.40000000000004; 0.001214249802102857
49.50000000000004; 0.0012598277709814792
49.600000000000044; 0.0013067392166188363
49.700000000000045; 0.0013550100339624958
49.80000000000004; 0.001404666255524067
49.90000000000004; 0.0014557340438645014
50.00000000000004; 0.0015082396839944192
50.100000000000044; 0.0015622294013428865
50.200000000000045; 0.0016177112296309058
50.30000000000005; 0.0016747115984246121
50.40000000000004; 0.0017332572406602085
50.50000000000004; 0.001793374973140972
50.600000000000044; 0.001855091688541153
50.700000000000045; 0.0019184343473640443
50.80000000000005; 0.0019834299698597816
50.90000000000004; 0.002050105627908393
51.00000000000004; 0.002118488436873463
51.100000000000044; 0.0021886055474319675
51.200000000000045; 0.0022604841373857197
51.30000000000005; 0.0023341514034596264
51.40000000000005; 0.0024096345530926367
51.50000000000004; 0.0024869607962253325
51.600000000000044; 0.00256615733709128
51.700000000000045; 0.002647251366015437
51.80000000000005; 0.0027302700512257445
51.90000000000005; 0.002815240530682836
52.00000000000004; 0.0029021899039318425
52.100000000000044; 0.0029911452239827
52.200000000000045; 0.003082133489222253
52.30000000000005; 0.003175181635363466
52.40000000000005; 0.0032703165274363716
52.50000000000004; 0.003367564951825156
52.600000000000044; 0.0034669536083552235
52.700000000000045; 0.0035685091024351984
52.80000000000005; 0.003672257937258435
52.90000000000005; 0.0037782265060663945
53.00000000000004; 0.0038864410844796516
53.100000000000044; 0.003996927822899585
53.200000000000045; 0.00410971273898447
53.30000000000005; 0.004224821710203846
53.40000000000005; 0.004342280466474523
53.50000000000005; 0.004462114582881708
53.600000000000044; 0.004584349472489114
53.700000000000045; 0.004709010379239332
53.80000000000005; 0.004836122370950516
53.90000000000005; 0.004965710332409743
54.00000000000005; 0.005097798958567335
54.100000000000044; 0.005232412747833763
54.200000000000045; 0.005369575995483687
54.30000000000005; 0.005509312787167017
54.40000000000005; 0.005651646992531365
54.50000000000005; 0.0057966022589580465
54.60000000000005; 0.005944202005411734
54.700000000000045; 0.006094469416409133
54.80000000000005; 0.006247427436105767
54.90000000000005; 0.006403098762503568
55.00000000000005; 0.006561505841782465
55.10000000000005; 0.006722670862754145
55.200000000000045; 0.006886615751443578
55.30000000000005; 0.007053362165796904
55.40000000000005; 0.00722293149051681
55.50000000000005; 0.007395344832029267
55.60000000000005; 0.007570623013579817
55.700000000000045; 0.007748786570461087
55.80000000000005; 0.007929855745373474
55.90000000000005; 0.008113850483919138
56.00000000000005; 0.008300790430228496
56.10000000000005; 0.00849069492272348
56.200000000000045; 0.008683582990012548
56.30000000000005; 0.008879473346924117
56.40000000000005; 0.009078384390672753
56.50000000000005; 0.009280334197162949
56.60000000000005; 0.009485340517427252
56.70000000000005; 0.009693420774201891
56.80000000000005; 0.009904592058636304
56.90000000000005; 0.010118871127138412
57.00000000000005; 0.0103362743983572
57.10000000000005; 0.010556817950298005
57.20000000000005; 0.010780517517572759
57.30000000000005; 0.01100738848878623
57.40000000000005; 0.011237445904053477
57.50000000000005; 0.011470704452650696
57.60000000000005; 0.011707178470801093
57.70000000000005; 0.011946881939587949
57.800000000000054; 0.012189828483002083
57.90000000000005; 0.012436031366117912
58.00000000000005; 0.012685503493397036
58.10000000000005; 0.012938257407123368
58.20000000000005; 0.013194305285961107
58.300000000000054; 0.013453658943641207
58.40000000000005; 0.013716329827772458
58.50000000000005; 0.013982329018775004
58.60000000000005; 0.014251667228935663
58.70000000000005; 0.01452435480158762
58.800000000000054; 0.014800401710404486
58.90000000000005; 0.015079817558817876
59.00000000000005; 0.015362611579547773
59.10000000000005; 0.01564879263425129
59.20000000000005; 0.015938369213283496
59.300000000000054; 0.016231349435571737
59.40000000000005; 0.016527741048599616
59.50000000000005; 0.01682755142850201
59.60000000000005; 0.017130787580266406
59.70000000000005; 0.017437456138040406
59.800000000000054; 0.017747563365544394
59.900000000000055; 0.018061115156587277
60.00000000000005; 0.018378117035679865
60.10000000000005; 0.01869851577977625
60.20000000000005; 0.019022373186787518
60.300000000000054; 0.019349693657588374
60.400000000000055; 0.019680481221337368
60.50000000000005; 0.020014739542082285
60.60000000000005; 0.020352471919954238
60.70000000000005; 0.020693681292453588
60.800000000000054; 0.021038370235820426
60.900000000000055; 0.021386540966493228
61.00000000000006; 0.021738195342648512
61.10000000000005; 0.02209333486582324
61.20000000000005; 0.022451960682617293
61.300000000000054; 0.022814073586473572
61.400000000000055; 0.02317967401953261
61.50000000000006; 0.02354876207456574
61.60000000000005; 0.023921337496975177
61.70000000000005; 0.024297399686867994
61.800000000000054; 0.024676947701197844
61.900000000000055; 0.025059980255975684
62.00000000000006; 0.025446495728539253
62.10000000000005; 0.02583649215989406
62.20000000000005; 0.026229967257109434
62.300000000000054; 0.026626918395775648
62.400000000000055; 0.02702734262252175
62.50000000000006; 0.027431236657583305
62.60000000000005; 0.027838596897431272
62.70000000000005; 0.028249419417447262
62.800000000000054; 0.02866369997465219
62.900000000000055; 0.02908143401048519
63.00000000000006; 0.02950261665362466
63.10000000000006; 0.029927242722860455
63.20000000000005; 0.030355306730005492
63.300000000000054; 0.030786802882850857
63.400000000000055; 0.031221725088162552
63.50000000000006; 0.03166006695471447
63.60000000000006; 0.032101821796357885
63.70000000000005; 0.032546982635130825
63.800000000000054; 0.03299554220439588
63.900000000000055; 0.03344749295201187
64.00000000000006; 0.03390282704353919
64.10000000000005; 0.03436153636546892
64.20000000000006; 0.034823612528482255
64.30000000000005; 0.035289046870737834
64.40000000000006; 0.03575783046117929
64.50000000000006; 0.0362299541028679
64.60000000000005; 0.036705408336338785
64.70000000000006; 0.03718418344297248
64.80000000000005; 0.037666269448389744
64.90000000000006; 0.03815165612586353
65.00000000000006; 0.03864033299974014
65.10000000000005; 0.039132289348887066
65.20000000000006; 0.03962751421014154
65.30000000000005; 0.0401259963817794
65.40000000000006; 0.04062772442699368
65.50000000000006; 0.041132686677377
65.60000000000005; 0.04164087123642031
65.70000000000006; 0.042152265983013845
65.80000000000005; 0.04266685857495258
65.90000000000006; 0.04318463645245079
66.00000000000006; 0.04370558684165906
66.10000000000005; 0.0442296967581791
66.20000000000006; 0.044756953010586985
66.30000000000005; 0.04528734220395159
66.40000000000006; 0.0458208507433543
66.50000000000006; 0.04635746483740553
66.60000000000005; 0.04689717050176034
66.70000000000006; 0.04743995356263035
66.80000000000005; 0.04798579966028679
66.90000000000006; 0.04853469425256512
67.00000000000006; 0.0490866226183531
67.10000000000007; 0.04964156986108474
67.20000000000006; 0.05019952091221021
67.30000000000005; 0.05076046053467188
67.40000000000006; 0.05132437332635678
67.50000000000006; 0.05189124372354996
67.60000000000007; 0.052461056004366576
67.70000000000006; 0.053033794292177285
67.80000000000005; 0.05360944255901925
67.90000000000006; 0.054187984628993796
68.00000000000006; 0.054769404181646
68.10000000000007; 0.05535368475533369
68.20000000000006; 0.055940809750578566
68.30000000000005; 0.05653076243339938
68.40000000000006; 0.057123525938630904
68.50000000000006; 0.05771908327322265
68.60000000000007; 0.058317417319520316
68.70000000000006; 0.05891851083852755
68.80000000000005; 0.059522346473148975
68.90000000000006; 0.06012890675141431
69.00000000000006; 0.06073817408967829
69.10000000000007; 0.06135013079580327
69.20000000000006; 0.061964759072319325
69.30000000000005; 0.0625820410195625
69.40000000000006; 0.06320195863878741
69.50000000000006; 0.06382449383526337
69.60000000000007; 0.06444962842134262
69.70000000000006; 0.06507734411950633
69.80000000000007; 0.06570762256538577
69.90000000000006; 0.06634044531076125
70.00000000000006; 0.06697579382653442
70.10000000000007; 0.0676136495056754
70.20000000000006; 0.06825399366614808
70.30000000000007; 0.06889680755380556
70.40000000000006; 0.06954207234525965
70.50000000000006; 0.07018976915073068
70.60000000000007; 0.07083987901686124
70.70000000000006; 0.07149238292951418
70.80000000000007; 0.07214726181653042
70.90000000000006; 0.07280449655047505
71.00000000000006; 0.07346406795134289
71.10000000000007; 0.0741259567892454
71.20000000000006; 0.0747901437870653
71.30000000000007; 0.0754566096230854
71.40000000000006; 0.07612533493358772
71.50000000000006; 0.07679630031542885
71.60000000000007; 0.07746948632858147
71.70000000000006; 0.07814487349865257
71.80000000000007; 0.0788224423193698
71.90000000000006; 0.07950217325504015
72.00000000000006; 0.08018404674298164
72.10000000000007; 0.08086804319592737
72.20000000000006; 0.08155414300439495
72.30000000000007; 0.08224232653903571
72.40000000000006; 0.08293257415294501
72.50000000000006; 0.08362486618395801
72.60000000000007; 0.08431918295689862
72.70000000000006; 0.08501550478581811
72.80000000000007; 0.08571381197618992
72.90000000000006; 0.08641408482708474
73.00000000000006; 0.08711630363331384
73.10000000000007; 0.08782044868754195
73.20000000000006; 0.08852650028237724
73.30000000000007; 0.08923443871242405
73.40000000000006; 0.08994424427631616
73.50000000000007; 0.09065589727871418
73.60000000000007; 0.09136937803227649
73.70000000000006; 0.09208466685960662
73.80000000000007; 0.0928017440951642
73.90000000000006; 0.09352059008715488
74.00000000000007; 0.0942411851993873
74.10000000000007; 0.0949635098131021
74.20000000000006; 0.09568754432877857
74.30000000000007; 0.09641326916790505
74.40000000000006; 0.09714066477473025
74.50000000000007; 0.09786971161797767
74.60000000000007; 0.09860039019254166
74.70000000000006; 0.09933268102115084
74.80000000000007; 0.10006656465600193
74.90000000000006; 0.10080202168037422
75.00000000000007; 0.1015390327102121
75.10000000000007; 0.10227757839567846
75.20000000000006; 0.10301763942268777
75.30000000000007; 0.10375919651440588
75.40000000000006; 0.10450223043272998
75.50000000000007; 0.10524672197973779
75.60000000000007; 0.10599265199911168
75.70000000000006; 0.10674000137753722
75.80000000000007; 0.10748875104607923
75.90000000000006; 0.10823888198152255
76.00000000000007; 0.10899037520770483
76.10000000000007; 0.10974321179680072
76.20000000000007; 0.11049737287060665
76.30000000000007; 0.1112528396017772
76.40000000000006; 0.11200959321505767
76.50000000000007; 0.11276761498847478
76.60000000000007; 0.11352688625451392
76.70000000000007; 0.1142873884012706
76.80000000000007; 0.11504910287357435
76.90000000000006; 0.115812011174094
77.00000000000007; 0.11657609486441663
77.10000000000007; 0.11734133556609881
77.20000000000007; 0.11810771496170912
77.30000000000007; 0.11887521479583238
77.40000000000006; 0.11964381687605627
77.50000000000007; 0.12041350307394431
77.60000000000007; 0.12118425532596956
77.70000000000007; 0.12195605563444595
77.80000000000007; 0.1227288860684195
77.90000000000006; 0.12350272876455304
78.00000000000007; 0.12427756592797858
78.10000000000007; 0.1250533798331381
78.20000000000007; 0.1258301528245927
78.30000000000007; 0.12660786731782206
78.40000000000006; 0.12738650579999686
78.50000000000007; 0.12816605083073163
78.60000000000007; 0.12894648504281983
78.70000000000007; 0.12972779114294639
78.80000000000007; 0.13050995191238615
78.90000000000006; 0.13129295020767193
79.00000000000007; 0.13207676896125847
79.10000000000007; 0.13286139118215493
79.20000000000007; 0.1336467999565445
79.30000000000007; 0.1344329784483833
79.40000000000006; 0.1352199098999853
79.50000000000007; 0.1360075776325835
79.60000000000007; 0.13679596504687488
79.70000000000007; 0.1375850556235537
79.80000000000007; 0.13837483292381747
79.90000000000008; 0.13916528058986025
80.00000000000007; 0.13995638234535768
80.10000000000007; 0.1407483271417783
80.20000000000007; 0.14154089729353805
80.30000000000007; 0.14233407374264256
80.40000000000008; 0.14312784052184319
80.50000000000007; 0.14392218174734178
80.60000000000007; 0.14471708161917157
80.70000000000007; 0.14551252442156767
80.80000000000007; 0.1463084945233142
80.90000000000008; 0.147104976378084
81.00000000000007; 0.1479019545247575
81.10000000000007; 0.14869941358772926
81.20000000000007; 0.1494973382772046
81.30000000000007; 0.150295713389473
81.40000000000008; 0.15109452380717356
81.50000000000007; 0.15189375449955078
81.60000000000007; 0.15269339052268283
81.70000000000007; 0.15349341701970995
81.80000000000007; 0.1542938192210433
81.90000000000008; 0.15509458244456636
82.00000000000007; 0.15589569209581108
82.10000000000007; 0.1566971336681359
82.20000000000007; 0.15749889274288595
82.30000000000007; 0.15830095498953295
82.40000000000008; 0.1591033061658193
82.50000000000007; 0.15990593211787357
82.60000000000008; 0.16070881878032772
82.70000000000007; 0.16151195217641356
82.80000000000007; 0.162315318418053
82.90000000000008; 0.16311890370593357
83.00000000000007; 0.16392269432957718
83.10000000000008; 0.16472667666739824
83.20000000000007; 0.16553083718674147
83.30000000000007; 0.1663351624439249
83.40000000000008; 0.1671396390842571
83.50000000000007; 0.16794425384205802
83.60000000000008; 0.16874899354066047
83.70000000000007; 0.16955384509240576
83.80000000000007; 0.17035879549862643
83.90000000000008; 0.17116383184962677
84.00000000000007; 0.17196894132464655
84.10000000000008; 0.1727741111918187
84.20000000000007; 0.17357932880811824
84.30000000000007; 0.17438458161930578
84.40000000000008; 0.17518985715985155
84.50000000000007; 0.17599514305286432
84.60000000000008; 0.17680042701000606
84.70000000000007; 0.17760569683139604
84.80000000000007; 0.1784109404055096
84.90000000000008; 0.1792161457090705
85.00000000000007; 0.18002130080693224
85.10000000000008; 0.18082639385196034
85.20000000000007; 0.18163141308488726
85.30000000000007; 0.1824363468341887
85.40000000000008; 0.18324118351592686
85.50000000000007; 0.18404591163360107
85.60000000000008; 0.1848505197779931
85.70000000000007; 0.18565499662699028
85.80000000000007; 0.18645933094542144
85.90000000000008; 0.18726351158487442
86.00000000000007; 0.188067527483512
86.10000000000008; 0.18887136766587767
86.20000000000007; 0.18967502124270133
86.30000000000008; 0.1904784774106928
86.40000000000008; 0.19128172545233704
86.50000000000007; 0.19208475473567363
86.60000000000008; 0.1928875547140811
86.70000000000007; 0.19369011492605068
86.80000000000008; 0.1944924249949555
86.90000000000008; 0.19529447462881047
87.00000000000007; 0.19609625362003902
87.10000000000008; 0.1968977518452216
87.20000000000007; 0.19769895926484918
87.30000000000008; 0.1984998659230646
87.40000000000008; 0.1993004619474035
87.50000000000007; 0.2001007375485342
87.60000000000008; 0.2009006830199858
87.70000000000007; 0.20170028873787327
87.80000000000008; 0.20249954516062754
87.90000000000008; 0.2032984428287112
88.00000000000007; 0.20409697236433177
88.10000000000008; 0.20489512447115985
88.20000000000007; 0.2056928899340297
88.30000000000008; 0.20649025961864753
88.40000000000008; 0.2072872244712966
88.50000000000007; 0.20808377551852505
88.60000000000008; 0.20887990386685093
88.70000000000007; 0.20967560070244523
88.80000000000008; 0.21047085729082596
88.90000000000008; 0.21126566497653654
89.00000000000009; 0.21206001518283762
89.10000000000008; 0.2128538994113754
89.20000000000007; 0.21364730924186948
89.30000000000008; 0.21444023633177708
89.40000000000008; 0.21523267241597008
89.50000000000009; 0.21602460930640371
89.60000000000008; 0.2168160388917805
89.70000000000007; 0.2176069531372179
89.80000000000008; 0.21839734408390823
89.90000000000008; 0.21918720384877752
90.00000000000009; 0.21997652462414996
90.10000000000008; 0.22076529867739153
90.20000000000007; 0.22155351835057904
90.30000000000008; 0.22234117606013762
90.40000000000008; 0.22312826429650248
90.50000000000009; 0.2239147756237615
90.60000000000008; 0.22470070267930406
90.70000000000007; 0.22548603817346632
90.80000000000008; 0.22627077488917544
90.90000000000008; 0.22705490568158931
91.00000000000009; 0.22783842347774572
91.10000000000008; 0.22862132127619106
91.20000000000007; 0.22940359214662914
91.30000000000008; 0.2301852292295536
91.40000000000008; 0.23096622573588313
91.50000000000009; 0.23174657494660095
91.60000000000008; 0.2325262702123878
91.70000000000007; 0.2333053049532542
91.80000000000008; 0.23408367265817479
91.90000000000008; 0.23486136688471682
92.00000000000009; 0.2356383812586779
92.10000000000008; 0.23641470947370874
92.20000000000007; 0.2371903452909503
92.30000000000008; 0.23796528253865573
92.40000000000008; 0.23873951511182595
92.50000000000009; 0.2395130369718335
92.60000000000008; 0.24028584214605184
92.70000000000009; 0.24105792472748194
92.80000000000008; 0.24182927887438022
92.90000000000008; 0.2425998988098852
93.00000000000009; 0.24336977882164426
93.10000000000008; 0.24413891326144146
93.20000000000009; 0.24490729654482007
93.30000000000008; 0.24567492315071085
93.40000000000008; 0.2464417876210603
93.50000000000009; 0.2472078845604535
93.60000000000008; 0.24797320863574177
93.70000000000009; 0.24873775457566816
93.80000000000008; 0.24950151717049665
93.90000000000008; 0.2502644912716323
94.00000000000009; 0.2510266717912563
94.10000000000008; 0.2517880537019457
94.20000000000009; 0.2525486320363063
94.30000000000008; 0.2533084018865933
94.40000000000008; 0.2540673584043457
94.50000000000009; 0.25482549680001426
94.60000000000008; 0.25558281234258196
94.70000000000009; 0.2563393003592063
94.80000000000008; 0.25709495623483475
94.90000000000008; 0.2578497754118467
95.00000000000009; 0.25860375338967473
95.10000000000008; 0.2593568857244447
95.20000000000009; 0.2601091680285973
95.30000000000008; 0.26086059597053246
95.40000000000009; 0.26161116527423023
95.50000000000009; 0.26236087171889194
95.60000000000008; 0.2631097111385737
95.70000000000009; 0.2638576794218206
95.80000000000008; 0.26460477251130277
95.90000000000009; 0.265350986403453
96.00000000000009; 0.2660963171481005
96.10000000000008; 0.26684076084811503
96.20000000000009; 0.2675843136590448
96.30000000000008; 0.26832697178875176
96.40000000000009; 0.2690687314970576
96.50000000000009; 0.2698095890953877
96.60000000000008; 0.2705495409464047
96.70000000000009; 0.2712885834636651
96.80000000000008; 0.27202671311125404
96.90000000000009; 0.2727639264034346
97.00000000000009; 0.2735002199042981
97.10000000000008; 0.2742355902274056
97.20000000000009; 0.27497003403544484
97.30000000000008; 0.2757035480398725
97.40000000000009; 0.2764361290005732
97.50000000000009; 0.27716777372550644
97.60000000000008; 0.2778984790703597
97.70000000000009; 0.27862824193821145
97.80000000000008; 0.2793570592791754
97.90000000000009; 0.280084928090067
98.00000000000009; 0.28081184541405757
98.10000000000008; 0.28153780834033537
98.20000000000009; 0.2822628140037643
98.30000000000008; 0.28298685958454767
98.40000000000009; 0.2837099423078944
98.50000000000009; 0.28443205944367606
98.60000000000008; 0.2851532083061011
98.70000000000009; 0.28587338625337755
98.80000000000008; 0.28659259068738163
98.90000000000009; 0.2873108190533277
99.00000000000009; 0.28802806883944104
99.1000000000001; 0.2887443375766318
99.20000000000009; 0.2894596228381623
99.30000000000008; 0.2901739222393316
99.40000000000009; 0.29088723343714107
99.50000000000009; 0.29159955412998323
99.6000000000001; 0.2923108820573146
99.70000000000009; 0.29302121499933986
99.80000000000008; 0.29373055077669175
99.90000000000009; 0.29443888725011386
100.00000000000009; 0.2951462171967201
100.1000000000001; 0.2958523477934901
100.20000000000009; 0.2965574732479942
100.30000000000008; 0.29726159154245796
100.40000000000009; 0.29796470069797154
100.50000000000009; 0.2986667987741811
100.6000000000001; 0.2993678838689781
100.70000000000009; 0.30006795411820103
100.80000000000008; 0.30076700769533116
100.90000000000009; 0.30146504281118525
101.00000000000009; 0.30216205771362487
101.1000000000001; 0.3028580506872475
101.20000000000009; 0.3035530200530946
101.30000000000008; 0.30424696416835734
101.40000000000009; 0.30493988142607625
101.50000000000009; 0.3056317702548539
101.6000000000001; 0.3063226291185606
101.70000000000009; 0.30701245651604414
101.8000000000001; 0.3077012509808406
101.90000000000009; 0.30838901108089223
102.00000000000009; 0.30907573541825195
102.1000000000001; 0.30976142262881123
102.20000000000009; 0.3104460713820078
102.3000000000001; 0.3111296803805489
102.40000000000009; 0.31181224836013
102.50000000000009; 0.3124937740891576
102.6000000000001; 0.313174256368471
102.70000000000009; 0.3138536940310717
102.8000000000001; 0.3145320859418423
102.90000000000009; 0.31520943099727705
103.00000000000009; 0.31588572812521837
103.1000000000001; 0.3165609762845733
103.20000000000009; 0.3172351744650588
103.3000000000001; 0.31790832168692856
103.40000000000009; 0.3185804170007107
103.50000000000009; 0.3192514594869421
103.6000000000001; 0.3199214482559112
103.70000000000009; 0.32059038244739263
103.8000000000001; 0.3212582612303907
103.90000000000009; 0.3219250838028816
104.00000000000009; 0.322590849391559
104.1000000000001; 0.32325555725157773
104.20000000000009; 0.32391920666630325
104.3000000000001; 0.32458179694705713
104.40000000000009; 0.3252433274328688
104.50000000000009; 0.3259037974902314
104.6000000000001; 0.326563206512844
104.70000000000009; 0.3272215539213807
104.8000000000001; 0.32787883916323113
104.90000000000009; 0.3285350617122736
105.00000000000009; 0.32919022106861967
105.1000000000001; 0.32984431675838766
105.20000000000009; 0.33049734833345285
105.3000000000001; 0.3311493153712195
105.40000000000009; 0.3318002174743824
105.5000000000001; 0.3324500542706938
105.6000000000001; 0.33309882541272984
105.70000000000009; 0.33374653057766296
105.8000000000001; 0.3343931694670272
105.90000000000009; 0.3350387418064987
106.0000000000001; 0.33568324734565935
106.1000000000001; 0.3363266858577814
106.20000000000009; 0.33696905713959796
106.3000000000001; 0.3376103610110814
106.40000000000009; 0.33825059731522594
106.5000000000001; 0.33888976591782577
106.6000000000001; 0.3395278667072561
106.70000000000009; 0.3401648995942614
106.8000000000001; 0.34080086451173824
106.90000000000009; 0.3414357614145171
107.0000000000001; 0.3420695902791596
107.1000000000001; 0.34270235110374
107.20000000000009; 0.34333404390763944
107.3000000000001; 0.3439646687313348
107.40000000000009; 0.34459422563619946
107.5000000000001; 0.3452227147042873
107.6000000000001; 0.34585013603814163
107.70000000000009; 0.3464764897605795
107.8000000000001; 0.3471017760145028
107.90000000000009; 0.3477259949626895
108.0000000000001; 0.34834914678760237
108.1000000000001; 0.34897123169118416
108.2000000000001; 0.34959224989467125
108.3000000000001; 0.3502122016383926
108.40000000000009; 0.3508310871815791
108.5000000000001; 0.35144890680217306
108.6000000000001; 0.35206566079663654
108.7000000000001; 0.3526813494797618
108.8000000000001; 0.3532959731844866
108.90000000000009; 0.35390953226170674
109.0000000000001; 0.35452202708008745
109.1000000000001; 0.3551334580258853
109.2000000000001; 0.3557438255027656
109.3000000000001; 0.3563531299316144
109.40000000000009; 0.3569613717503669
109.5000000000001; 0.3575685514138255
109.6000000000001; 0.35817466939348236
109.7000000000001; 0.35877972617734527
109.8000000000001; 0.3593837222697601
109.90000000000009; 0.3599866581912395
110.0000000000001; 0.3605885344782916
110.1000000000001; 0.36118935168324606
110.2000000000001; 0.36178911037408734
110.3000000000001; 0.36238781113428625
110.40000000000009; 0.3629854545626287
110.5000000000001; 0.36358204127305765
110.6000000000001; 0.36417757189450045
110.7000000000001; 0.3647720470707081
110.8000000000001; 0.365365467460095
110.90000000000009; 0.3659578337355759
111.0000000000001; 0.36654914658440546
111.1000000000001; 0.3671394067080226
111.2000000000001; 0.36772861482189007
111.3000000000001; 0.3683167716553375
111.40000000000009; 0.36890387795140905
111.5000000000001; 0.3694899344667083
111.6000000000001; 0.3700749419712432
111.7000000000001; 0.3706589012482801
111.8000000000001; 0.37124181309418686
111.9000000000001; 0.37182367831828583
112.0000000000001; 0.37240449774270723
112.1000000000001; 0.3729842722022422
112.2000000000001; 0.3735630025441914
112.3000000000001; 0.3741406896282277
112.4000000000001; 0.37471733432624715
112.5000000000001; 0.37529293752222986
112.6000000000001; 0.3758675001120948
112.7000000000001; 0.3764410230035618
112.8000000000001; 0.37701350711601245
112.9000000000001; 0.37758495338035053
113.0000000000001; 0.37815536273886574
113.1000000000001; 0.3787247361450949
113.2000000000001; 0.37929307456369493
113.3000000000001; 0.3798603789702975
113.4000000000001; 0.38042665035138423
113.5000000000001; 0.38099188970415276
113.6000000000001; 0.38155609803638363
113.7000000000001; 0.3821192763663153
113.8000000000001; 0.38268142572250996
113.9000000000001; 0.3832425471437281
114.0000000000001; 0.3838026416788055
114.1000000000001; 0.38436171038652034
114.2000000000001; 0.38491975433547304
114.3000000000001; 0.38547677460396185
114.4000000000001; 0.3860327722798609
114.5000000000001; 0.3865877484604972
114.60000000000011; 0.38714170425252953
114.7000000000001; 0.38769464077182836
114.8000000000001; 0.3882465591433606
114.9000000000001; 0.3887974605010688
115.0000000000001; 0.38934734598775345
115.10000000000011; 0.38989621675495895
115.2000000000001; 0.3904440739628576
115.3000000000001; 0.3909909187801368
115.4000000000001; 0.3915367523838854
115.5000000000001; 0.39208157595948034
115.60000000000011; 0.3926253907004771
115.7000000000001; 0.39316819780849976
115.8000000000001; 0.393709998493127
115.9000000000001; 0.3942507939717928
116.0000000000001; 0.3947905854696672
116.10000000000011; 0.3953293742195597
116.2000000000001; 0.39586716146180917
116.3000000000001; 0.39640394844417653
116.4000000000001; 0.39693973642174435
116.5000000000001; 0.3974745266568156
116.60000000000011; 0.39800832041880535
116.7000000000001; 0.3985411189841417
116.8000000000001; 0.39907292363616886
116.9000000000001; 0.39960373566504215
117.0000000000001; 0.40013355636763387
117.10000000000011; 0.40066238704742874
117.2000000000001; 0.4011902290144344
117.3000000000001; 0.40171708358508135
117.4000000000001; 0.40224295208212507
117.5000000000001; 0.40276783583455583
117.60000000000011; 0.40329173617750064
117.7000000000001; 0.4038146544521349
117.8000000000001; 0.4043365920055847
117.9000000000001; 0.4048575501908386
118.0000000000001; 0.40537753036665747
118.10000000000011; 0.4058965338974813
118.2000000000001; 0.40641456215334404
118.30000000000011; 0.40693161650978193
118.4000000000001; 0.40744769834774597
118.5000000000001; 0.4079628090535196
118.60000000000011; 0.4084769500186272
118.7000000000001; 0.40899012263975076
118.80000000000011; 0.4095023283186446
118.9000000000001; 0.4100135684620544
119.0000000000001; 0.4105238444816313
119.10000000000011; 0.41103315779384897
119.2000000000001; 0.4115415098199257
119.30000000000011; 0.4120489019857373
119.4000000000001; 0.4125553357217446
119.5000000000001; 0.4130608124629063
119.60000000000011; 0.4135653336486081
119.7000000000001; 0.4140689007225774
119.80000000000011; 0.4145715151328093
119.9000000000001; 0.4150731783314894
120.0000000000001; 0.4155738917749198
120.10000000000011; 0.4160736569234409
120.2000000000001; 0.4165724752413563
120.30000000000011; 0.4170703481968641
120.4000000000001; 0.4175672772619748
120.5000000000001; 0.41806326391245
120.60000000000011; 0.41855830962771956
120.7000000000001; 0.4190524158908156
120.80000000000011; 0.4195455841883047
120.9000000000001; 0.4200378160102094
121.00000000000011; 0.42052911284994976
121.10000000000011; 0.42101947620426194
121.2000000000001; 0.4215089075731442
121.30000000000011; 0.4219974084597771
121.4000000000001; 0.4224849803704633
121.50000000000011; 0.4229716248145596
121.60000000000011; 0.42345734330441354
121.7000000000001; 0.42394213735529335
121.80000000000011; 0.4244260084853296
121.9000000000001; 0.42490895821544594
122.00000000000011; 0.42539098806929954
122.10000000000011; 0.4258720995732178
122.2000000000001; 0.42635229425613486
122.30000000000011; 0.4268315736495325
122.4000000000001; 0.4273099392873762
122.50000000000011; 0.4277873927060596
122.60000000000011; 0.428263935444339
122.7000000000001; 0.42873956904327765
122.80000000000011; 0.4292142950461875
122.9000000000001; 0.4296881149985706
123.00000000000011; 0.4301610304480606
123.10000000000011; 0.430633042944367
123.2000000000001; 0.4311041540392162
123.30000000000011; 0.4315743652863005
123.4000000000001; 0.43204367824122064
123.50000000000011; 0.43251209446142685
123.60000000000011; 0.4329796155061712
123.7000000000001; 0.4334462429364513
123.80000000000011; 0.43391197831495576
123.9000000000001; 0.43437682320601084
124.00000000000011; 0.434840779175533
124.10000000000011; 0.43530384779097286
124.2000000000001; 0.4357660306212654
124.30000000000011; 0.43622732923677976
124.4000000000001; 0.4366877452092686
124.50000000000011; 0.437147280111818
124.60000000000011; 0.43760593551879917
124.70000000000012; 0.4380637130058204
124.80000000000011; 0.43852061414967747
124.9000000000001; 0.4389766405283039
125.00000000000011; 0.4394317937207307
125.10000000000011; 0.43988607530703167
125.20000000000012; 0.4403394868682821
125.30000000000011; 0.44079202998651007
125.4000000000001; 0.4412437062446548
125.50000000000011; 0.4416945172265159
125.60000000000011; 0.44214446451671485
125.70000000000012; 0.4425935497006485
125.80000000000011; 0.4430417743644444
125.9000000000001; 0.4434891400949186
126.00000000000011; 0.4439356484795327
126.10000000000011; 0.44438130110635393
126.20000000000012; 0.44482609956401065
126.30000000000011; 0.44527004544164994
126.4000000000001; 0.44571314032890025
126.50000000000011; 0.44615538581582764
126.60000000000011; 0.446596783492898
126.70000000000012; 0.4470373349509368
126.80000000000011; 0.4474770417810865
126.9000000000001; 0.4479159055747752
127.00000000000011; 0.4483539279236685
127.10000000000011; 0.4487911104196387
127.20000000000012; 0.44922745465472524
127.30000000000011; 0.4496629622210962
127.40000000000012; 0.45009763471101094
127.50000000000011; 0.45053147371678737
127.60000000000011; 0.45096448083076074
127.70000000000012; 0.45139665764525144
127.80000000000011; 0.451828005752528
127.90000000000012; 0.45225852674477474
128.0000000000001; 0.45268822221405197
128.1000000000001; 0.4531170937522674
128.2000000000001; 0.4535451429511383
128.30000000000013; 0.45397237140215907
128.40000000000012; 0.4543987806965707
128.5000000000001; 0.4548243724253238
128.6000000000001; 0.4552491481790481
128.7000000000001; 0.4556731095480218
128.80000000000013; 0.4560962581221368
128.90000000000012; 0.45651859549086987
129.0000000000001; 0.45694012324325034
129.1000000000001; 0.45736084296783047
129.2000000000001; 0.4577807562526532
129.30000000000013; 0.45819986468522333
129.40000000000012; 0.4586181698524803
129.5000000000001; 0.45903567334076184
129.6000000000001; 0.45945237673578326
129.7000000000001; 0.45986828162260457
129.80000000000013; 0.46028338958560006
129.90000000000012; 0.46069770220843415
130.0000000000001; 0.4611112210740318
130.1000000000001; 0.46152394776455324
130.2000000000001; 0.4619358838613618
130.30000000000013; 0.46234703094500196
130.40000000000012; 0.4627573905951721
130.5000000000001; 0.4631669643906945
130.6000000000001; 0.4635757539094956
130.7000000000001; 0.46398376072857506
130.80000000000013; 0.4643909864239841
130.90000000000012; 0.4647974325707961
131.0000000000001; 0.4652031007430868
131.1000000000001; 0.46560799251390816
131.2000000000001; 0.4660121094552615
131.30000000000013; 0.4664154531380797
131.40000000000012; 0.46681802513219534
131.5000000000001; 0.46721982700632453
131.6000000000001; 0.46762086032804157
131.7000000000001; 0.4680211266637529
131.80000000000013; 0.4684206275786822
131.90000000000012; 0.4688193646368401
132.0000000000001; 0.46921733940100613
132.1000000000001; 0.46961455343270736
132.2000000000001; 0.4700110082921958
132.30000000000013; 0.47040670553842817
132.40000000000012; 0.47080164672904395
132.5000000000001; 0.47119583342034604
132.6000000000001; 0.47158926716727784
132.70000000000013; 0.4719819495234076
132.80000000000013; 0.4723738820409035
132.90000000000012; 0.47276506627051745
133.0000000000001; 0.47315550376156373
133.1000000000001; 0.4735451960619015
133.20000000000013; 0.4739341447179154
133.30000000000013; 0.47432235127449546
133.40000000000012; 0.47470981727502043
133.5000000000001; 0.4750965442613382
133.6000000000001; 0.4754825337737495
133.70000000000013; 0.47586778735098895
133.80000000000013; 0.47625230653020667
133.90000000000012; 0.47663609284695396
134.0000000000001; 0.477019147835163
134.1000000000001; 0.47740147302713143
134.20000000000013; 0.4777830699535073
134.30000000000013; 0.47816394014326763
134.40000000000012; 0.47854408512370955
134.5000000000001; 0.4789235064204285
134.6000000000001; 0.47930220555730496
134.70000000000013; 0.4796801840564873
134.80000000000013; 0.4800574434383784
134.90000000000012; 0.48043398522162056
135.0000000000001; 0.48080981092307756
135.1000000000001; 0.4811849220578235
135.20000000000013; 0.48155932013912733
135.30000000000013; 0.48193300667843525
135.40000000000012; 0.48230598318536294
135.5000000000001; 0.4826782511676755
135.6000000000001; 0.48304981213127646
135.70000000000013; 0.48342066758019714
135.80000000000013; 0.48379081901657495
135.90000000000012; 0.4841602679406499
136.0000000000001; 0.48452901585074615
136.1000000000001; 0.4848970642432591
136.20000000000013; 0.48526441461264463
136.30000000000013; 0.48563106845140686
136.40000000000012; 0.48599702725008376
136.5000000000001; 0.48636229249723706
136.6000000000001; 0.48672686567944123
136.70000000000013; 0.48709074828126697
136.80000000000013; 0.4874539417852774
136.90000000000012; 0.487816447672008
137.0000000000001; 0.4881782674199623
137.1000000000001; 0.48853940250559763
137.20000000000013; 0.488899854403316
137.30000000000013; 0.4892596245854501
137.40000000000012; 0.489618714522257
137.5000000000001; 0.4899771256819048
137.6000000000001; 0.49033485953046513
137.70000000000013; 0.4906919175318998
137.80000000000013; 0.49104830114805276
137.90000000000012; 0.4914040118386415
138.0000000000001; 0.4917590510612445
138.1000000000001; 0.49211342027129534
138.20000000000013; 0.49246712092207073
138.30000000000013; 0.49282015446468247
138.40000000000012; 0.49317252234806813
138.5000000000001; 0.493524226018984
138.60000000000014; 0.49387526692199335
138.70000000000013; 0.494225646499459
138.80000000000013; 0.4945753661915388
138.90000000000012; 0.4949244274361701
139.0000000000001; 0.495272831669068
139.10000000000014; 0.49562058032371453
139.20000000000013; 0.4959676748313523
139.30000000000013; 0.4963141166209744
139.40000000000012; 0.4966599071193202
139.5000000000001; 0.4970050477508651
139.60000000000014; 0.49734953993781394
139.70000000000013; 0.4976933851000959
139.80000000000013; 0.4980365846553553
139.90000000000012; 0.49837914001894523
140.0000000000001; 0.4987210526039208
140.10000000000014; 0.4990623238210336
140.20000000000013; 0.4994029550787226
140.30000000000013; 0.4997429477831132
140.40000000000012; 0.5000823033380025
140.5000000000001; 0.500421023144863
140.60000000000014; 0.5007591086028284
140.70000000000013; 0.5010965611086914
140.80000000000013; 0.5014333820568998
140.90000000000012; 0.5017695728395464
141.0000000000001; 0.5021051348463672
141.10000000000014; 0.5024400694647336
141.20000000000013; 0.5027743780796485
141.30000000000013; 0.503108062073742
141.40000000000012; 0.5034411228272635
141.5000000000001; 0.5037735617180805
141.60000000000014; 0.5041053801216685
141.70000000000013; 0.5044365794111124
141.80000000000013; 0.5047671609570973
141.90000000000012; 0.505097126127907
142.0000000000001; 0.5054264762894176
142.10000000000014; 0.5057552128050942
142.20000000000013; 0.5060833370359855
142.30000000000013; 0.5064108503407232
142.40000000000012; 0.5067377540755118
142.5000000000001; 0.5070640495941323
142.60000000000014; 0.5073897382479309
142.70000000000013; 0.5077148213858212
142.80000000000013; 0.5080393003542792
142.90000000000012; 0.5083631764973368
143.0000000000001; 0.5086864511565813
143.10000000000014; 0.5090091256711522
143.20000000000013; 0.5093312013777367
143.30000000000013; 0.5096526796105675
143.40000000000012; 0.5099735617014189
143.5000000000001; 0.5102938489796054
143.60000000000014; 0.5106135427719767
143.70000000000013; 0.5109326444029164
143.80000000000013; 0.5112511551943401
143.90000000000012; 0.5115690764656904
144.0000000000001; 0.5118864095339368
144.10000000000014; 0.5122031557135728
144.20000000000013; 0.5125193163166124
144.30000000000013; 0.5128348926525886
144.40000000000012; 0.5131498860285515
144.5000000000001; 0.5134642977490672
144.60000000000014; 0.5137781291162123
144.70000000000013; 0.5140913814295762
144.80000000000013; 0.5144040559862566
144.90000000000012; 0.5147161540808606
145.0000000000001; 0.5150276770054982
145.10000000000014; 0.5153386260497856
145.20000000000013; 0.5156490025008406
145.30000000000013; 0.515958807643284
145.40000000000012; 0.5162680427592344
145.50000000000014; 0.5165767091283109
145.60000000000014; 0.5168848080276283
145.70000000000013; 0.5171923407317996
145.80000000000013; 0.517499308512932
145.90000000000012; 0.5178057126406272
146.00000000000014; 0.5181115543819803
146.10000000000014; 0.5184168350015785
146.20000000000013; 0.5187215557615014
146.30000000000013; 0.5190257179213196
146.40000000000012; 0.5193293227380942
146.50000000000014; 0.5196323714663753
146.60000000000014; 0.519934865358203
146.70000000000013; 0.5202368056631066
146.80000000000013; 0.5205381936281029
146.90000000000012; 0.5208390304976982
147.00000000000014; 0.5211393175138855
147.10000000000014; 0.5214390559161455
147.20000000000013; 0.5217382469414475
147.30000000000013; 0.5220368918242478
147.40000000000012; 0.5223349917964909
147.50000000000014; 0.5226325480876074
147.60000000000014; 0.522929561924516
147.70000000000013; 0.5232260345316254
147.80000000000013; 0.5235219671308288
147.90000000000012; 0.5238173609415117
148.00000000000014; 0.5241122171805446
148.10000000000014; 0.5244065370622892
148.20000000000013; 0.5247003217985975
148.30000000000013; 0.5249935725988089
148.40000000000012; 0.5252862906697566
148.50000000000014; 0.5255784772157623
148.60000000000014; 0.5258701334386405
148.70000000000013; 0.5261612605376998
148.80000000000013; 0.5264518597097408
148.90000000000012; 0.5267419321490578
149.00000000000014; 0.5270314790474416
149.10000000000014; 0.5273205015941784
149.20000000000013; 0.5276090009760506
149.30000000000013; 0.5278969783773413
149.40000000000012; 0.5281844349798291
149.50000000000014; 0.5284713719627947
149.60000000000014; 0.528757790503021
149.70000000000013; 0.529043691774791
149.80000000000013; 0.5293290769498944
149.90000000000012; 0.529613947197624
150.00000000000014; 0.5298983036847799
150.10000000000014; 0.5301821574891453
150.20000000000013; 0.5304654999784996
150.30000000000013; 0.5307483321694599
150.40000000000012; 0.5310306552185177
150.50000000000014; 0.531312470279685
150.60000000000014; 0.5315937785045007
150.70000000000013; 0.5318745810420283
150.80000000000013; 0.5321548790388585
150.90000000000012; 0.5324346736391123
151.00000000000014; 0.5327139659844407
151.10000000000014; 0.5329927572140278
151.20000000000013; 0.5332710484645908
151.30000000000013; 0.5335488408703847
151.40000000000015; 0.5338261355632006
151.50000000000014; 0.5341029336723714
151.60000000000014; 0.5343792363247709
151.70000000000013; 0.5346550446448151
151.80000000000013; 0.5349303597544672
151.90000000000015; 0.5352051827732395
152.00000000000014; 0.53547951481819
152.10000000000014; 0.5357533570039316
152.20000000000013; 0.536026710442631
152.30000000000013; 0.5362995762440101
152.40000000000015; 0.536571955515349
152.50000000000014; 0.5368438493614887
152.60000000000014; 0.5371152588848325
152.70000000000013; 0.5373861851853511
152.80000000000013; 0.5376566293605788
152.90000000000015; 0.5379265925056226
153.00000000000014; 0.5381960757131613
153.10000000000014; 0.5384650800734465
153.20000000000013; 0.5387336066743084
153.30000000000013; 0.5390016566011567
153.40000000000015; 0.5392692309369825
153.50000000000014; 0.5395363307623618
153.60000000000014; 0.5398029571554578
153.70000000000013; 0.540069111192024
153.80000000000013; 0.5403347939454041
153.90000000000015; 0.5406000064865403
154.00000000000014; 0.5408647498839687
154.10000000000014; 0.5411290252038296
154.20000000000013; 0.5413928335098632
154.30000000000013; 0.5416561758634176
154.40000000000015; 0.5419190533234489
154.50000000000014; 0.5421814669465251
154.60000000000014; 0.5424434177868286
154.70000000000013; 0.5427049068961577
154.80000000000013; 0.5429659353239332
154.90000000000015; 0.5432265041171974
155.00000000000014; 0.5434866143206195
155.10000000000014; 0.5437462669764956
155.20000000000013; 0.5440054631247566
155.30000000000013; 0.544264203802967
155.40000000000015; 0.5445224900463288
155.50000000000014; 0.5447803228876852
155.60000000000014; 0.5450377033575252
155.70000000000013; 0.5452946324839828
155.80000000000013; 0.545551111292844
155.90000000000015; 0.5458071408075467
156.00000000000014; 0.5460627220491872
156.10000000000014; 0.5463178560365203
156.20000000000013; 0.546572543785965
156.30000000000013; 0.5468267863116051
156.40000000000015; 0.5470805846251955
156.50000000000014; 0.5473339397361621
156.60000000000014; 0.5475868526516096
156.70000000000013; 0.547839324376319
156.80000000000013; 0.5480913559127556
156.90000000000015; 0.5483429482610704
157.00000000000014; 0.5485941024191043
157.10000000000014; 0.5488448193823899
157.20000000000013; 0.5490951001441574
157.30000000000013; 0.5493449456953341
157.40000000000015; 0.5495943570245533
157.50000000000014; 0.5498433351181531
157.60000000000014; 0.5500918809601806
157.70000000000013; 0.5503399955323975
157.80000000000013; 0.5505876798142829
157.90000000000015; 0.550834934783034
158.00000000000014; 0.5510817614135746
158.10000000000014; 0.5513281606785541
158.20000000000013; 0.551574133548352
158.30000000000015; 0.5518196809910848
158.40000000000015; 0.5520648039726059
158.50000000000014; 0.5523095034565091
158.60000000000014; 0.5525537804041354
158.70000000000013; 0.5527976357745736
158.80000000000015; 0.5530410705246649
158.90000000000015; 0.5532840856090079
159.00000000000014; 0.5535266819799592
159.10000000000014; 0.5537688605876401
159.20000000000013; 0.5540106223799386
159.30000000000015; 0.5542519683025143
159.40000000000015; 0.5544928992987997
159.50000000000014; 0.5547334163100077
159.60000000000014; 0.554973520275132
159.70000000000013; 0.5552132121309509
159.80000000000015; 0.5554524928120347
159.90000000000015; 0.5556913632507455
160.00000000000014; 0.5559298243772426
