energy (keV); transmission
1.0; 0.0
1.1; 0.0
1.2000000000000002; 0.0
1.3000000000000003; 0.0
1.4000000000000004; 0.0
1.5000000000000004; 0.0
1.6000000000000005; 0.0
1.7000000000000006; 0.0
1.8000000000000007; 0.0
1.9000000000000008; 0.0
2.000000000000001; 0.0
2.100000000000001; 0.0
2.200000000000001; 0.0
2.300000000000001; 0.0
2.4000000000000012; 0.0
2.5000000000000013; 0.0
2.6000000000000014; 0.0
2.7000000000000015; 0.0
2.8000000000000016; 0.0
2.9000000000000017; 0.0
3.0000000000000018; 0.0
3.100000000000002; 0.0
3.200000000000002; 0.0
3.300000000000002; 0.0
3.400000000000002; 0.0
3.500000000000002; 0.0
3.6000000000000023; 0.0
3.7000000000000024; 0.0
3.8000000000000025; 0.0
3.9000000000000026; 0.0
4.000000000000003; 0.0
4.100000000000003; 0.0
4.200000000000003; 0.0
4.3000000000000025; 0.0
4.400000000000003; 0.0
4.5000000000000036; 4.870749702318715e-307
4.600000000000003; 2.5095910264973324e-289
4.700000000000003; 5.408332803353823e-273
4.800000000000003; 6.627710703079886e-258
4.900000000000004; 6.061414011621075e-244
5.0000000000000036; 5.266189393861708e-231
5.100000000000003; 7.370281877127656e-219
5.200000000000004; 1.415393768501733e-207
5.300000000000004; 4.445533669670438e-197
5.400000000000004; 2.6721469031989995e-187
5.5000000000000036; 3.5390097607472203e-178
5.600000000000004; 1.1721415723631049e-169
5.700000000000005; 1.0881009017613366e-161
5.800000000000004; 3.137723506770734e-154
5.900000000000004; 3.0844791431597216e-147
6.000000000000004; 2.3278028764935437e-257
6.100000000000005; 8.256907698930309e-252
6.200000000000005; 1.638091031383744e-245
6.300000000000004; 1.338814785485024e-238
6.400000000000005; 3.282779953753184e-231
6.500000000000005; 1.7693847197544024e-223
6.600000000000005; 8.272892474027684e-220
6.700000000000005; 1.3091306036180534e-211
6.800000000000005; 2.031922265122248e-203
6.900000000000006; 2.5394024042812872e-195
7.000000000000005; 2.1700918508872592e-187
7.100000000000005; 1.1121253776037791e-179
7.2000000000000055; 0.0
7.300000000000006; 0.0
7.400000000000006; 0.0
7.500000000000005; 0.0
7.600000000000006; 0.0
7.700000000000006; 0.0
7.800000000000006; 0.0
7.900000000000006; 0.0
8.000000000000007; 0.0
8.100000000000007; 0.0
8.200000000000006; 0.0
8.300000000000006; 0.0
8.400000000000006; 0.0
8.500000000000007; 0.0
8.600000000000007; 0.0
8.700000000000006; 0.0
8.800000000000008; 0.0
8.900000000000007; 0.0
9.000000000000007; 0.0
9.100000000000007; 0.0
9.200000000000006; 2.62413e-319
9.300000000000008; 1.79624014693135e-310
9.400000000000007; 5.782290378930556e-302
9.500000000000007; 9.08950166563265e-294
9.600000000000009; 7.227786551685862e-286
9.700000000000008; 3.00517280225687e-278
9.800000000000008; 6.739533555627075e-271
9.900000000000007; 8.39402828631969e-264
10.000000000000007; 5.967860278262769e-257
10.100000000000009; 2.490771398535806e-250
10.200000000000008; 6.224398922854276e-244
10.300000000000008; 9.510937239133671e-238
10.40000000000001; 9.065384219382036e-232
10.500000000000009; 5.493462025897144e-226
10.600000000000009; 2.155120225330765e-220
10.700000000000008; 5.568789823894051e-215
10.800000000000008; 9.635246090400443e-210
10.90000000000001; 1.1339536586740177e-204
11.000000000000009; 9.214314464829102e-200
11.100000000000009; 5.244138906534516e-195
11.20000000000001; 2.1191225681409015e-190
11.30000000000001; 6.159844471762663e-186
11.40000000000001; 1.3041386580074725e-181
11.500000000000009; 2.035106738980105e-177
11.600000000000009; 2.3675640703727296e-173
11.70000000000001; 2.0758371975761552e-169
11.80000000000001; 1.3860621046850925e-165
11.90000000000001; 7.118622495411077e-162
12.00000000000001; 2.8390557704064914e-158
12.10000000000001; 8.873220291156503e-155
12.20000000000001; 2.1923764110244206e-151
12.30000000000001; 4.318303699485174e-148
12.40000000000001; 6.835359199462565e-145
12.50000000000001; 8.7619533634823e-142
12.60000000000001; 9.162956013112488e-139
12.70000000000001; 7.872954564567079e-136
12.800000000000011; 5.595703470491235e-133
12.900000000000011; 3.311421745150459e-130
13.00000000000001; 1.6418423325947475e-127
13.10000000000001; 6.861377316957352e-125
13.20000000000001; 2.4308391443645454e-122
13.300000000000011; 7.341241010140157e-120
13.400000000000011; 1.90002769488294e-117
13.50000000000001; 4.235905069280374e-115
13.600000000000012; 8.174492806604429e-113
13.700000000000012; 1.3719991322529896e-110
13.800000000000011; 2.0118549389789046e-108
13.900000000000011; 2.588721902874811e-106
14.00000000000001; 2.9352435420199134e-104
14.100000000000012; 2.9446122260912314e-102
14.200000000000012; 2.6237751355517495e-100
14.300000000000011; 2.0843270278612118e-98
14.400000000000013; 1.4815341626105155e-96
14.500000000000012; 9.455228273661396e-95
14.600000000000012; 5.436250733590215e-93
14.700000000000012; 2.8248380316724176e-91
14.800000000000011; 1.3307696010228308e-89
14.900000000000013; 5.700688683082724e-88
15.000000000000012; 2.2269991845967443e-86
15.100000000000012; 7.961401317403071e-85
15.200000000000014; 2.609825027378951e-83
15.300000000000013; 7.865580593740881e-82
15.400000000000013; 2.184997922446043e-80
15.500000000000012; 5.608352164240165e-79
15.600000000000012; 1.3332396575737962e-77
15.700000000000014; 2.942102036168332e-76
15.800000000000013; 6.039992181490472e-75
15.900000000000013; 1.1560135691463051e-73
16.000000000000014; 2.066920460253978e-72
16.100000000000016; 3.459188081454684e-71
16.200000000000014; 5.4292479629723056e-70
16.30000000000001; 8.006029776154136e-69
16.400000000000013; 1.1111591356714475e-67
16.500000000000014; 1.4539854331855616e-66
16.600000000000016; 1.79674530399396e-65
16.700000000000014; 2.1001452198545773e-64
16.800000000000015; 2.3255134475234146e-63
16.900000000000013; 2.4431104302941933e-62
17.000000000000014; 2.438644734093463e-61
17.100000000000016; 2.3160129172902936e-60
17.200000000000014; 2.0955901630181924e-59
17.300000000000015; 1.808887148115211e-58
17.400000000000013; 1.4914365207666178e-57
17.500000000000014; 1.1760261909950952e-56
17.600000000000016; 8.878955010486815e-56
17.700000000000014; 6.425940439873424e-55
17.800000000000015; 4.4629608899179374e-54
17.900000000000016; 2.977744211733774e-53
18.000000000000014; 1.910651021693348e-52
18.100000000000016; 1.1801648779061265e-51
18.200000000000017; 7.024176496423413e-51
18.300000000000015; 4.032278840944283e-50
18.400000000000016; 2.234634466874414e-49
18.500000000000014; 1.1966012334324943e-48
18.600000000000016; 6.196606403263951e-48
18.700000000000017; 3.1058685633844153e-47
18.800000000000015; 1.5079578517146498e-46
18.900000000000016; 7.097641261421896e-46
19.000000000000014; 3.241075748969189e-45
19.100000000000016; 1.4369325630348868e-44
19.200000000000017; 6.189676712858692e-44
19.300000000000015; 2.592310879013144e-43
19.400000000000016; 1.0563019123145968e-42
19.500000000000018; 4.190411936645724e-42
19.600000000000016; 1.6194613909505768e-41
19.700000000000017; 6.100975811493982e-41
19.80000000000002; 2.241840604914782e-40
19.900000000000016; 8.039727724890413e-40
20.000000000000018; 2.815505623647133e-39
20.100000000000016; 2.906325957744622e-41
20.200000000000017; 1.044120193380827e-40
20.30000000000002; 3.664397788425115e-40
20.400000000000016; 1.256990557737659e-39
20.500000000000018; 4.2166129568501033e-39
20.600000000000016; 1.383938240849841e-38
20.700000000000017; 4.446353012890892e-38
20.80000000000002; 1.3990483130308503e-37
20.900000000000016; 4.313251274467082e-37
21.000000000000018; 1.303516214618291e-36
21.10000000000002; 3.863304089543412e-36
21.200000000000017; 1.1233581085811919e-35
21.30000000000002; 3.206089434362093e-35
21.40000000000002; 8.984782701773598e-35
21.500000000000018; 2.4733519497533344e-34
21.60000000000002; 6.690800121407378e-34
21.700000000000017; 1.7792913278756323e-33
21.80000000000002; 4.6532010317490847e-33
21.90000000000002; 1.1971460197097542e-32
22.000000000000018; 3.0309854598897184e-32
22.10000000000002; 7.554557412577127e-32
22.200000000000017; 1.8542400457910983e-31
22.30000000000002; 4.48326433760894e-31
22.40000000000002; 1.0681454506458297e-30
22.500000000000018; 2.5084583962228888e-30
22.60000000000002; 5.808357851354154e-30
22.70000000000002; 1.3264658526930354e-29
22.80000000000002; 2.9885340388029503e-29
22.90000000000002; 6.644463417190187e-29
23.00000000000002; 1.4582044268662669e-28
23.10000000000002; 3.1597160738772305e-28
23.20000000000002; 6.76177074462739e-28
23.30000000000002; 1.4294351286860442e-27
23.40000000000002; 2.9858387957302766e-27
23.50000000000002; 6.1641029633790906e-27
23.60000000000002; 1.2579873782155906e-26
23.70000000000002; 2.538542259009207e-26
23.80000000000002; 5.0662979689387026e-26
23.90000000000002; 1.0002061144300384e-25
24.00000000000002; 1.9537668702155846e-25
24.10000000000002; 3.7768548834935647e-25
24.20000000000002; 7.226865052930423e-25
24.300000000000022; 1.3690440186943006e-24
24.40000000000002; 2.5681267105115093e-24
24.50000000000002; 4.7712137359626696e-24
24.600000000000023; 8.780810959729634e-24
24.70000000000002; 1.6010755648877054e-23
24.800000000000022; 2.892922608376526e-23
24.90000000000002; 5.180649268027197e-23
25.00000000000002; 9.196591101063702e-23
25.100000000000023; 1.6185873889356713e-22
25.20000000000002; 2.824760925428784e-22
25.300000000000022; 4.889130568572567e-22
25.40000000000002; 8.393683243895985e-22
25.50000000000002; 1.429583902710339e-21
25.600000000000023; 2.415830989043425e-21
25.70000000000002; 4.051217521177321e-21
25.800000000000022; 6.742603432389044e-21
25.900000000000023; 1.1139156526352192e-20
26.00000000000002; 1.8269132554431103e-20
26.100000000000023; 2.974962599787406e-20
26.200000000000024; 4.8105956776949146e-20
26.300000000000022; 7.725463850114552e-20
26.400000000000023; 1.2322875514712276e-19
26.50000000000002; 1.952601558777688e-19
26.600000000000023; 3.073834263893035e-19
26.700000000000024; 4.807979350051711e-19
26.800000000000022; 7.47324288049748e-19
26.900000000000023; 1.1544309203905218e-18
27.00000000000002; 1.7724995725293726e-18
27.100000000000023; 2.7052640748666913e-18
27.200000000000024; 4.104720324009064e-18
27.300000000000022; 6.1922996705361354e-18
27.400000000000023; 9.288766378762935e-18
27.500000000000025; 1.3856198553272524e-17
27.600000000000023; 2.0556613548236357e-17
27.700000000000024; 3.0333396641565485e-17
27.800000000000026; 4.452380479947541e-17
27.900000000000023; 6.501359702410553e-17
28.000000000000025; 9.44484802909845e-17
28.100000000000023; 1.3652179575960513e-16
28.200000000000024; 1.9636400419102767e-16
28.300000000000026; 2.810674359168582e-16
28.400000000000023; 4.003899114704499e-16
28.500000000000025; 5.676937830437063e-16
28.600000000000023; 8.011933910919307e-16
28.700000000000024; 1.125604723918487e-15
28.800000000000026; 1.5743172409274989e-15
28.900000000000023; 2.1922406156440392e-15
29.000000000000025; 3.039520066011241e-15
29.100000000000026; 4.1963647525621225e-15
29.200000000000024; 5.769296565004157e-15
29.300000000000026; 7.899204002256722e-15
29.400000000000027; 1.0771680749190725e-14
29.500000000000025; 1.4630244451400227e-14
29.600000000000026; 1.9793172161730865e-14
29.700000000000024; 2.6674859721230163e-14
29.800000000000026; 3.581281843656511e-14
29.900000000000027; 4.7901670165043717e-14
30.000000000000025; 6.383579859870269e-14
30.100000000000026; 8.477188967606494e-14
30.200000000000024; 1.121735290495721e-13
30.300000000000026; 1.4791198778981928e-13
30.400000000000027; 1.9436344713029199e-13
30.500000000000025; 2.545349110838877e-13
30.600000000000026; 3.32219063472884e-13
30.700000000000028; 4.3218394698304783e-13
30.800000000000026; 5.604045456745046e-13
30.900000000000027; 7.243446309855423e-13
31.00000000000003; 9.33298709002165e-13
31.100000000000026; 1.1988056090210188e-12
31.200000000000028; 1.5351472079544054e-12
31.300000000000026; 1.959948022073648e-12
31.400000000000027; 2.4948939496615825e-12
31.50000000000003; 3.1665913505967184e-12
31.600000000000026; 4.007590939591107e-12
31.700000000000028; 5.057604689251228e-12
31.800000000000026; 6.36494813043265e-12
31.900000000000027; 7.988245146182787e-12
32.00000000000003; 9.99843763016645e-12
32.10000000000002; 1.2481148271360192e-11
32.20000000000003; 1.553945128689375e-11
32.300000000000026; 1.9297113209173273e-11
32.40000000000003; 2.3902373898564493e-11
32.50000000000003; 2.95323468574552e-11
32.60000000000003; 3.6398127725013056e-11
32.70000000000003; 4.4750710595261784e-11
32.800000000000026; 5.4887823585189326e-11
32.90000000000003; 6.716180794585374e-11
33.00000000000003; 8.198867901900389e-11
33.10000000000003; 9.985852255421982e-11
33.20000000000003; 1.2134739637605698e-10
33.300000000000026; 1.4713092518323043e-10
33.40000000000003; 1.7799979542690494e-10
33.50000000000003; 2.1487737780216325e-10
33.60000000000003; 2.588397269439083e-10
33.70000000000003; 3.1113823148459957e-10
33.800000000000026; 3.732252127464303e-10
33.90000000000003; 4.4678279703030977e-10
34.00000000000003; 5.337554147558513e-10
34.10000000000003; 6.363863096104123e-10
34.20000000000003; 7.572584723947493e-10
34.30000000000003; 8.993404473982476e-10
34.40000000000003; 1.0660374938905277e-09
34.50000000000003; 1.26124862165663e-09
34.60000000000003; 1.4894300573892573e-09
34.70000000000003; 1.7556657381502716e-09
34.80000000000003; 2.06574546894961e-09
34.90000000000003; 2.4262514237176372e-09
35.00000000000003; 2.844653712450622e-09
35.10000000000003; 3.3294157820276787e-09
35.20000000000003; 3.890110463993993e-09
35.30000000000003; 4.537547529360837e-09
35.400000000000034; 5.2839136580755155e-09
35.50000000000003; 6.142925779057696e-09
35.60000000000003; 7.129998785497583e-09
35.70000000000003; 8.262428679196066e-09
35.80000000000003; 9.559592246994481e-09
35.900000000000034; 1.1043164421531759e-08
36.00000000000003; 1.2737354527470189e-08
36.10000000000003; 1.4669162662775995e-08
36.20000000000003; 1.6868657512295026e-08
36.30000000000003; 1.9369276937589364e-08
36.400000000000034; 2.2208152732462475e-08
36.50000000000003; 2.5426460977574078e-08
36.60000000000003; 2.9069799469760575e-08
36.70000000000003; 3.3188593741873787e-08
36.80000000000003; 3.7838533226797716e-08
36.900000000000034; 4.3081039154593336e-08
37.00000000000003; 4.898376580420389e-08
37.10000000000003; 5.562113676031509e-08
37.20000000000003; 6.307491785196321e-08
37.30000000000003; 7.14348284715525e-08
37.400000000000034; 8.07991929912368e-08
37.500000000000036; 9.127563400750793e-08
37.60000000000003; 1.0298180915460989e-07
37.70000000000003; 1.1604619323186315e-07
37.80000000000003; 1.3060890739025466e-07
37.900000000000034; 1.4682259711806208e-07
38.000000000000036; 1.648533607548825e-07
38.10000000000003; 1.848817302471667e-07
38.20000000000003; 2.0710370583643205e-07
38.30000000000003; 2.317318463437523e-07
38.400000000000034; 2.589964166800389e-07
38.500000000000036; 2.8914659417230937e-07
38.60000000000004; 3.224517352493138e-07
38.70000000000003; 3.592027039785649e-07
38.80000000000003; 3.9971326388695144e-07
38.900000000000034; 4.4432153443336694e-07
39.000000000000036; 4.933915134295078e-07
39.10000000000004; 5.473146666280941e-07
39.20000000000003; 6.065115856131095e-07
39.30000000000003; 6.714337150377925e-07
39.400000000000034; 7.42565150158453e-07
39.500000000000036; 8.2042450551164e-07
39.60000000000004; 9.055668554734385e-07
39.70000000000003; 9.985857473259759e-07
39.80000000000003; 1.1001152873388495e-06
39.900000000000034; 1.210832300246844e-06
40.000000000000036; 1.3314576361596673e-06
40.10000000000004; 1.462689489951826e-06
40.20000000000003; 1.6054055176299925e-06
40.30000000000003; 1.7604750657285227e-06
40.400000000000034; 1.928821992298509e-06
40.500000000000036; 2.1114272623960983e-06
40.60000000000004; 2.3093316158511077e-06
40.70000000000004; 2.5236383065784516e-06
40.80000000000003; 2.755515912544589e-06
40.900000000000034; 3.0062012153366172e-06
41.000000000000036; 3.27700214813052e-06
41.10000000000004; 3.5693008106889415e-06
41.20000000000004; 3.8845565498592885e-06
41.30000000000003; 4.224309103885676e-06
41.400000000000034; 4.5901818086830344e-06
41.500000000000036; 4.983884864061179e-06
41.60000000000004; 5.407218657735746e-06
41.70000000000004; 5.862077144790032e-06
41.80000000000004; 6.350451280112153e-06
41.900000000000034; 6.8744325011696554e-06
42.000000000000036; 7.436216258329551e-06
42.10000000000004; 8.038105589796755e-06
42.20000000000004; 8.682514738088002e-06
42.30000000000004; 9.371972804818365e-06
42.400000000000034; 1.0109127440459953e-05
42.500000000000036; 1.089674856556587e-05
42.60000000000004; 1.1737732119869308e-05
42.70000000000004; 1.263510383551243e-05
42.80000000000004; 1.3592023030557941e-05
42.900000000000034; 1.461178641883742e-05
43.000000000000036; 1.5697831932063944e-05
43.10000000000004; 1.685374255006658e-05
43.20000000000004; 1.808325013489445e-05
43.30000000000004; 1.9390239264468527e-05
43.400000000000034; 2.077875106138105e-05
43.500000000000036; 2.225298701236669e-05
43.60000000000004; 2.3817312773933044e-05
43.70000000000004; 2.5476261959556106e-05
43.80000000000004; 2.723453990382107e-05
43.90000000000004; 2.9097027398849153e-05
44.000000000000036; 3.1068784398335844e-05
44.10000000000004; 3.315505368446705e-05
44.20000000000004; 3.5361264493011825e-05
44.30000000000004; 3.769303609188006e-05
44.40000000000004; 4.015618130840305e-05
44.500000000000036; 4.2756710000646785e-05
44.60000000000004; 4.550083246808592e-05
44.70000000000004; 4.839496279697109e-05
44.80000000000004; 5.144572213577441e-05
44.90000000000004; 5.465994189615864e-05
45.00000000000004; 5.8044666874939285e-05
45.10000000000004; 6.160715829259908e-05
45.20000000000004; 6.535489674394547e-05
45.30000000000004; 6.929558505663613e-05
45.40000000000004; 7.34371510533047e-05
45.50000000000004; 7.778775021317463e-05
45.60000000000004; 8.235576822913052e-05
45.70000000000004; 8.714982345628007e-05
45.80000000000004; 9.217876924817278e-05
45.90000000000004; 9.745169617703987e-05
46.00000000000004; 0.0001029779341343319
46.10000000000004; 0.00010876705430823265
46.20000000000004; 0.00011482887103470582
46.30000000000004; 0.00012117344351894547
46.40000000000004; 0.00012781107742412522
46.50000000000004; 0.00013475232632458644
46.60000000000004; 0.00014200799302068108
46.70000000000004; 0.0001495891307126717
46.80000000000004; 0.00015750704403121485
46.90000000000004; 0.00016577328992217955
47.00000000000004; 0.0001743996783836442
47.100000000000044; 0.00018339827305315223
47.20000000000004; 0.00019278139164333698
47.30000000000004; 0.00020256160622445567
47.40000000000004; 0.00021275174335218513
47.50000000000004; 0.00022336488403953676
47.600000000000044; 0.00023441436357177217
47.70000000000004; 0.00024591377116325245
47.80000000000004; 0.00025787694945566414
47.90000000000004; 0.00027031799385684725
48.00000000000004; 0.00028325125171991617
48.100000000000044; 0.0002966913213623401
48.200000000000045; 0.000310653050925068
48.30000000000004; 0.00032515153707161627
48.40000000000004; 0.0003402021235274723
48.50000000000004; 0.00035582039946023796
48.600000000000044; 0.00037202219770113753
48.700000000000045; 0.00038882359280861383
48.80000000000004; 0.000406240898974951
48.90000000000004; 0.00042429066777698303
49.00000000000004; 0.00044298968577212894
49.100000000000044; 0.0004623549719412824
49.200000000000045; 0.00048240377497975367
49.30000000000004; 0.0005031535704383862
49.40000000000004; 0.000524622057716356
49.50000000000004; 0.0005468271569075827
49.600000000000044; 0.0005697870055033338
49.700000000000045; 0.0005935199549524548
49.80000000000004; 0.000618044567082414
49.90000000000004; 0.0006433796103830909
50.00000000000004; 0.0006695440561559343
50.100000000000044; 0.0006965670193681359
50.200000000000045; 0.0007244586884030524
50.30000000000005; 0.0007532385377367446
50.40000000000004; 0.0007829263341253098
50.50000000000004; 0.0008135420264689654
50.600000000000044; 0.0008451057412145202
50.700000000000045; 0.0008776377776442026
50.80000000000005; 0.0009111586030542047
50.90000000000004; 0.0009456888478264145
51.00000000000004; 0.0009812493003967591
51.100000000000044; 0.0010178609021238082
51.200000000000045; 0.001055544742061302
51.30000000000005; 0.001094322051638191
51.40000000000005; 0.0011342141992502692
51.50000000000004; 0.0011752426847664893
51.600000000000044; 0.0012174291339548185
51.700000000000045; 0.001260795292830546
51.80000000000005; 0.0013053630219315143
51.90000000000005; 0.0013511542905241792
52.00000000000004; 0.0013981911707439672
52.100000000000044; 0.0014464958316747476
52.200000000000045; 0.0014960905333706392
52.30000000000005; 0.0015469976208244932
52.40000000000005; 0.0015992395178871124
52.50000000000004; 0.001652838721141151
52.600000000000044; 0.0017078177937334326
52.700000000000045; 0.0017641993591700402
52.80000000000005; 0.001822006095078375
52.90000000000005; 0.0018812607269392382
53.00000000000004; 0.001941986021793841
53.100000000000044; 0.0020042047819292504
53.200000000000045; 0.002067939838546157
53.30000000000005; 0.002133214045412933
53.40000000000005; 0.0022000502725097776
53.50000000000005; 0.0022684713996667357
53.600000000000044; 0.002338500310199705
53.700000000000045; 0.0024101598845470656
53.80000000000005; 0.0024834729939122824
53.90000000000005; 0.002558462493914637
54.00000000000005; 0.002635151218252508
54.100000000000044; 0.002713561972382056
54.200000000000045; 0.0027937175272159283
54.30000000000005; 0.0028756406128438647
54.40000000000005; 0.0029593539122797475
54.50000000000005; 0.0030448800552382517
54.60000000000005; 0.003132241611943215
54.700000000000045; 0.0032214610869727715
54.80000000000005; 0.003312560913142705
54.90000000000005; 0.0034055634454315687
55.00000000000005; 0.0035004909549514155
55.10000000000005; 0.0035973656229649742
55.200000000000045; 0.0036962095349545596
55.30000000000005; 0.003797044674743777
55.40000000000005; 0.003899892918674632
55.50000000000005; 0.004004776029844219
55.60000000000005; 0.004111715652401827
55.700000000000045; 0.004220733305909316
55.80000000000005; 0.004331850379767755
55.90000000000005; 0.004445088127712287
56.00000000000005; 0.004560467662376505
56.10000000000005; 0.004678009949930712
56.200000000000045; 0.004797735804792811
56.30000000000005; 0.004919665884417597
56.40000000000005; 0.005043820684162735
56.50000000000005; 0.005170220532236061
56.60000000000005; 0.005298885584723914
56.70000000000005; 0.005429835820704029
56.80000000000005; 0.005563091037442451
56.90000000000005; 0.005698670845677145
57.00000000000005; 0.005836594664990866
57.10000000000005; 0.005976881719271939
57.20000000000005; 0.006119551032265857
57.30000000000005; 0.00626462142321985
57.40000000000005; 0.006412111502618842
57.50000000000005; 0.006562039668015538
57.60000000000005; 0.00671442409995716
57.70000000000005; 0.006869282758005161
57.800000000000054; 0.007026633376853775
57.90000000000005; 0.0071864934625450955
58.00000000000005; 0.007348880288781181
58.10000000000005; 0.007513810893337029
58.20000000000005; 0.007681302074570015
58.300000000000054; 0.007851370388030594
58.40000000000005; 0.008024032143172903
58.50000000000005; 0.008199303400164983
58.60000000000005; 0.008377199966799184
58.70000000000005; 0.008557737395505631
58.800000000000054; 0.008740930980463024
58.90000000000005; 0.008926795754813947
59.00000000000005; 0.009115346487978392
59.10000000000005; 0.00930659768307027
59.20000000000005; 0.009500563574413527
59.300000000000054; 0.00969725812515966
59.40000000000005; 0.009896695025004927
59.50000000000005; 0.010098887688009024
59.60000000000005; 0.010303849250512729
59.70000000000005; 0.010511592569155213
59.800000000000054; 0.010722130218991075
59.900000000000055; 0.010935474491706298
60.00000000000005; 0.011151637393930129
60.10000000000005; 0.011370590707771196
60.20000000000005; 0.011592384692585974
60.300000000000054; 0.011817030471760873
60.400000000000055; 0.012044538873745646
60.50000000000005; 0.012274920434609581
60.60000000000005; 0.012508185396936409
60.70000000000005; 0.01274434370881503
60.800000000000054; 0.012983405022921616
60.900000000000055; 0.01322537869569573
61.00000000000006; 0.013470273786606195
61.10000000000005; 0.013718099057508036
61.20000000000005; 0.013968862972089071
61.300000000000054; 0.014222573695404778
61.400000000000055; 0.014479239093499461
61.50000000000006; 0.014738866733116918
61.60000000000005; 0.015001463881492545
61.70000000000005; 0.0152670375062322
61.800000000000054; 0.015535594275273411
61.900000000000055; 0.015807140556930367
62.00000000000006; 0.01608168242001515
62.10000000000005; 0.016359225634044735
62.20000000000005; 0.01663977566952212
62.300000000000054; 0.016923337698295744
62.400000000000055; 0.017209916593997253
62.50000000000006; 0.01749951693254992
62.60000000000005; 0.017792142992755618
62.70000000000005; 0.01808779875694999
62.800000000000054; 0.01838648791173068
62.900000000000055; 0.01868821384875657
63.00000000000006; 0.01899297966561187
63.10000000000006; 0.01930078816674172
63.20000000000005; 0.019611641864450673
63.300000000000054; 0.019925542979966945
63.400000000000055; 0.02024249344457103
63.50000000000006; 0.02056249490078451
63.60000000000006; 0.02088554870361936
63.70000000000005; 0.021211655921889852
63.800000000000054; 0.021540817339578675
63.900000000000055; 0.02187303345726102
64.00000000000006; 0.022208304493586392
64.10000000000005; 0.02254663038681056
64.20000000000006; 0.02288801079638244
64.30000000000005; 0.023232445104583718
64.40000000000006; 0.02357993241821553
64.50000000000006; 0.023930471570335444
64.60000000000005; 0.024284061122043364
64.70000000000006; 0.024640699364310167
64.80000000000005; 0.025000384319854452
64.90000000000006; 0.025363113745062855
65.00000000000006; 0.025728885131947498
65.10000000000005; 0.02609769571015348
65.20000000000006; 0.02646954244899672
65.30000000000005; 0.026844422059546385
65.40000000000006; 0.02722233099674389
65.50000000000006; 0.027603265461553454
65.60000000000005; 0.027987221403153545
65.70000000000006; 0.028374194521158237
65.80000000000005; 0.028764180267869623
65.90000000000006; 0.029157173850564842
66.00000000000006; 0.02955317023381194
66.10000000000005; 0.02995216414181102
66.20000000000006; 0.030354150060768234
66.30000000000005; 0.030759122241292233
66.40000000000006; 0.031167074700817428
66.50000000000006; 0.03157800122605016
66.60000000000005; 0.031991895375439366
66.70000000000006; 0.032408750481669066
66.80000000000005; 0.032828559654168366
66.90000000000006; 0.03325131578164685
67.00000000000006; 0.03367701153464074
67.10000000000007; 0.03410563936808686
67.20000000000006; 0.034537191523901146
67.30000000000005; 0.03497166003358431
67.40000000000006; 0.03540903672083151
67.50000000000006; 0.03584931320416461
67.60000000000007; 0.03629248089956939
67.70000000000006; 0.03673853102314864
67.80000000000005; 0.037187454593784953
67.90000000000006; 0.037639242435813375
68.00000000000006; 0.03809388518170011
68.10000000000007; 0.038551373274732625
68.20000000000006; 0.03901169697171504
68.30000000000005; 0.039474846345668585
68.40000000000006; 0.039940811288539366
68.50000000000006; 0.04040958151390867
68.60000000000007; 0.040881146559707426
68.70000000000006; 0.04135549579093292
68.80000000000005; 0.041832618402367815
68.90000000000006; 0.042312503421301224
69.00000000000006; 0.04279513971024717
69.10000000000007; 0.043280515969665465
69.20000000000006; 0.04376862074068064
69.30000000000005; 0.04425944240779922
69.40000000000006; 0.04475296920162145
69.50000000000006; 0.045249189201555164
69.60000000000007; 0.04574809033852164
69.70000000000006; 0.04624966039765812
69.80000000000007; 0.04675388702101424
69.90000000000006; 0.04726075771024443
70.00000000000006; 0.047770259829291985
70.10000000000007; 0.04828238060706606
70.20000000000006; 0.04879710714011358
70.30000000000007; 0.04931442639527976
70.40000000000006; 0.04983432521235938
70.50000000000006; 0.05035679030674417
70.60000000000007; 0.05088180827205235
70.70000000000006; 0.051409365582756675
70.80000000000007; 0.051939448596790574
70.90000000000006; 0.052472043558155726
71.00000000000006; 0.05300713659950655
71.10000000000007; 0.053544713744729806
71.20000000000006; 0.05408476091150762
71.30000000000007; 0.054627263913868795
71.40000000000006; 0.05517220846472516
71.50000000000006; 0.055719580178397295
71.60000000000007; 0.05626936457312155
71.70000000000006; 0.056821547073545704
71.80000000000007; 0.05737611301320746
71.90000000000006; 0.05793304763699734
72.00000000000006; 0.058492336103607455
72.10000000000007; 0.05905396348796483
72.20000000000006; 0.05961791478364319
72.30000000000007; 0.06018417490526519
72.40000000000006; 0.06075272869087896
72.50000000000006; 0.06132356090432917
72.60000000000007; 0.06189665623759563
72.70000000000006; 0.06247199931312894
72.80000000000007; 0.06304957468615613
72.90000000000006; 0.06362936684697486
73.00000000000006; 0.0642113602232269
73.10000000000007; 0.06479553918215128
73.20000000000006; 0.06538188803282317
73.30000000000007; 0.06597039102836656
73.40000000000006; 0.06656103236815501
73.50000000000007; 0.06715379619998672
73.60000000000007; 0.06774866662224169
73.70000000000006; 0.068345627686023
73.80000000000007; 0.068944663397271
73.90000000000006; 0.06954575771886391
74.00000000000007; 0.07014889457269366
74.10000000000007; 0.07075405784172131
74.20000000000006; 0.07136123137201714
74.30000000000007; 0.07197039897477255
74.40000000000006; 0.07258154442829863
74.50000000000007; 0.07319465147999622
74.60000000000007; 0.07380970384831259
74.70000000000006; 0.07442668522467276
74.80000000000007; 0.07504557927538774
74.90000000000006; 0.07566636964354827
75.00000000000007; 0.07628903995089299
75.10000000000007; 0.0769135737996538
75.20000000000006; 0.07753995477438494
75.30000000000007; 0.07816816644376516
75.40000000000006; 0.07879819236238436
75.50000000000007; 0.07943001607250477
75.60000000000007; 0.08006362110580144
75.70000000000006; 0.0806989909850822
75.80000000000007; 0.08133610922598827
75.90000000000006; 0.08197495933866594
76.00000000000007; 0.082615524829431
76.10000000000007; 0.08325778920239243
76.20000000000007; 0.08390173596107627
76.30000000000007; 0.08454734861000818
76.40000000000006; 0.08519461065629266
76.50000000000007; 0.08584350561115589
76.60000000000007; 0.08649401699147674
76.70000000000007; 0.08714612832129535
76.80000000000007; 0.08779982313329703
76.90000000000006; 0.08845508497027993
77.00000000000007; 0.08911189738659898
77.10000000000007; 0.08977024394958519
77.20000000000007; 0.09043010824095639
77.30000000000007; 0.09109147385819415
77.40000000000006; 0.09175432441590393
77.50000000000007; 0.09241864354716273
77.60000000000007; 0.09308441490483096
77.70000000000007; 0.09375162216286137
77.80000000000007; 0.0944202490175715
77.90000000000006; 0.09509027918890876
78.00000000000007; 0.09576169642168662
78.10000000000007; 0.09643448448680816
78.20000000000007; 0.09710862718246088
78.30000000000007; 0.09778410833530139
78.40000000000006; 0.09846091180161433
78.50000000000007; 0.09913902146845248
78.60000000000007; 0.09981842125475969
78.70000000000007; 0.10049909511247147
78.80000000000007; 0.10118102702760182
78.90000000000006; 0.10186420102130084
79.00000000000007; 0.10254860115090707
79.10000000000007; 0.10323421151096944
79.20000000000007; 0.10392101623425606
79.30000000000007; 0.10460899949274262
79.40000000000006; 0.10529814549858543
79.50000000000007; 0.10598843850507214
79.60000000000007; 0.10667986280755488
79.70000000000007; 0.10737240274437107
79.80000000000007; 0.10806604269773777
79.90000000000008; 0.10876076709463177
80.00000000000007; 0.10945656040766012
80.10000000000007; 0.11015358777789745
80.20000000000007; 0.11085165655079009
80.30000000000007; 0.11155074867539702
80.40000000000008; 0.11225084879576247
80.50000000000007; 0.11295194160541988
80.60000000000007; 0.11365401184815416
80.70000000000007; 0.11435704431875142
80.80000000000007; 0.11506102386372535
80.90000000000008; 0.11576593538203458
81.00000000000007; 0.11647176382577779
81.10000000000007; 0.11717849420087569
81.20000000000007; 0.11788611156774077
81.30000000000007; 0.11859460104192385
81.40000000000008; 0.11930394779474982
81.50000000000007; 0.12001413705394298
81.60000000000007; 0.1207251541042236
81.70000000000007; 0.12143698428790226
81.80000000000007; 0.12214961300545359
81.90000000000008; 0.12286302571608024
82.00000000000007; 0.12357720793825111
82.10000000000007; 0.12429214525023843
82.20000000000007; 0.12500782329063573
82.30000000000007; 0.12572422775885417
82.40000000000008; 0.12644134441562022
82.50000000000007; 0.12715915908344388
82.60000000000008; 0.12787765764708578
82.70000000000007; 0.12859682605400238
82.80000000000007; 0.12931665031478254
82.90000000000008; 0.13003711650356742
83.00000000000007; 0.13075821075846164
83.10000000000008; 0.13147991928193137
83.20000000000007; 0.13220222834118123
83.30000000000007; 0.1329251242685323
83.40000000000008; 0.1336485934617744
83.50000000000007; 0.13437262238451805
83.60000000000008; 0.1350971975665258
83.70000000000007; 0.1358223056040354
83.80000000000007; 0.136547933160068
83.90000000000008; 0.1372740669647312
84.00000000000007; 0.13800069381550406
84.10000000000008; 0.138727800577513
84.20000000000007; 0.13945537418379708
84.30000000000007; 0.14018340163556528
84.40000000000008; 0.1409118700024327
84.50000000000007; 0.14164076642265824
84.60000000000008; 0.14237007810336635
84.70000000000007; 0.14309979232075598
84.80000000000007; 0.14382989642030172
84.90000000000008; 0.1445603778169459
85.00000000000007; 0.14529122399527758
85.10000000000008; 0.1460224225097097
85.20000000000007; 0.14675396098462776
85.30000000000007; 0.14748582711455538
85.40000000000008; 0.14821800866428644
85.50000000000007; 0.14895049346902117
85.60000000000008; 0.14968326943449414
85.70000000000007; 0.15041632453707918
85.80000000000007; 0.15114964682390308
85.90000000000008; 0.1518832244129392
86.00000000000007; 0.15261704549309713
86.10000000000008; 0.15335109832429963
86.20000000000007; 0.15408537123755695
86.30000000000008; 0.1548198526350269
86.40000000000008; 0.15555453099007377
86.50000000000007; 0.15628939484730964
86.60000000000008; 0.15702443282263753
86.70000000000007; 0.15775963360328202
86.80000000000008; 0.1584949859478125
86.90000000000008; 0.15923047868615547
87.00000000000007; 0.15996610071961023
87.10000000000008; 0.1607018410208447
87.20000000000007; 0.16143768863389346
87.30000000000008; 0.16217363267414162
87.40000000000008; 0.16290966232830578
87.50000000000007; 0.16364576685441093
87.60000000000008; 0.16438193558175418
87.70000000000007; 0.16511815791086287
87.80000000000008; 0.16585442331345443
87.90000000000008; 0.16659072133238054
88.00000000000007; 0.16732704158156647
88.10000000000008; 0.16806337374595198
88.20000000000007; 0.16879970758141385
88.30000000000008; 0.1695360329146922
88.40000000000008; 0.17027233964331218
88.50000000000007; 0.17100861773548662
88.60000000000008; 0.171744857230032
88.70000000000007; 0.17248104823626179
88.80000000000008; 0.17321718093388744
88.90000000000008; 0.17395324557290226
89.00000000000009; 0.17468923247347537
89.10000000000008; 0.17542513202582136
89.20000000000007; 0.17616093469008579
89.30000000000008; 0.17689663099620612
89.40000000000008; 0.17763221154378225
89.50000000000009; 0.17836766700193712
89.60000000000008; 0.17910298810917002
89.70000000000007; 0.1798381656732118
89.80000000000008; 0.18057319057086976
89.90000000000008; 0.18130805374786985
90.00000000000009; 0.18204274621870142
90.10000000000008; 0.18277725906644066
90.20000000000007; 0.18351158344259508
90.30000000000008; 0.18424571056691663
90.40000000000008; 0.18497963172723528
90.50000000000009; 0.18571333827927228
90.60000000000008; 0.1864468216464573
90.70000000000007; 0.18718007331974
90.80000000000008; 0.18791308485739858
90.90000000000008; 0.18864584788484184
91.00000000000009; 0.18937835409441822
91.10000000000008; 0.19011059524520324
91.20000000000007; 0.1908425631628042
91.30000000000008; 0.1915742497391472
91.40000000000008; 0.19230564693226457
91.50000000000009; 0.19303674676608484
91.60000000000008; 0.19376754133021404
91.70000000000007; 0.19449802277971479
91.80000000000008; 0.1952281833348853
91.90000000000008; 0.19595801528103074
92.00000000000009; 0.1966875109682415
92.10000000000008; 0.19741666281115572
92.20000000000007; 0.19814546328873303
92.30000000000008; 0.19887390494401258
92.40000000000008; 0.19960198038388172
92.50000000000009; 0.20032968227883194
92.60000000000008; 0.20105700336271817
92.70000000000009; 0.20178393643251386
92.80000000000008; 0.20251047434806504
92.90000000000008; 0.20323661003184232
93.00000000000009; 0.20396233646869033
93.10000000000008; 0.20468764670557693
93.20000000000009; 0.20541253385133568
93.30000000000008; 0.20613699107641223
93.40000000000008; 0.20686101161260834
93.50000000000009; 0.20758458875281996
93.60000000000008; 0.20830771585077787
93.70000000000009; 0.20903038632078444
93.80000000000008; 0.20975259363745277
93.90000000000008; 0.2104743313354354
94.00000000000009; 0.2111955930091652
94.10000000000008; 0.21191637231258129
94.20000000000009; 0.21263666295886477
94.30000000000008; 0.21335645872016165
94.40000000000008; 0.21407575342731772
94.50000000000009; 0.21479454096960554
94.60000000000008; 0.21551281529444258
94.70000000000009; 0.2162305704071293
94.80000000000008; 0.2169478003705593
94.90000000000008; 0.21766449930495457
95.00000000000009; 0.21838066138757825
95.10000000000008; 0.2190962808524652
95.20000000000009; 0.21981135199013208
95.30000000000008; 0.2205258691473097
95.40000000000009; 0.22123982672664988
95.50000000000009; 0.22195321918645117
95.60000000000008; 0.222666041040376
95.70000000000009; 0.2233782868571666
95.80000000000008; 0.2240899512603623
95.90000000000009; 0.22480102892801615
96.00000000000009; 0.22551151459240712
96.10000000000008; 0.22622140303976082
96.20000000000009; 0.226930689109963
96.30000000000008; 0.22763936769626972
96.40000000000009; 0.22834743374502559
96.50000000000009; 0.22905488225537995
96.60000000000008; 0.2297617082789916
96.70000000000009; 0.23046790691975377
96.80000000000008; 0.2311734733334981
96.90000000000009; 0.23187840272771076
97.00000000000009; 0.23258269036124807
97.10000000000008; 0.23328633154404366
97.20000000000009; 0.23398932163682845
97.30000000000008; 0.23469165605083558
97.40000000000009; 0.23539333024752057
97.50000000000009; 0.23609433973826907
97.60000000000008; 0.23679468008410842
97.70000000000009; 0.23749434689542934
97.80000000000008; 0.2381933358316871
97.90000000000009; 0.2388916426011235
98.00000000000009; 0.23958926296047686
98.10000000000008; 0.24028619271469623
98.20000000000009; 0.24098242771665332
98.30000000000008; 0.24167796386685822
98.40000000000009; 0.2423727971131763
98.50000000000009; 0.24306692345053524
98.60000000000008; 0.24376033892064825
98.70000000000009; 0.244453039611725
98.80000000000008; 0.24514502165818647
98.90000000000009; 0.24583628124038212
99.00000000000009; 0.24652681458430695
99.1000000000001; 0.24721661796132005
99.20000000000009; 0.24790568768785537
99.30000000000008; 0.24859402012514853
99.40000000000009; 0.24928161167894422
99.50000000000009; 0.24996845879922544
99.6000000000001; 0.2506545579799265
99.70000000000009; 0.2513399057586559
99.80000000000008; 0.25202449871641475
99.90000000000009; 0.25270833347731664
100.00000000000009; 0.2533914017598774
100.1000000000001; 0.2540735159666942
100.20000000000009; 0.25475486231971384
100.30000000000008; 0.25543543757899007
100.40000000000009; 0.2561152385465607
100.50000000000009; 0.25679426206617256
100.6000000000001; 0.2574725050230032
100.70000000000009; 0.2581499643433948
100.80000000000008; 0.2588266369945808
100.90000000000009; 0.25950251998440915
101.00000000000009; 0.2601776103610813
101.1000000000001; 0.26085190521287205
101.20000000000009; 0.2615254016678663
101.30000000000008; 0.2621980968936917
101.40000000000009; 0.26286998809724604
101.50000000000009; 0.26354107252443515
101.6000000000001; 0.2642113474599046
101.70000000000009; 0.26488081022677457
101.8000000000001; 0.26554945818637415
101.90000000000009; 0.2662172887379832
102.00000000000009; 0.2668842993185601
102.1000000000001; 0.26755048740249077
102.20000000000009; 0.2682158505013193
102.3000000000001; 0.2688803861634916
102.40000000000009; 0.26954409197409457
102.50000000000009; 0.270206965554599
102.6000000000001; 0.27086900456260027
102.70000000000009; 0.27153020669156674
102.8000000000001; 0.27219056967057664
102.90000000000009; 0.27285009126406623
103.00000000000009; 0.27350876927158296
103.1000000000001; 0.27416660152751904
103.20000000000009; 0.2748235859008719
103.3000000000001; 0.275479720294987
103.40000000000009; 0.27613500264730995
103.50000000000009; 0.2767894309291354
103.6000000000001; 0.27744300314536346
103.70000000000009; 0.2780957173342479
103.8000000000001; 0.2787475715671524
103.90000000000009; 0.27939856394830487
104.00000000000009; 0.280048692614555
104.1000000000001; 0.2806979557351295
104.20000000000009; 0.2813463515113922
104.3000000000001; 0.28199387817660027
104.40000000000009; 0.28264053399566574
104.50000000000009; 0.283286317264921
104.6000000000001; 0.28393122631186984
104.70000000000009; 0.284575259494966
104.8000000000001; 0.285218415203361
104.90000000000009; 0.28586069185668544
105.00000000000009; 0.2865020879048013
105.1000000000001; 0.2871426018275821
105.20000000000009; 0.2877822321346697
105.3000000000001; 0.2884209773652527
105.40000000000009; 0.2890588360878336
105.5000000000001; 0.2896958069000016
105.6000000000001; 0.29033188842820323
105.70000000000009; 0.2909670793275203
105.8000000000001; 0.29160137828143906
105.90000000000009; 0.2922347840016347
106.0000000000001; 0.29286729522773897
106.1000000000001; 0.29349891072712714
106.20000000000009; 0.29412962929469233
106.3000000000001; 0.29475944975262597
106.40000000000009; 0.29538837095020304
106.5000000000001; 0.29601639176356137
106.6000000000001; 0.29664351109548515
106.70000000000009; 0.2972697278751935
106.8000000000001; 0.29789504105812525
106.90000000000009; 0.29851944962572047
107.0000000000001; 0.2991429525852189
107.1000000000001; 0.29976554896944047
107.20000000000009; 0.30038723783658033
107.3000000000001; 0.30100801826999685
107.40000000000009; 0.3016278893780108
107.5000000000001; 0.3022468502936897
107.6000000000001; 0.3028649001746538
107.70000000000009; 0.30348203820286007
107.8000000000001; 0.3040982635844109
107.90000000000009; 0.3047135755493426
108.0000000000001; 0.30532797335143275
108.1000000000001; 0.30594145626799235
108.2000000000001; 0.306554023599676
108.3000000000001; 0.30716567467027844
108.40000000000009; 0.3077764088265401
108.5000000000001; 0.30838622543795313
108.6000000000001; 0.3089951238965661
108.7000000000001; 0.30960310361678983
108.8000000000001; 0.3102101640352088
108.90000000000009; 0.31081630461038906
109.0000000000001; 0.31142152482268526
109.1000000000001; 0.3120258241740569
109.2000000000001; 0.31262920218788126
109.3000000000001; 0.31323165840875977
109.40000000000009; 0.3138331924023411
109.5000000000001; 0.3144338037551331
109.6000000000001; 0.31503349207431985
109.7000000000001; 0.31563225698758124
109.8000000000001; 0.3162300981429092
109.90000000000009; 0.31682701520843004
110.0000000000001; 0.31742300787222627
110.1000000000001; 0.3180180758421562
110.2000000000001; 0.31861221884567975
110.3000000000001; 0.3192054366296833
110.40000000000009; 0.31979772896030123
110.5000000000001; 0.32038909562274964
110.6000000000001; 0.3209795364211472
110.7000000000001; 0.3215690511783456
110.8000000000001; 0.3221576397357625
110.90000000000009; 0.322745301953209
111.0000000000001; 0.32333203770872243
111.1000000000001; 0.32391784689840136
111.2000000000001; 0.3245027294362373
111.3000000000001; 0.32508668525394885
111.40000000000009; 0.32566971430082065
111.5000000000001; 0.32625181654353946
111.6000000000001; 0.32683299196602994
111.7000000000001; 0.32741324056930016
111.8000000000001; 0.32799256237127444
111.9000000000001; 0.3285709574066382
112.0000000000001; 0.32914842572668085
112.1000000000001; 0.32972496739913987
112.2000000000001; 0.3303005825080395
112.3000000000001; 0.33087527115354387
112.4000000000001; 0.33144903345179744
112.5000000000001; 0.33202186953477686
112.6000000000001; 0.332593779550135
112.7000000000001; 0.33316476366105297
112.8000000000001; 0.3337348220460906
112.9000000000001; 0.3343039548990367
113.0000000000001; 0.33487216242876233
113.1000000000001; 0.3354394448590712
113.2000000000001; 0.33600580242856226
113.3000000000001; 0.33657123539047373
113.4000000000001; 0.33713574401254714
113.5000000000001; 0.33769932857688284
113.6000000000001; 0.3382619893797958
113.7000000000001; 0.3388237267316797
113.8000000000001; 0.3393845409568616
113.9000000000001; 0.3399444323934653
114.0000000000001; 0.3405034013932772
114.1000000000001; 0.3410614483216019
114.2000000000001; 0.3416185735571312
114.3000000000001; 0.3421747774918077
114.4000000000001; 0.3427300605306915
114.5000000000001; 0.3432844230918261
114.60000000000011; 0.34383786560610513
114.7000000000001; 0.34439038851714093
114.8000000000001; 0.34494199228113737
114.9000000000001; 0.34549267736675787
115.0000000000001; 0.3460424442549952
115.10000000000011; 0.346591293439046
115.2000000000001; 0.34713922542418274
115.3000000000001; 0.34768624072762927
115.4000000000001; 0.3482323398784346
115.5000000000001; 0.3487775234173483
115.60000000000011; 0.3493217918966982
115.7000000000001; 0.34986514588026896
115.8000000000001; 0.35040758594317517
115.9000000000001; 0.350949112671751
116.0000000000001; 0.35148972666341766
116.10000000000011; 0.35202942852657515
116.2000000000001; 0.3525682188804799
116.3000000000001; 0.3531060983551252
116.4000000000001; 0.35364306759112807
116.5000000000001; 0.3541791272396162
116.60000000000011; 0.354714277962107
116.7000000000001; 0.35524852043039645
116.8000000000001; 0.35578185532644924
116.9000000000001; 0.35631428334228177
117.0000000000001; 0.35684580517985554
117.10000000000011; 0.35737642155096
117.2000000000001; 0.3579061331771108
117.3000000000001; 0.35843494078943666
117.4000000000001; 0.35896284512856996
117.5000000000001; 0.35948984694454295
117.60000000000011; 0.3600159469966781
117.7000000000001; 0.3605411460534865
117.8000000000001; 0.3610654448925583
117.9000000000001; 0.361588844300461
118.0000000000001; 0.3621113450726377
118.10000000000011; 0.36263294801330076
118.2000000000001; 0.3631536539353342
118.30000000000011; 0.3636734636601895
118.4000000000001; 0.3641923780177853
118.5000000000001; 0.3647103978464128
118.60000000000011; 0.36522752399263153
118.7000000000001; 0.3657437573111731
118.80000000000011; 0.36625909866484413
118.9000000000001; 0.3667735489244317
119.0000000000001; 0.36728710896860595
119.10000000000011; 0.3677997796838232
119.2000000000001; 0.36831156196423703
119.30000000000011; 0.36882245671159736
119.4000000000001; 0.36933246483516585
119.5000000000001; 0.3698415872516166
119.60000000000011; 0.37034982488495183
119.7000000000001; 0.37085717866640494
119.80000000000011; 0.3713636495343532
119.9000000000001; 0.3718692384342286
120.0000000000001; 0.3723739463184311
120.10000000000011; 0.372877774146238
120.2000000000001; 0.37338072288371627
120.30000000000011; 0.37388279350364123
120.4000000000001; 0.3743839869854025
120.5000000000001; 0.3748843043149297
120.60000000000011; 0.3753837464845974
120.7000000000001; 0.3758823144931468
120.80000000000011; 0.3763800093456052
120.9000000000001; 0.3768768320531957
121.00000000000011; 0.3773727836332657
121.10000000000011; 0.37786786510919357
121.2000000000001; 0.3783620775103222
121.30000000000011; 0.3788554218718668
121.4000000000001; 0.3793478992348427
121.50000000000011; 0.37983951064598476
121.60000000000011; 0.380330257157672
121.7000000000001; 0.38082013982784496
121.80000000000011; 0.3813091597199357
121.9000000000001; 0.3817973179027857
122.00000000000011; 0.38228461545057474
122.10000000000011; 0.3827710534427451
122.2000000000001; 0.3832566329639259
122.30000000000011; 0.38374135510386237
122.4000000000001; 0.3842252209573393
122.50000000000011; 0.38470823162411366
122.60000000000011; 0.38519038820883755
122.7000000000001; 0.3856716918209895
122.80000000000011; 0.3861521435748052
122.9000000000001; 0.3866317445892064
123.00000000000011; 0.3871104959877309
123.10000000000011; 0.38758839889846475
123.2000000000001; 0.38806545445397106
123.30000000000011; 0.38854166379122795
123.4000000000001; 0.3890170280515587
123.50000000000011; 0.38949154838056127
123.60000000000011; 0.38996522592804883
123.7000000000001; 0.3904380618479818
123.80000000000011; 0.3909100572984017
123.9000000000001; 0.3913812134413662
124.00000000000011; 0.39185153144288953
124.10000000000011; 0.3923210124728759
124.2000000000001; 0.39278965770505686
124.30000000000011; 0.39325746831693087
124.4000000000001; 0.39372444548970026
124.50000000000011; 0.39419059040821
124.60000000000011; 0.3946559042608879
124.70000000000012; 0.39512038823968554
124.80000000000011; 0.39558404354001664
124.9000000000001; 0.39604687136069683
125.00000000000011; 0.39650887290389136
125.10000000000011; 0.3969700493750495
125.20000000000012; 0.3974304019828521
125.30000000000011; 0.3978899319391515
125.4000000000001; 0.398348640458919
125.50000000000011; 0.39880652876018263
125.60000000000011; 0.39926359806397776
125.70000000000012; 0.3997198495942898
125.80000000000011; 0.400175284577998
125.9000000000001; 0.4006299042448226
126.00000000000011; 0.40108370982727104
126.10000000000011; 0.401536702560587
126.20000000000012; 0.40198888368269486
126.30000000000011; 0.4024402544341468
126.4000000000001; 0.40289081605807453
126.50000000000011; 0.40334056980013455
126.60000000000011; 0.40378951690846016
126.70000000000012; 0.40423765863361
126.80000000000011; 0.4046849962285153
126.9000000000001; 0.40513153094843735
127.00000000000011; 0.4055772640509095
127.10000000000011; 0.40602219679569507
127.20000000000012; 0.406466330444738
127.30000000000011; 0.40690966626211333
127.40000000000012; 0.40735220551398
127.50000000000011; 0.40779394946853725
127.60000000000011; 0.408234899395973
127.70000000000012; 0.4086750565684221
127.80000000000011; 0.40911442225991806
127.90000000000012; 0.4095529977463513
128.0000000000001; 0.40999078430541874
128.1000000000001; 0.4104277832165852
128.2000000000001; 0.41086399576103527
128.30000000000013; 0.4112994232216311
128.40000000000012; 0.4117340668828716
128.5000000000001; 0.41216792803084573
128.6000000000001; 0.4126010079531915
128.7000000000001; 0.41303330793905624
128.80000000000013; 0.41346482927905115
128.90000000000012; 0.41389557326521315
129.0000000000001; 0.41432554119096243
129.1000000000001; 0.41475473435106347
129.2000000000001; 0.4151831540415825
129.30000000000013; 0.4156108015598497
129.40000000000012; 0.4160376782044216
129.5000000000001; 0.41646378527503586
129.6000000000001; 0.41688912407258016
129.7000000000001; 0.41731369589905076
129.80000000000013; 0.4177375020575117
129.90000000000012; 0.4181605438520618
130.0000000000001; 0.4185828225877953
130.1000000000001; 0.41900433957076755
130.2000000000001; 0.41942509610795325
130.30000000000013; 0.41984509350721533
130.40000000000012; 0.42026433307726835
130.5000000000001; 0.4206828161276394
130.6000000000001; 0.42110054396863916
130.7000000000001; 0.4215175179113217
130.80000000000013; 0.42193373926745403
130.90000000000012; 0.4223492093494773
131.0000000000001; 0.4227639294704781
131.1000000000001; 0.42317790094415336
131.2000000000001; 0.4235911250847748
131.30000000000013; 0.42400360320716163
131.40000000000012; 0.42441533662664044
131.5000000000001; 0.42482632665901987
131.6000000000001; 0.42523657462055664
131.7000000000001; 0.4256460818279206
131.80000000000013; 0.42605484959817114
131.90000000000012; 0.42646287924871856
132.0000000000001; 0.42687017209729683
132.1000000000001; 0.4272767294619342
132.2000000000001; 0.4276825526609216
132.30000000000013; 0.42808764301278424
132.40000000000012; 0.42849200183625097
132.5000000000001; 0.4288956304502265
132.6000000000001; 0.4292985301737602
132.70000000000013; 0.42970070232602203
132.80000000000013; 0.4301021482262695
132.90000000000012; 0.4305028691938226
133.0000000000001; 0.43090286654803495
133.1000000000001; 0.4313021416082674
133.20000000000013; 0.4317006956938612
133.30000000000013; 0.4320985301241091
133.40000000000012; 0.43249564621823094
133.5000000000001; 0.4328920452953459
133.6000000000001; 0.43328772867444826
133.70000000000013; 0.4336826976743804
133.80000000000013; 0.4340769536138066
133.90000000000012; 0.4344704978111905
134.0000000000001; 0.43486333158476737
134.1000000000001; 0.4352554562525203
134.20000000000013; 0.43564687313215816
134.30000000000013; 0.43603758354108546
134.40000000000012; 0.43642758879638655
134.5000000000001; 0.4368168902147956
134.6000000000001; 0.4372054891126759
134.70000000000013; 0.43759338680599547
134.80000000000013; 0.43798058461030526
134.90000000000012; 0.4383670838407172
135.0000000000001; 0.43875288581187866
135.1000000000001; 0.4391379918379535
135.20000000000013; 0.4395224032325996
135.30000000000013; 0.4399061213089435
135.40000000000012; 0.44028914737956565
135.5000000000001; 0.44067148275647255
135.6000000000001; 0.44105312875107894
135.70000000000013; 0.44143408667418954
135.80000000000013; 0.44181435783597056
135.90000000000012; 0.4421939435459386
136.0000000000001; 0.4425728451129352
136.1000000000001; 0.44295106384510696
136.20000000000013; 0.4433286010498876
136.30000000000013; 0.4437054580339787
136.40000000000012; 0.4440816361033283
136.5000000000001; 0.4444571365631137
136.6000000000001; 0.44483196071772396
136.70000000000013; 0.4452061098707359
136.80000000000013; 0.4455795853249039
136.90000000000012; 0.4459523883821326
137.0000000000001; 0.4463245203434663
137.1000000000001; 0.44669598250906756
137.20000000000013; 0.44706677617820134
137.30000000000013; 0.44743690264921465
137.40000000000012; 0.4478063632195232
137.5000000000001; 0.4481751591855916
137.6000000000001; 0.44854329184291947
137.70000000000013; 0.44891076248602113
137.80000000000013; 0.44927757240841143
137.90000000000012; 0.4496437229025902
138.0000000000001; 0.45000921526002385
138.1000000000001; 0.4503740507711323
138.20000000000013; 0.4507382307252715
138.30000000000013; 0.45110175641071837
138.40000000000012; 0.45146462911465524
138.5000000000001; 0.4518268501231568
138.60000000000014; 0.4521884207211718
138.70000000000013; 0.4525493421925097
138.80000000000013; 0.45290961581982964
138.90000000000012; 0.45326924288461873
139.0000000000001; 0.45362822466718455
139.10000000000014; 0.45398656244663804
139.20000000000013; 0.45434425750088087
139.30000000000013; 0.4547013111065895
139.40000000000012; 0.455057724539205
139.5000000000001; 0.45541349907291684
139.60000000000014; 0.4557686359806501
139.70000000000013; 0.4561231365340548
139.80000000000013; 0.45647700200349073
139.90000000000012; 0.45683023365801506
140.0000000000001; 0.4571828327653699
140.10000000000014; 0.4575348005919712
140.20000000000013; 0.4578861384028932
140.30000000000013; 0.4582368474618625
140.40000000000012; 0.4585869290312375
140.5000000000001; 0.458936384372006
140.60000000000014; 0.4592852147437656
140.70000000000013; 0.45963342140471636
140.80000000000013; 0.45998100561165045
140.90000000000012; 0.4603279686199371
141.0000000000001; 0.4606743116835153
141.10000000000014; 0.46102003605488023
141.20000000000013; 0.46136514298507386
141.30000000000013; 0.46170963372367585
141.40000000000012; 0.4620535095187894
141.5000000000001; 0.4623967716170351
141.60000000000014; 0.4627394212635355
141.70000000000013; 0.4630814597019115
141.80000000000013; 0.46342288817426697
141.90000000000012; 0.46376370792118304
142.0000000000001; 0.4641039201817054
142.10000000000014; 0.464443526193337
142.20000000000013; 0.46478252719202673
142.30000000000013; 0.4651209244121635
142.40000000000012; 0.4654587190865613
142.5000000000001; 0.4657959124464582
142.60000000000014; 0.46613250572149906
142.70000000000013; 0.4664685001397333
142.80000000000013; 0.46680389692760477
142.90000000000012; 0.4671386973099404
143.0000000000001; 0.4674729025099447
143.10000000000014; 0.46780651374919124
143.20000000000013; 0.46813953224761384
143.30000000000013; 0.46847195922349916
143.40000000000012; 0.4688037958934781
143.5000000000001; 0.4691350434725193
143.60000000000014; 0.4694657031739197
143.70000000000013; 0.46979577620929885
143.80000000000013; 0.47012526378859076
143.90000000000012; 0.4704541671200362
144.0000000000001; 0.4707824874101762
144.10000000000014; 0.47111022586384554
144.20000000000013; 0.47143738368416443
144.30000000000013; 0.47176396207253196
144.40000000000012; 0.4720899622286199
144.5000000000001; 0.4724153853503674
144.60000000000014; 0.4727402326339703
144.70000000000013; 0.4730645052738793
144.80000000000013; 0.473388204462791
144.90000000000012; 0.47371133139164456
145.0000000000001; 0.47403388724961054
145.10000000000014; 0.4743558732240899
145.20000000000013; 0.47467729050070484
145.30000000000013; 0.4749981402632966
145.40000000000012; 0.47531842369391525
145.50000000000014; 0.47563814197281734
145.60000000000014; 0.47595729627845895
145.70000000000013; 0.47627588778749186
145.80000000000013; 0.4765939176747563
145.90000000000012; 0.4769113871132768
146.00000000000014; 0.47722829727425703
146.10000000000014; 0.47754464932707436
146.20000000000013; 0.4778604444392754
146.30000000000013; 0.4781756837765717
146.40000000000012; 0.47849036850283405
146.50000000000014; 0.4788044997800872
146.60000000000014; 0.4791180787685069
146.70000000000013; 0.4794311066264154
146.80000000000013; 0.47974358451027527
146.90000000000012; 0.4800555135746872
147.00000000000014; 0.48036689497238433
147.10000000000014; 0.4806777298542277
147.20000000000013; 0.480988019369205
147.30000000000013; 0.48129776466442364
147.40000000000012; 0.4816069668851087
147.50000000000014; 0.4819156271745972
147.60000000000014; 0.48222374667433554
147.70000000000013; 0.4825313265238787
147.80000000000013; 0.48283836786087936
147.90000000000012; 0.4831448718210941
148.00000000000014; 0.48345083953836987
148.10000000000014; 0.48375627214464867
148.20000000000013; 0.48406117076996136
148.30000000000013; 0.48436553654242237
148.40000000000012; 0.4846693705882314
148.50000000000014; 0.4849726740316649
148.60000000000014; 0.4852754479950768
148.70000000000013; 0.48557769359889635
148.80000000000013; 0.4858794119616221
148.90000000000012; 0.4861806041998201
149.00000000000014; 0.4864812714281235
149.10000000000014; 0.4867814147592276
149.20000000000013; 0.4870810353038873
149.30000000000013; 0.487380134170918
149.40000000000012; 0.4876787124671873
149.50000000000014; 0.4879767712976176
149.60000000000014; 0.4882743117651831
149.70000000000013; 0.4885713349709048
149.80000000000013; 0.4888678420138526
149.90000000000012; 0.48916383399113933
150.00000000000014; 0.48945931199792114
150.10000000000014; 0.4897542874296332
150.20000000000013; 0.4900487512007784
150.30000000000013; 0.49034270425232246
150.40000000000012; 0.4906361476712014
150.50000000000014; 0.49092908254239137
150.60000000000014; 0.4912215099489126
150.70000000000013; 0.49151343097182343
150.80000000000013; 0.4918048466902197
150.90000000000012; 0.4920957581812353
151.00000000000014; 0.4923861665200374
151.10000000000014; 0.49267607277982833
151.20000000000013; 0.49296547803184043
151.30000000000013; 0.4932543833453392
151.40000000000015; 0.49354278978761784
151.50000000000014; 0.49383069842399974
151.60000000000014; 0.4941181103178352
151.70000000000013; 0.49440502653049906
151.80000000000013; 0.49469144812139315
151.90000000000015; 0.49497737614794457
152.00000000000014; 0.4952628116656002
152.10000000000014; 0.49554775572783233
152.20000000000013; 0.49583220938613487
152.30000000000013; 0.49611617369002153
152.40000000000015; 0.4963996496870263
152.50000000000014; 0.4966826384227032
152.60000000000014; 0.49696514094062455
152.70000000000013; 0.49724715828238325
152.80000000000013; 0.49752869148758666
152.90000000000015; 0.49780974159386226
153.00000000000014; 0.4980903096368541
153.10000000000014; 0.4983703966502214
153.20000000000013; 0.49865000366564094
153.30000000000013; 0.49892913171280595
153.40000000000015; 0.4992077818194243
153.50000000000014; 0.49948595501122073
153.60000000000014; 0.49976365231193437
153.70000000000013; 0.5000408747433216
153.80000000000013; 0.5003176233251511
153.90000000000015; 0.5005938990752109
154.00000000000014; 0.5008697030093003
154.10000000000014; 0.5011450361412385
154.20000000000013; 0.5014198994828566
154.30000000000013; 0.5016942940440033
154.40000000000015; 0.5019682208325431
154.50000000000014; 0.5022416808543572
154.60000000000014; 0.5025146751133427
154.70000000000013; 0.5027872046114129
154.80000000000013; 0.5030592703485007
154.90000000000015; 0.5033308733225548
155.00000000000014; 0.5036020145295432
155.10000000000014; 0.5038726949634503
155.20000000000013; 0.504142915616283
155.30000000000013; 0.5044126774780656
155.40000000000015; 0.5046819815368432
155.50000000000014; 0.5049508287786814
155.60000000000014; 0.5052192201876693
155.70000000000013; 0.5054871567459163
155.80000000000013; 0.505754639433556
155.90000000000015; 0.506021669228745
156.00000000000014; 0.5062882471076658
156.10000000000014; 0.5065543740445255
156.20000000000013; 0.5068200510115581
156.30000000000013; 0.5070852789790242
156.40000000000015; 0.5073500589152139
156.50000000000014; 0.507614391786445
156.60000000000014; 0.5078782785570678
156.70000000000013; 0.5081417201894619
156.80000000000013; 0.5084047176440398
156.90000000000015; 0.5086672718792482
157.00000000000014; 0.5089293838515682
157.10000000000014; 0.509191054515516
157.20000000000013; 0.5094522848236469
157.30000000000013; 0.509713075726551
157.40000000000015; 0.5099734281728617
157.50000000000014; 0.5102333431092514
157.60000000000014; 0.510492821480434
157.70000000000013; 0.5107518642291679
157.80000000000013; 0.511010472296257
157.90000000000015; 0.5112686466205496
158.00000000000014; 0.5115263881389441
158.10000000000014; 0.5117836977863867
158.20000000000013; 0.512040576495873
158.30000000000015; 0.5122970251984537
158.40000000000015; 0.5125530448232319
158.50000000000014; 0.5128086362973648
158.60000000000014; 0.5130638005460686
158.70000000000013; 0.5133185384926167
158.80000000000015; 0.5135728510583424
158.90000000000015; 0.5138267391626427
159.00000000000014; 0.5140802037229758
159.10000000000014; 0.5143332456548664
159.20000000000013; 0.514585865871906
159.30000000000015; 0.5148380652857557
159.40000000000015; 0.5150898448061447
159.50000000000014; 0.5153412053408776
159.60000000000014; 0.5155921477958316
159.70000000000013; 0.5158426730749586
159.80000000000015; 0.5160927820802914
159.90000000000015; 0.5163424757119407
160.00000000000014; 0.5165917548680995
