energy (keV); transmission
1.0; 0.0
1.1; 0.0
1.2000000000000002; 0.0
1.3000000000000003; 0.0
1.4000000000000004; 0.0
1.5000000000000004; 0.0
1.6000000000000005; 0.0
1.7000000000000006; 0.0
1.8000000000000007; 0.0
1.9000000000000008; 0.0
2.000000000000001; 0.0
2.100000000000001; 0.0
2.200000000000001; 0.0
2.300000000000001; 0.0
2.4000000000000012; 0.0
2.5000000000000013; 0.0
2.6000000000000014; 0.0
2.7000000000000015; 0.0
2.8000000000000016; 0.0
2.9000000000000017; 0.0
3.0000000000000018; 0.0
3.100000000000002; 0.0
3.200000000000002; 0.0
3.300000000000002; 0.0
3.400000000000002; 0.0
3.500000000000002; 0.0
3.6000000000000023; 0.0
3.7000000000000024; 0.0
3.8000000000000025; 0.0
3.9000000000000026; 0.0
4.000000000000003; 0.0
4.100000000000003; 0.0
4.200000000000003; 0.0
4.3000000000000025; 0.0
4.400000000000003; 0.0
4.5000000000000036; 0.0
4.600000000000003; 2.154e-321
4.700000000000003; 3.0281791485521114e-303
4.800000000000003; 1.7618117116954935e-286
4.900000000000004; 5.733442988702303e-271
5.0000000000000036; 1.3645708269591425e-256
5.100000000000003; 4.2710817736128986e-243
5.200000000000004; 1.471097377786351e-230
5.300000000000004; 6.776829509302128e-219
5.400000000000004; 4.971775133791703e-208
5.5000000000000036; 6.793457220685344e-198
5.600000000000004; 1.990062626566982e-188
5.700000000000005; 1.4185826162908365e-179
5.800000000000004; 2.758563389469728e-171
5.900000000000004; 1.622564770208986e-163
6.000000000000004; 7.114795881865645e-286
6.100000000000005; 1.0439652268416016e-279
6.200000000000005; 1.0373639398668015e-272
6.300000000000004; 4.969996822113842e-265
6.400000000000005; 8.071147852185031e-257
6.500000000000005; 3.1447078348842486e-248
6.600000000000005; 3.759887636367806e-244
6.700000000000005; 4.8477100882432e-235
6.800000000000005; 6.117351456176577e-226
6.900000000000006; 6.067852697748764e-217
7.000000000000005; 3.945361439858205e-208
7.100000000000005; 1.4534264410348802e-199
7.2000000000000055; 0.0
7.300000000000006; 0.0
7.400000000000006; 0.0
7.500000000000005; 0.0
7.600000000000006; 0.0
7.700000000000006; 0.0
7.800000000000006; 0.0
7.900000000000006; 0.0
8.000000000000007; 0.0
8.100000000000007; 0.0
8.200000000000006; 0.0
8.300000000000006; 0.0
8.400000000000006; 0.0
8.500000000000007; 0.0
8.600000000000007; 0.0
8.700000000000006; 0.0
8.800000000000008; 0.0
8.900000000000007; 0.0
9.000000000000007; 0.0
9.100000000000007; 0.0
9.200000000000006; 0.0
9.300000000000008; 0.0
9.400000000000007; 0.0
9.500000000000007; 0.0
9.600000000000009; 1.502009e-317
9.700000000000008; 4.38608623715099e-309
9.800000000000008; 6.450430660139707e-301
9.900000000000007; 4.935151349101668e-293
10.000000000000007; 2.025187149716552e-285
10.100000000000009; 4.5982564529362335e-278
10.200000000000008; 5.904992553978825e-271
10.300000000000008; 4.390058939249133e-264
10.40000000000001; 1.9319001845760565e-257
10.500000000000009; 5.139728054154377e-251
10.600000000000009; 8.434890468628569e-245
10.700000000000008; 8.704308047024232e-239
10.800000000000008; 5.75238000604933e-233
10.90000000000001; 2.477392309550607e-227
11.000000000000009; 7.069738763920156e-222
11.100000000000009; 1.3582237446926462e-216
11.20000000000001; 1.7835468819424777e-211
11.30000000000001; 1.6241758630518436e-206
11.40000000000001; 1.0399834058253567e-201
11.500000000000009; 4.7446916279829543e-197
11.600000000000009; 1.5619552984503432e-192
11.70000000000001; 3.755426020265093e-188
11.80000000000001; 6.671185069306268e-184
11.90000000000001; 8.853329443911913e-180
12.00000000000001; 8.87096828421118e-176
12.10000000000001; 6.77955836761542e-172
12.20000000000001; 3.990403389389329e-168
12.30000000000001; 1.825824756709932e-164
12.40000000000001; 6.5524164332895784e-161
12.50000000000001; 1.8601869657273645e-157
12.60000000000001; 4.211957709109787e-154
12.70000000000001; 7.666506258736576e-151
12.800000000000011; 1.130243141013821e-147
12.900000000000011; 1.3594068074228126e-144
13.00000000000001; 1.3432166131811056e-141
13.10000000000001; 1.0976326139198096e-138
13.20000000000001; 7.46556133888469e-136
13.300000000000011; 4.2523867651276166e-133
13.400000000000011; 2.040484297376751e-130
13.50000000000001; 8.2952433636263e-128
13.600000000000012; 2.8726968326436604e-125
13.700000000000012; 8.519088931024859e-123
13.800000000000011; 2.17435086815586e-120
13.900000000000011; 4.799610536313208e-118
14.00000000000001; 9.205535259313904e-116
14.100000000000012; 1.541022614985095e-113
14.200000000000012; 2.2613245743979154e-111
14.300000000000011; 2.9209062795058727e-109
14.400000000000013; 3.334363682337239e-107
14.500000000000012; 3.376948712118354e-105
14.600000000000012; 3.0455524839282764e-103
14.700000000000012; 2.454668419030958e-101
14.800000000000011; 1.7742025157639254e-99
14.900000000000013; 1.1538290575153398e-97
15.000000000000012; 6.77329614550682e-96
15.100000000000012; 3.6029233108615063e-94
15.200000000000014; 1.7405212259673263e-92
15.300000000000013; 7.658528221666705e-91
15.400000000000013; 3.0780730354653785e-89
15.500000000000012; 1.1330822028687945e-87
15.600000000000012; 3.830287377758974e-86
15.700000000000014; 1.1920277543047235e-84
15.800000000000013; 3.423614544509441e-83
15.900000000000013; 9.095942410262862e-82
16.000000000000014; 2.2405763014576314e-80
16.100000000000016; 5.128275008548693e-79
16.200000000000014; 1.092948356111884e-77
16.30000000000001; 2.1733527617004044e-76
16.400000000000013; 4.0403414417825005e-75
16.500000000000014; 7.035402530030901e-74
16.600000000000016; 1.1495836437972388e-72
16.700000000000014; 1.7658088769224588e-71
16.800000000000015; 2.5541310248475623e-70
16.900000000000013; 3.4846486658280136e-69
17.000000000000014; 4.491457167395638e-68
17.100000000000016; 5.4777358526460446e-67
17.200000000000014; 6.330696613231035e-66
17.300000000000015; 6.943337942522154e-65
17.400000000000013; 7.237038106135663e-64
17.500000000000014; 7.178254999994286e-63
17.600000000000016; 6.784426982120053e-62
17.700000000000014; 6.117814842071943e-61
17.800000000000015; 5.269912730275743e-60
17.900000000000016; 4.3416284513079585e-59
18.000000000000014; 3.424884796707523e-58
18.100000000000016; 2.589820419981951e-57
18.200000000000017; 1.8792947744491769e-56
18.300000000000015; 1.3100214192126095e-55
18.400000000000016; 8.781379981115753e-55
18.500000000000014; 5.666007726434605e-54
18.600000000000016; 3.5223919457443335e-53
18.700000000000017; 2.1117760435873073e-52
18.800000000000015; 1.2220785301847496e-51
18.900000000000016; 6.832366599870935e-51
19.000000000000014; 3.6934516967071287e-50
19.100000000000016; 1.9321481773937298e-49
19.200000000000017; 9.78908692296133e-49
19.300000000000015; 4.807004581431534e-48
19.400000000000016; 2.2896258403047463e-47
19.500000000000018; 1.0585946307271144e-46
19.600000000000016; 4.754210894198148e-46
19.700000000000017; 2.0754407368485994e-45
19.80000000000002; 8.812849787331743e-45
19.900000000000016; 3.642329806860246e-44
20.000000000000018; 1.4661343765952614e-43
20.100000000000016; 9.10482216435515e-46
20.200000000000017; 3.770417470086436e-45
20.30000000000002; 1.5213359389277007e-44
20.400000000000016; 5.984606123640961e-44
20.500000000000018; 2.296523114937033e-43
20.600000000000016; 8.601498582117205e-43
20.700000000000017; 3.146169782767685e-42
20.80000000000002; 1.1244113886271739e-41
20.900000000000016; 3.9285068102231805e-41
21.000000000000018; 1.3424779249261776e-40
21.10000000000002; 4.489278502510361e-40
21.200000000000017; 1.469746625129532e-39
21.30000000000002; 4.7130957056818025e-39
21.40000000000002; 1.4810304089212652e-38
21.500000000000018; 4.562538867182234e-38
21.60000000000002; 1.3785421906670373e-37
21.700000000000017; 4.086821076856587e-37
21.80000000000002; 1.1892681694946519e-36
21.90000000000002; 3.398400698681846e-36
22.000000000000018; 9.53976363580239e-36
22.10000000000002; 2.63167497783838e-35
22.200000000000017; 7.137033399701913e-35
22.30000000000002; 1.9034841873240592e-34
22.40000000000002; 4.9943412912611574e-34
22.500000000000018; 1.2895913572612832e-33
22.60000000000002; 3.2780445408995176e-33
22.70000000000002; 8.205532110247401e-33
22.80000000000002; 2.0233204644899606e-32
22.90000000000002; 4.9161160621982907e-32
23.00000000000002; 1.1773601902651016e-31
23.10000000000002; 2.7800550732459725e-31
23.20000000000002; 6.474083090524177e-31
23.30000000000002; 1.4873218060819514e-30
23.40000000000002; 3.3717200413544855e-30
23.50000000000002; 7.544547634710676e-30
23.60000000000002; 1.6667195803269436e-29
23.70000000000002; 3.63621312884568e-29
23.80000000000002; 7.836115159339838e-29
23.90000000000002; 1.6684825633425425e-28
24.00000000000002; 3.510865213872018e-28
24.10000000000002; 7.302610031135137e-28
24.20000000000002; 1.5017963699688852e-27
24.300000000000022; 3.054275691846752e-27
24.40000000000002; 6.144162875143143e-27
24.50000000000002; 1.2228281094912162e-26
24.600000000000023; 2.4082698109590955e-26
24.70000000000002; 4.6942768549025363e-26
24.800000000000022; 9.058179157681843e-26
24.90000000000002; 1.7306317105864663e-25
25.00000000000002; 3.2744696902491114e-25
25.100000000000023; 6.136617555024934e-25
25.20000000000002; 1.139321597285758e-24
25.300000000000022; 2.0958899927675525e-24
25.40000000000002; 3.820933937048459e-24
25.50000000000002; 6.904334638833943e-24
25.600000000000023; 1.2367905672308173e-23
25.70000000000002; 2.1966544061122558e-23
25.800000000000022; 3.868888747348489e-23
25.900000000000023; 6.758275570608323e-23
26.00000000000002; 1.1710500968208925e-22
26.100000000000023; 2.0131138871931168e-22
26.200000000000024; 3.4338119483966845e-22
26.300000000000022; 5.812468702242031e-22
26.400000000000023; 9.765175842595794e-22
26.50000000000002; 1.62851935331347e-21
26.600000000000023; 2.696224511750097e-21
26.700000000000024; 4.432258730522607e-21
26.800000000000022; 7.235266832650322e-21
26.900000000000023; 1.1729992182996184e-20
27.00000000000002; 1.888890669079195e-20
27.100000000000023; 3.0215720975954697e-20
27.200000000000024; 4.802044616090696e-20
27.300000000000022; 7.582903290184638e-20
27.400000000000023; 1.1898958050844761e-19
27.500000000000025; 1.8556387892191274e-19
27.600000000000023; 2.876305948420973e-19
27.700000000000024; 4.431787597727613e-19
27.800000000000026; 6.788427575465295e-19
27.900000000000023; 1.0338299406767806e-18
28.000000000000025; 1.5655288763186511e-18
28.100000000000023; 2.3574726228009355e-18
28.200000000000024; 3.530583870404869e-18
28.300000000000026; 5.25896875856689e-18
28.400000000000023; 7.791981592723856e-18
28.500000000000025; 1.148488947745249e-17
28.600000000000023; 1.6841270152013967e-17
28.700000000000024; 2.4571336844276364e-17
28.800000000000026; 3.5671775325238535e-17
28.900000000000023; 5.153449466888119e-17
29.000000000000025; 7.409405268066707e-17
29.100000000000026; 1.0602656719791927e-16
29.200000000000024; 1.5101684902835402e-16
29.300000000000026; 2.1411551823185918e-16
29.400000000000027; 3.022142722864543e-16
29.500000000000025; 4.246756048997933e-16
29.600000000000026; 5.941635454825869e-16
29.700000000000024; 8.277349085735768e-16
29.800000000000026; 1.1482667223600831e-15
29.900000000000027; 1.5863156827242105e-15
30.000000000000025; 2.182530536304756e-15
30.100000000000026; 2.991130799289477e-15
30.200000000000024; 4.083093402798222e-15
30.300000000000026; 5.551983833849477e-15
30.400000000000027; 7.520356636308416e-15
30.500000000000025; 1.014812836975092e-14
30.600000000000026; 1.3643197505811172e-14
30.700000000000028; 1.8274859003920203e-14
30.800000000000026; 2.439068822547867e-14
30.900000000000027; 3.2437716411216775e-14
31.00000000000003; 4.298889623927696e-14
31.100000000000026; 5.677606584147e-14
31.200000000000028; 7.473086859445683e-14
31.300000000000026; 9.803538027207863e-14
31.400000000000027; 1.2818454180792337e-13
31.50000000000003; 1.6706290292095067e-13
31.600000000000026; 2.1703865811074358e-13
31.700000000000028; 2.8107851198125784e-13
31.800000000000026; 3.628875565676424e-13
31.900000000000027; 4.670790915789514e-13
32.00000000000003; 5.993801827657922e-13
32.10000000000002; 7.668797488491344e-13
32.20000000000003; 9.78327109901724e-13
32.300000000000026; 1.2444902375350696e-12
32.40000000000003; 1.5785844390252692e-12
32.50000000000003; 1.9967839045273604e-12
32.60000000000003; 2.5188304713162e-12
32.70000000000003; 3.1687561357764207e-12
32.800000000000026; 3.975738298523603e-12
32.90000000000003; 4.9751094881557594e-12
33.00000000000003; 6.209546403980249e-12
33.10000000000003; 7.730466578498009e-12
33.20000000000003; 9.599664818984987e-12
33.300000000000026; 1.1891225878161828e-11
33.40000000000003; 1.4693754562179883e-11
33.50000000000003; 1.811296974664383e-11
33.60000000000003; 2.2274714576219503e-11
33.70000000000003; 2.7328441509221386e-11
33.800000000000026; 3.345123787552736e-11
33.90000000000003; 4.08524652841774e-11
34.00000000000003; 4.9779094587174334e-11
34.10000000000003; 6.052182721858618e-11
34.20000000000003; 7.342210362425715e-11
34.30000000000003; 8.888011021653418e-11
34.40000000000003; 1.0736390786997341e-10
34.50000000000003; 1.2941981745595304e-10
34.60000000000003; 1.5568421133192605e-10
34.70000000000003; 1.8689687409013375e-10
34.80000000000003; 2.2391611126064117e-10
34.90000000000003; 2.677358010860804e-10
35.00000000000003; 3.1950460196203266e-10
35.10000000000003; 3.805475466931795e-10
35.20000000000003; 4.5239027436526085e-10
35.30000000000003; 5.367861713893779e-10
35.400000000000034; 6.357467151487193e-10
35.50000000000003; 7.515753366629458e-10
35.60000000000003; 8.869051427876936e-10
35.70000000000003; 1.0447408636632018e-09
35.80000000000003; 1.2285054174100694e-09
35.900000000000034; 1.4420915114092478e-09
36.00000000000003; 1.68991872786465e-09
36.10000000000003; 1.976996570697785e-09
36.20000000000003; 2.308993981101204e-09
36.30000000000003; 2.6923158602399194e-09
36.400000000000034; 3.1341871695592007e-09
36.50000000000003; 3.6427452118642753e-09
36.60000000000003; 4.227140729698376e-09
36.70000000000003; 4.897648491470154e-09
36.80000000000003; 5.665788070160471e-09
36.900000000000034; 6.5444555541726284e-09
37.00000000000003; 7.5480669648674e-09
37.10000000000003; 8.692714190378795e-09
37.20000000000003; 9.996334280376577e-09
37.30000000000003; 1.14788929813025e-08
37.400000000000034; 1.3162583426181758e-08
37.500000000000036; 1.5072040927180065e-08
37.60000000000003; 1.7234574852574467e-08
37.70000000000003; 1.9680418602393225e-08
37.80000000000003; 2.2442998728731648e-08
37.900000000000034; 2.5559224277219857e-08
38.000000000000036; 2.9069797455364297e-08
38.10000000000003; 3.3019546761155805e-08
38.20000000000003; 3.7457783731323724e-08
38.30000000000003; 4.2438684492767186e-08
38.400000000000034; 4.8021697322677047e-08
38.500000000000036; 5.427197744277421e-08
38.60000000000004; 6.126085029030795e-08
38.70000000000003; 6.906630452342099e-08
38.80000000000003; 7.777351603021794e-08
38.900000000000034; 8.747540422014371e-08
39.000000000000036; 9.827322188197661e-08
39.10000000000004; 1.102771798955176e-07
39.20000000000003; 1.2360710808306203e-07
39.30000000000003; 1.3839315348263372e-07
39.400000000000034; 1.5477651731651205e-07
39.500000000000036; 1.7291023191702163e-07
39.60000000000004; 1.9295997885548308e-07
39.70000000000003; 2.1510494950028505e-07
39.80000000000003; 2.395387492063616e-07
39.900000000000034; 2.664703463096179e-07
40.000000000000036; 2.9612483818221464e-07
40.10000000000004; 3.287272540830127e-07
40.20000000000003; 3.645531328301393e-07
40.30000000000003; 4.038828576413234e-07
40.400000000000034; 4.470175873214832e-07
40.500000000000036; 4.942804939314338e-07
40.60000000000004; 5.460180522689614e-07
40.70000000000004; 6.026013819633505e-07
40.80000000000003; 6.644276429200134e-07
40.900000000000034; 7.319214847800708e-07
41.000000000000036; 8.055365509878567e-07
41.10000000000004; 8.857570379799657e-07
41.20000000000004; 9.730993099281645e-07
41.30000000000003; 1.068113569384335e-06
41.400000000000034; 1.1713855840857398e-06
41.500000000000036; 1.2835384700869116e-06
41.60000000000004; 1.4052345312916202e-06
41.70000000000004; 1.5371771553561635e-06
41.80000000000004; 1.6801127658389788e-06
41.900000000000034; 1.8348328303659437e-06
42.000000000000036; 2.0021759244740572e-06
42.10000000000004; 2.1830298506923895e-06
42.20000000000004; 2.3783338123062282e-06
42.30000000000004; 2.5890806411395253e-06
42.400000000000034; 2.8163190785839204e-06
42.500000000000036; 3.0611561089787348e-06
42.60000000000004; 3.3247593443452784e-06
42.70000000000004; 3.6083594593538574e-06
42.80000000000004; 3.913252675291184e-06
42.900000000000034; 4.240803291684563e-06
43.000000000000036; 4.59244626411742e-06
43.10000000000004; 4.9696898266655555e-06
43.20000000000004; 5.374118157264334e-06
43.30000000000004; 5.807394084209648e-06
43.400000000000034; 6.27126183188468e-06
43.500000000000036; 6.767549803693554e-06
43.60000000000004; 7.29817340008474e-06
43.70000000000004; 7.865137869433574e-06
43.80000000000004; 8.47054118945818e-06
43.90000000000004; 9.116576976743906e-06
44.000000000000036; 9.805537421860559e-06
44.10000000000004; 1.0539816247451545e-05
44.20000000000004; 1.1321911686600515e-05
44.30000000000004; 1.2154429478695215e-05
44.40000000000004; 1.3040085879914371e-05
44.500000000000036; 1.3981710685401637e-05
44.60000000000004; 1.498225026011761e-05
44.70000000000004; 1.6044770575284412e-05
44.80000000000004; 1.717246024728094e-05
44.90000000000004; 1.836863357579376e-05
45.00000000000004; 1.9636733577966807e-05
45.10000000000004; 2.098033501525432e-05
45.20000000000004; 2.2403147409627906e-05
45.30000000000004; 2.3909018045772048e-05
45.40000000000004; 2.5501934955842698e-05
45.50000000000004; 2.7186029883364155e-05
45.60000000000004; 2.8965581222810872e-05
45.70000000000004; 3.0845016931394485e-05
45.80000000000004; 3.282891740957313e-05
45.90000000000004; 3.492201834683116e-05
46.00000000000004; 3.7129213529197534e-05
46.10000000000004; 3.945555760508717e-05
46.20000000000004; 4.190626880596305e-05
46.30000000000004; 4.4486731618406436e-05
46.40000000000004; 4.720249940416099e-05
46.50000000000004; 5.005929696478549e-05
46.60000000000004; 5.306302304755851e-05
46.70000000000004; 5.6219752789328145e-05
46.80000000000004; 5.95357400950378e-05
46.90000000000004; 6.301741994773246e-05
47.00000000000004; 6.66714106468812e-05
47.100000000000044; 7.050451597193842e-05
47.20000000000004; 7.452372726807857e-05
47.30000000000004; 7.873622545121683e-05
47.40000000000004; 8.314938292935145e-05
47.50000000000004; 8.77707654374864e-05
47.600000000000044; 9.260813378341023e-05
47.70000000000004; 9.766944550164424e-05
47.80000000000004; 0.00010296285641310507
47.90000000000004; 0.00010849672208795876
48.00000000000004; 0.00011427959920935971
48.100000000000044; 0.0001203202468357888
48.200000000000045; 0.00012662762755991807
48.30000000000004; 0.00013321090856187917
48.40000000000004; 0.00014007946255505043
48.50000000000004; 0.00014724286862253773
48.600000000000044; 0.00015471091294265606
48.700000000000045; 0.00016249358940180958
48.80000000000004; 0.00017060110009330063
48.90000000000004; 0.00017904385570070998
49.00000000000004; 0.0001878324757646115
49.100000000000044; 0.00019697778883158163
49.200000000000045; 0.00020649083248434593
49.30000000000004; 0.0002163828532524099
49.40000000000004; 0.00022666530640227313
49.50000000000004; 0.00023734985560659323
49.600000000000044; 0.0002484483724920272
49.700000000000045; 0.00025997293606499914
49.80000000000004; 0.0002719358320155388
49.90000000000004; 0.00028434955189879916
50.00000000000004; 0.0002972267921942571
50.100000000000044; 0.00031058538013324335
50.200000000000045; 0.0003244339172464159
50.30000000000005; 0.0003387856722706815
50.40000000000004; 0.0003536541664371823
50.50000000000004; 0.0003690531198124424
50.600000000000044; 0.00038499644963392354
50.700000000000045; 0.0004014982685264085
50.80000000000005; 0.000418572882600126
50.90000000000004; 0.00043623478943164665
51.00000000000004; 0.0004544986759286423
51.100000000000044; 0.00047337941607977145
51.200000000000045; 0.000492892068591031
51.30000000000005; 0.0005130518744099677
51.40000000000005; 0.0005338742541394292
51.50000000000004; 0.0005553748053421272
51.600000000000044; 0.0005775692997382485
51.700000000000045; 0.0006004736802974205
51.80000000000005; 0.000624104058227201
51.90000000000005; 0.0006484767098600611
52.00000000000004; 0.0006736080734406329
52.100000000000044; 0.0006995147458158059
52.200000000000045; 0.0007262134790294408
52.30000000000005; 0.0007537211768241695
52.40000000000005; 0.0007820548910526101
52.50000000000004; 0.0008112318180003887
52.600000000000044; 0.0008412692946232497
52.700000000000045; 0.0008721847947009684
52.80000000000005; 0.0009039959249107416
52.90000000000005; 0.0009367204208221606
53.00000000000004; 0.0009703761428169449
53.100000000000044; 0.0010049810719359063
53.200000000000045; 0.0010405533056558635
53.30000000000005; 0.0010771110535993365
53.40000000000005; 0.0011146726331797965
53.50000000000005; 0.0011532564651853046
53.600000000000044; 0.00119288106930358
53.700000000000045; 0.0012335650595907707
53.80000000000005; 0.0012753271398877799
53.90000000000005; 0.0013181860991862194
54.00000000000005; 0.0013621608069473963
54.100000000000044; 0.001407270208376905
54.200000000000045; 0.001453533319658402
54.30000000000005; 0.0015009692231486567
54.40000000000005; 0.0015495970625374906
54.50000000000005; 0.0015994360379755013
54.60000000000005; 0.0016505054011718544
54.700000000000045; 0.001702824450466175
54.80000000000005; 0.0017564125258765252
54.90000000000005; 0.0018112890041266602
55.00000000000005; 0.0018674732936560133
55.10000000000005; 0.0019249848296140574
55.200000000000045; 0.001983843068843382
55.30000000000005; 0.0020440674848533247
55.40000000000005; 0.0021056775627869484
55.50000000000005; 0.0021686927943850793
55.60000000000005; 0.0022331326729491947
55.700000000000045; 0.0022990166883060936
55.80000000000005; 0.002366364321777492
55.90000000000005; 0.002435195041156942
56.00000000000005; 0.002505528295696209
56.10000000000005; 0.0025773835111050354
56.200000000000045; 0.0026507800845648024
56.30000000000005; 0.0027257373797609794
56.40000000000005; 0.0028022747219345937
56.50000000000005; 0.002880411392956866
56.60000000000005; 0.002960166626428153
56.70000000000005; 0.0030415596028047272
56.80000000000005; 0.0031246094445543018
56.90000000000005; 0.003209335211343329
57.00000000000005; 0.0032957558952589443
57.10000000000005; 0.0033838904160660146
57.20000000000005; 0.003473757616502415
57.30000000000005; 0.003565376257615187
57.40000000000005; 0.0036587650141377895
57.50000000000005; 0.0037539424699115902
57.60000000000005; 0.0038509271133542874
57.70000000000005; 0.003949737332974305
57.800000000000054; 0.004050391412936097
57.90000000000005; 0.004152907528676116
58.00000000000005; 0.004257303742570986
58.10000000000005; 0.004363597999661584
58.20000000000005; 0.004471808123431315
58.300000000000054; 0.004581951811642984
58.40000000000005; 0.004694046632234428
58.50000000000005; 0.004808110019273952
58.60000000000005; 0.004924159268977067
58.70000000000005; 0.005042211535787484
58.800000000000054; 0.0051622838285198275
58.90000000000005; 0.00528439300656971
59.00000000000005; 0.005408555776188272
59.10000000000005; 0.005534788686825287
59.20000000000005; 0.005663108127539628
59.300000000000054; 0.005793530323479393
59.40000000000005; 0.005926071332431486
59.50000000000005; 0.006060747041442807
59.60000000000005; 0.006197573163512466
59.70000000000005; 0.006336565234356269
59.800000000000054; 0.006477738609244585
59.900000000000055; 0.00662110845991389
60.00000000000005; 0.006766689771550932
60.10000000000005; 0.006914470355101081
60.20000000000005; 0.007064490930828811
60.300000000000054; 0.007216765890025416
60.400000000000055; 0.007371309423261748
60.50000000000005; 0.0075281355202846765
60.60000000000005; 0.007687257967457986
60.70000000000005; 0.007848690345281522
60.800000000000054; 0.008012446025986225
60.900000000000055; 0.008178538171207717
61.00000000000006; 0.008346979729736057
61.10000000000005; 0.008517783435343344
61.20000000000005; 0.00869096180468878
61.300000000000054; 0.008866527135300924
61.400000000000055; 0.009044491503636367
61.50000000000006; 0.0092248667632176
61.60000000000005; 0.009407664542845143
61.70000000000005; 0.009592896244888066
61.800000000000054; 0.009780573043650473
61.900000000000055; 0.009970705883815333
62.00000000000006; 0.010163305478961143
62.10000000000005; 0.01035838231015816
62.20000000000005; 0.010555946624636894
62.300000000000054; 0.010756008434531991
62.400000000000055; 0.010958577515702032
62.50000000000006; 0.011163663406620207
62.60000000000005; 0.011371275407341843
62.70000000000005; 0.011581422578541826
62.800000000000054; 0.011794113740625717
62.900000000000055; 0.012009357472913354
63.00000000000006; 0.012227162112890991
63.10000000000006; 0.012447535755536908
63.20000000000005; 0.012670486252714757
63.300000000000054; 0.012896021212636723
63.400000000000055; 0.013124147999396022
63.50000000000006; 0.013354873732565744
63.60000000000006; 0.013588205286864628
63.70000000000005; 0.01382414929189138
63.800000000000054; 0.014062712131921727
63.900000000000055; 0.014303899945771045
64.00000000000006; 0.014547718626722593
64.10000000000005; 0.01479417382251593
64.20000000000006; 0.015043270935399157
64.30000000000005; 0.015295015122243539
64.40000000000006; 0.015549411294716306
64.50000000000006; 0.01580646411951435
64.60000000000005; 0.016066178018657618
64.70000000000006; 0.016328557169837884
64.80000000000005; 0.016593605506826863
64.90000000000006; 0.01686132671994029
65.00000000000006; 0.017131724256553404
65.10000000000005; 0.017404801321677186
65.20000000000006; 0.01768056087858096
65.30000000000005; 0.017959005649471796
65.40000000000006; 0.018240138116224772
65.50000000000006; 0.018523960521160343
65.60000000000005; 0.018810474867875786
65.70000000000006; 0.01909968292212229
65.80000000000005; 0.01939158621272881
65.90000000000006; 0.019686186032574913
66.00000000000006; 0.01998348343960856
66.10000000000005; 0.020283479257905815
66.20000000000006; 0.020586174078778115
66.30000000000005; 0.02089156826191941
66.40000000000006; 0.02119966193659598
66.50000000000006; 0.021510455002876155
66.60000000000005; 0.02182394713290094
66.70000000000006; 0.02214013777219322
66.80000000000005; 0.02245902614100252
66.90000000000006; 0.022780611235690685
67.00000000000006; 0.023104891830147606
67.10000000000007; 0.023431866477249617
67.20000000000006; 0.023761533510342648
67.30000000000005; 0.02409389104476737
67.40000000000006; 0.024428936979408306
67.50000000000006; 0.024766668998281054
67.60000000000007; 0.025107084572143886
67.70000000000006; 0.02545018096014195
67.80000000000005; 0.025795955211479024
67.90000000000006; 0.02614440416711696
68.00000000000006; 0.02649552446149944
68.10000000000007; 0.02684931252430422
68.20000000000006; 0.027205764582218617
68.30000000000005; 0.027564876660738154
68.40000000000006; 0.027926644585989792
68.50000000000006; 0.02829106398657563
68.60000000000007; 0.028658130295438553
68.70000000000006; 0.02902783875174758
68.80000000000005; 0.02940018440280318
68.90000000000006; 0.02977516210596189
69.00000000000006; 0.030152766530576393
69.10000000000007; 0.03053299215995486
69.20000000000006; 0.030915833293335783
69.30000000000005; 0.03130128404787828
69.40000000000006; 0.03168933836066485
69.50000000000006; 0.03207998999072185
69.60000000000007; 0.03247323252105008
69.70000000000006; 0.032869059360668494
69.80000000000007; 0.033267463746668724
69.90000000000006; 0.03366843874628189
70.00000000000006; 0.03407197725895393
70.10000000000007; 0.03447807201843041
70.20000000000006; 0.0348867155948518
70.30000000000007; 0.035297900396854265
70.40000000000006; 0.03571161867367739
70.50000000000006; 0.03612786251728263
70.60000000000007; 0.03654662386447152
70.70000000000006; 0.0369678944990159
70.80000000000007; 0.03739166605378432
70.90000000000006; 0.03781793001288224
71.00000000000006; 0.03824667771378682
71.10000000000007; 0.03867790034949029
71.20000000000006; 0.03911158897064241
71.30000000000007; 0.0395477344876955
71.40000000000006; 0.03998632767304961
71.50000000000006; 0.04042735916320045
71.60000000000007; 0.04087081946088388
71.70000000000006; 0.04131669893722258
71.80000000000007; 0.041764987833869435
71.90000000000006; 0.042215676265149514
72.00000000000006; 0.042668754220200854
72.10000000000007; 0.04312421156511318
72.20000000000006; 0.04358203804505923
72.30000000000007; 0.04404222328642822
72.40000000000006; 0.04450475679894811
72.50000000000006; 0.044969627977812815
72.60000000000007; 0.04543682610579225
72.70000000000006; 0.04590634035534918
72.80000000000007; 0.046378159790739996
72.90000000000006; 0.04685227337011525
73.00000000000006; 0.04732866994761136
73.10000000000007; 0.04780733827543388
73.20000000000006; 0.048288267005937434
73.30000000000007; 0.04877144469369146
73.40000000000006; 0.04925685979754429
73.50000000000007; 0.04974450068267322
73.60000000000007; 0.05023435562262729
73.70000000000006; 0.0507264128013638
73.80000000000007; 0.05122066031526978
73.90000000000006; 0.05171708617517839
74.00000000000007; 0.05221567830837172
74.10000000000007; 0.052716424560573134
74.20000000000006; 0.05321931269793271
74.30000000000007; 0.0537243304089954
74.40000000000006; 0.054231465306664256
74.50000000000007; 0.054740704930145115
74.60000000000007; 0.05525203674688601
74.70000000000006; 0.055765448154500484
74.80000000000007; 0.05628092648267717
74.90000000000006; 0.056798458995081805
75.00000000000007; 0.05731803289124311
75.10000000000007; 0.05783963530842407
75.20000000000006; 0.05836325332348403
75.30000000000007; 0.05888887395472292
75.40000000000006; 0.0594164841637163
75.50000000000007; 0.05994607085713323
75.60000000000007; 0.06047762088854099
75.70000000000006; 0.061011121060195656
75.80000000000007; 0.06154655812482069
75.90000000000006; 0.06208391878736412
76.00000000000007; 0.06262318970675339
76.10000000000007; 0.06316435749761877
76.20000000000007; 0.06370740873202002
76.30000000000007; 0.06425232994114123
76.40000000000006; 0.06479910761698554
76.50000000000007; 0.06534772821404175
76.60000000000007; 0.06589817815094362
76.70000000000007; 0.06645044381211221
76.80000000000007; 0.0670045115493802
76.90000000000006; 0.06756036768360398
77.00000000000007; 0.06811799850625821
77.10000000000007; 0.0686773902810109
77.20000000000007; 0.06923852924529351
77.30000000000007; 0.0698014016118436
77.40000000000006; 0.07036599357023496
77.50000000000007; 0.0709322912883988
77.60000000000007; 0.07150028091411549
77.70000000000007; 0.07206994857650517
77.80000000000007; 0.07264128038748863
77.90000000000006; 0.07321426244324278
78.00000000000007; 0.07378888082563226
78.10000000000007; 0.07436512160363157
78.20000000000007; 0.07494297083472294
78.30000000000007; 0.07552241456628656
78.40000000000006; 0.0761034388369691
78.50000000000007; 0.076686029678037
78.60000000000007; 0.07727017311471472
78.70000000000007; 0.07785585516750512
78.80000000000007; 0.07844306185349746
78.90000000000006; 0.07903177918765104
79.00000000000007; 0.07962199318407387
79.10000000000007; 0.08021368985727578
79.20000000000007; 0.08080685522340987
79.30000000000007; 0.08140147530149605
79.40000000000006; 0.08199753611463158
79.50000000000007; 0.08259502369118163
79.60000000000007; 0.08319392406595488
79.70000000000007; 0.0837942232813675
79.80000000000007; 0.08439590738858403
79.90000000000008; 0.08499896244864547
80.00000000000007; 0.08560337453358835
80.10000000000007; 0.08620928679401178
80.20000000000007; 0.08681653144087657
80.30000000000007; 0.08742509226948067
80.40000000000008; 0.08803495538973187
80.50000000000007; 0.08864610692764062
80.60000000000007; 0.08925853302634
80.70000000000007; 0.08987221984709472
80.80000000000007; 0.09048715357028801
80.90000000000008; 0.09110332039639976
81.00000000000007; 0.09172070654696443
81.10000000000007; 0.09233929826551603
81.20000000000007; 0.0929590818185214
81.30000000000007; 0.09358004349629173
81.40000000000008; 0.09420216961388396
81.50000000000007; 0.09482544651199079
81.60000000000007; 0.09544986055780498
81.70000000000007; 0.09607539814587997
81.80000000000007; 0.09670204569897088
81.90000000000008; 0.0973297896688657
82.00000000000007; 0.09795861653719225
82.10000000000007; 0.09858851281622268
82.20000000000007; 0.09921946504965927
82.30000000000007; 0.0998514598134003
82.40000000000008; 0.10048448371630463
82.50000000000007; 0.10111852340092918
82.60000000000008; 0.10175356554426374
82.70000000000007; 0.10238959685844448
82.80000000000007; 0.10302660409145836
82.90000000000008; 0.10366457402783089
83.00000000000007; 0.10430349348930429
83.10000000000008; 0.10494334933550283
83.20000000000007; 0.10558412846457656
83.30000000000007; 0.10622581781384545
83.40000000000008; 0.10686840436041761
83.50000000000007; 0.10751187512180635
83.60000000000008; 0.1081562171565262
83.70000000000007; 0.1088014175646805
83.80000000000007; 0.10944746348853314
83.90000000000008; 0.11009434211307419
84.00000000000007; 0.11074204066656712
84.10000000000008; 0.11139054642108633
84.20000000000007; 0.11203984669304293
84.30000000000007; 0.11268992884370142
84.40000000000008; 0.11334078027967565
84.50000000000007; 0.11399238845342397
84.60000000000008; 0.11464474086372818
84.70000000000007; 0.11529782505615892
84.80000000000007; 0.11595162862353187
84.90000000000008; 0.11660613920635425
85.00000000000007; 0.11726134449325702
85.10000000000008; 0.11791723222142339
85.20000000000007; 0.11857379017699018
85.30000000000007; 0.11923100619546154
85.40000000000008; 0.11988886816209109
85.50000000000007; 0.12054736401226529
85.60000000000008; 0.1212064817318774
85.70000000000007; 0.12186620935767865
85.80000000000007; 0.12252653497763516
85.90000000000008; 0.1231874467312645
86.00000000000007; 0.12384893280996692
86.10000000000008; 0.12451098145734253
86.20000000000007; 0.1251735809695044
86.30000000000008; 0.12583671969537646
86.40000000000008; 0.12650038603698818
86.50000000000007; 0.1271645684497513
86.60000000000008; 0.12782925544273607
86.70000000000007; 0.12849443557893425
86.80000000000008; 0.12916009747551263
86.90000000000008; 0.12982622980405542
87.00000000000007; 0.13049282129080686
87.10000000000008; 0.13115986071689414
87.20000000000007; 0.13182733691854984
87.30000000000008; 0.13249523878731984
87.40000000000008; 0.13316355527026602
87.50000000000007; 0.1338322753701634
87.60000000000008; 0.13450138814568324
87.70000000000007; 0.1351708827115689
87.80000000000008; 0.13584074823881095
87.90000000000008; 0.13651097395480627
88.00000000000007; 0.13718154914351044
88.10000000000008; 0.13785246314558955
88.20000000000007; 0.13852370535855307
88.30000000000008; 0.1391952652368884
88.40000000000008; 0.13986713229218872
88.50000000000007; 0.14053929609326168
88.60000000000008; 0.14121174626624822
88.70000000000007; 0.1418844724947185
88.80000000000008; 0.14255746451977286
88.90000000000008; 0.14323071214012523
89.00000000000009; 0.14390420521219344
89.10000000000008; 0.1445779336501656
89.20000000000007; 0.1452518874260788
89.30000000000008; 0.14592605656987334
89.40000000000008; 0.14660043116945376
89.50000000000009; 0.1472750013707388
89.60000000000008; 0.1479497573777028
89.70000000000007; 0.14862468945241655
89.80000000000008; 0.14929978791507723
89.90000000000008; 0.14997504314403343
90.00000000000009; 0.15065044557581092
90.10000000000008; 0.1513259857051167
90.20000000000007; 0.15200165408486063
90.30000000000008; 0.15267744132614627
90.40000000000008; 0.1533533380982785
90.50000000000009; 0.1540293351287509
90.60000000000008; 0.15470542320323427
90.70000000000007; 0.15538159316555897
90.80000000000008; 0.15605783591769162
90.90000000000008; 0.15673414241970493
91.00000000000009; 0.15741050368975143
91.10000000000008; 0.1580869108040159
91.20000000000007; 0.15876335489668172
91.30000000000008; 0.1594398271598789
91.40000000000008; 0.16011631884363134
91.50000000000009; 0.16079282125580385
91.60000000000008; 0.16146932576204007
91.70000000000007; 0.16214582378569617
91.80000000000008; 0.16282230680777282
91.90000000000008; 0.16349876636683858
92.00000000000009; 0.16417519405895778
92.10000000000008; 0.16485158153760188
92.20000000000007; 0.16552792051357001
92.30000000000008; 0.1662042027548931
92.40000000000008; 0.16688042008674575
92.50000000000009; 0.16755656439134556
92.60000000000008; 0.16823262760785293
92.70000000000009; 0.16890860173226593
92.80000000000008; 0.16958447881731262
92.90000000000008; 0.17026025097233927
93.00000000000009; 0.17093591036319528
93.10000000000008; 0.17161144921211607
93.20000000000009; 0.17228685979759786
93.30000000000008; 0.1729621344542747
93.40000000000008; 0.17363726557279208
93.50000000000009; 0.174312245599673
93.60000000000008; 0.17498706703718497
93.70000000000009; 0.17566172244320225
93.80000000000008; 0.17633620443106832
93.90000000000008; 0.17701050566944737
94.00000000000009; 0.17768461888218592
94.10000000000008; 0.17835853684815844
94.20000000000009; 0.17903225240112108
94.30000000000008; 0.17970575842955208
94.40000000000008; 0.18037904787650147
94.50000000000009; 0.18105211373943242
94.60000000000008; 0.18172494907005263
94.70000000000009; 0.1823975469741633
94.80000000000008; 0.1830699006114802
94.90000000000008; 0.183742003195477
95.00000000000009; 0.18441384799320645
95.10000000000008; 0.18508542832513633
95.20000000000009; 0.18575673756496577
95.30000000000008; 0.18642776913945994
95.40000000000009; 0.1870985165282605
95.50000000000009; 0.18776897326371217
95.60000000000008; 0.18843913293067954
95.70000000000009; 0.18910898916636246
95.80000000000008; 0.18977853566010994
95.90000000000009; 0.1904477661532339
96.00000000000009; 0.19111667443881597
96.10000000000008; 0.19178525436152238
96.20000000000009; 0.19245349981740975
96.30000000000008; 0.19312140475372727
96.40000000000009; 0.19378896316872496
96.50000000000009; 0.19445616911145902
96.60000000000008; 0.1951230166815848
96.70000000000009; 0.19578950002916834
96.80000000000008; 0.19645561335447626
96.90000000000009; 0.19712135090777672
97.00000000000009; 0.1977867069891379
97.10000000000008; 0.19845167594821825
97.20000000000009; 0.19911625218406712
97.30000000000008; 0.1997804301449104
97.40000000000009; 0.2004442043279495
97.50000000000009; 0.20110756927914694
97.60000000000008; 0.20177051959301567
97.70000000000009; 0.20243304991241548
97.80000000000008; 0.20309515492833022
97.90000000000009; 0.20375682937966286
98.00000000000009; 0.2044180680530185
98.10000000000008; 0.20507886578249035
98.20000000000009; 0.20573921744944265
98.30000000000008; 0.20639911798229585
98.40000000000009; 0.20705856235631231
98.50000000000009; 0.20771754559337158
98.60000000000008; 0.20837606276175993
98.70000000000009; 0.20903410897594724
98.80000000000008; 0.2096916793963672
98.90000000000009; 0.21034876922919787
99.00000000000009; 0.2110053737261422
99.1000000000001; 0.2116614881842082
99.20000000000009; 0.21231710794548161
99.30000000000008; 0.21297222839691216
99.40000000000009; 0.21362684497008116
99.50000000000009; 0.2142809531409884
99.6000000000001; 0.21493454842982354
99.70000000000009; 0.2155876264007449
99.80000000000008; 0.21624018266165426
99.90000000000009; 0.21689221286397176
100.00000000000009; 0.21754370798200132
100.1000000000001; 0.21819448788264253
100.20000000000009; 0.21884472903255464
100.30000000000008; 0.21949442722354137
100.40000000000009; 0.2201435782900046
100.50000000000009; 0.2207921781087195
100.6000000000001; 0.22144022259860685
100.70000000000009; 0.22208770772051525
100.80000000000008; 0.22273462947699638
100.90000000000009; 0.223380983912076
101.00000000000009; 0.2240267671110392
101.1000000000001; 0.22467197520019672
101.20000000000009; 0.22531660434666634
101.30000000000008; 0.22596065075815064
101.40000000000009; 0.22660411068270744
101.50000000000009; 0.22724698040853142
101.6000000000001; 0.2278892562637276
101.70000000000009; 0.2285309346160877
101.8000000000001; 0.22917201187286584
101.90000000000009; 0.22981248448055985
102.00000000000009; 0.23045234892467897
102.1000000000001; 0.23109160172953164
102.20000000000009; 0.2317302394579937
102.3000000000001; 0.23236825871129
102.40000000000009; 0.23300565612877022
102.50000000000009; 0.23364242838768762
102.6000000000001; 0.23427857220297546
102.70000000000009; 0.2349140843270297
102.8000000000001; 0.23554896154948096
102.90000000000009; 0.23618320069697527
103.00000000000009; 0.2368167986329607
103.1000000000001; 0.23744975225745305
103.20000000000009; 0.23808205850682798
103.3000000000001; 0.23871371435359504
103.40000000000009; 0.2393447168061801
103.50000000000009; 0.23997506290870438
103.6000000000001; 0.2406047497407698
103.70000000000009; 0.2412337744172367
103.8000000000001; 0.2418621340880071
103.90000000000009; 0.242489825937808
104.00000000000009; 0.24311684718597493
104.1000000000001; 0.24374319508623432
104.20000000000009; 0.24436886692648935
104.3000000000001; 0.2449938600286015
104.40000000000009; 0.24561817174817746
104.50000000000009; 0.24624179947435834
104.6000000000001; 0.24686474062959549
104.70000000000009; 0.24748699266945143
104.8000000000001; 0.2481085530823713
104.90000000000009; 0.24872941938948628
105.00000000000009; 0.24934958914438776
105.1000000000001; 0.24996905993292878
105.20000000000009; 0.25058782937300206
105.3000000000001; 0.2512058951143386
105.40000000000009; 0.25182325483829493
105.5000000000001; 0.25243990625764523
105.6000000000001; 0.25305584711637136
105.70000000000009; 0.25367107518945925
105.8000000000001; 0.254285588282686
105.90000000000009; 0.25489938423242253
106.0000000000001; 0.2555124609054182
106.1000000000001; 0.2561248161986048
106.20000000000009; 0.2567364480388869
106.3000000000001; 0.2573473543829393
106.40000000000009; 0.25795753321700665
106.5000000000001; 0.25856698255669897
106.6000000000001; 0.2591757004467893
106.70000000000009; 0.25978368496101706
106.8000000000001; 0.2603909342018867
106.90000000000009; 0.2609974463004629
107.0000000000001; 0.2616032194161821
107.1000000000001; 0.2622082517366463
107.20000000000009; 0.26281254147743016
107.3000000000001; 0.2634160868818811
107.40000000000009; 0.26401888622093095
107.5000000000001; 0.26462093779289064
107.6000000000001; 0.2652222399232683
107.70000000000009; 0.2658227909645634
107.8000000000001; 0.26642258929608564
107.90000000000009; 0.2670216333237543
108.0000000000001; 0.26761992147991415
108.1000000000001; 0.2682174522231382
108.2000000000001; 0.26881422403804595
108.3000000000001; 0.2694102354351093
108.40000000000009; 0.27000548495046617
108.5000000000001; 0.2705999711457348
108.6000000000001; 0.27119369260782616
108.7000000000001; 0.27178664794875734
108.8000000000001; 0.2723788358054703
108.90000000000009; 0.2729702548396465
109.0000000000001; 0.2735609037375203
109.1000000000001; 0.27415078120970227
109.2000000000001; 0.2747398859909975
109.3000000000001; 0.27532821684021824
109.40000000000009; 0.27591577254001187
109.5000000000001; 0.27650255189667877
109.6000000000001; 0.27708855373999397
109.7000000000001; 0.2776737769230315
109.8000000000001; 0.27825822032198505
109.90000000000009; 0.27884188283599437
110.0000000000001; 0.2794247633869715
110.1000000000001; 0.2800068609194235
110.2000000000001; 0.2805881744002821
110.3000000000001; 0.2811687028187317
110.40000000000009; 0.28174844518603354
110.5000000000001; 0.2823274005353629
110.6000000000001; 0.2829055679216318
110.7000000000001; 0.28348294642132205
110.8000000000001; 0.28405953513231985
110.90000000000009; 0.2846353331737462
111.0000000000001; 0.28521033968578996
111.1000000000001; 0.28578455382954526
111.2000000000001; 0.286357974786844
111.3000000000001; 0.28693060176009105
111.40000000000009; 0.2875024339721041
111.5000000000001; 0.2880734706659506
111.6000000000001; 0.28864371110478343
111.7000000000001; 0.28921315457168667
111.8000000000001; 0.28978180036950935
111.9000000000001; 0.29034964782070893
112.0000000000001; 0.29091669626719463
112.1000000000001; 0.291482945070171
112.2000000000001; 0.29204839360997537
112.3000000000001; 0.29261304128593063
112.4000000000001; 0.2931768875161847
112.5000000000001; 0.2937399317375606
112.6000000000001; 0.2943021734053997
112.7000000000001; 0.29486361199341193
112.8000000000001; 0.2954242469935245
112.9000000000001; 0.2959840779157306
113.0000000000001; 0.29654310428794034
113.1000000000001; 0.29710132565582925
113.2000000000001; 0.29765874158269845
113.3000000000001; 0.29821535164931595
113.4000000000001; 0.29877115545377864
113.5000000000001; 0.29932615261136475
113.6000000000001; 0.2998803427543867
113.7000000000001; 0.3004337255320522
113.8000000000001; 0.300986300610316
113.9000000000001; 0.30153806767173946
114.0000000000001; 0.3020890264153538
114.1000000000001; 0.3026391765565111
114.2000000000001; 0.3031885178267507
114.3000000000001; 0.303737049973658
114.4000000000001; 0.3042847727607283
114.5000000000001; 0.30483168596722765
114.60000000000011; 0.30537778938805593
114.7000000000001; 0.30592308283361136
114.8000000000001; 0.3064675661296585
114.9000000000001; 0.30701123911719197
115.0000000000001; 0.30755410165230185
115.10000000000011; 0.30809615360604303
115.2000000000001; 0.30863739486430286
115.3000000000001; 0.3091778253276716
115.4000000000001; 0.30971744491131087
115.5000000000001; 0.3102562535448246
115.60000000000011; 0.31079425117213094
115.7000000000001; 0.3113314377513358
115.8000000000001; 0.31186781325460083
115.9000000000001; 0.3124033776680267
116.0000000000001; 0.3129381309915161
116.10000000000011; 0.31347207323865905
116.2000000000001; 0.31400520443660523
116.3000000000001; 0.31453752462593826
116.4000000000001; 0.31506903386055707
116.5000000000001; 0.3155997322075564
116.60000000000011; 0.31612961974710013
116.7000000000001; 0.31665869657230394
116.8000000000001; 0.31718696278911906
116.9000000000001; 0.31771441851620924
117.0000000000001; 0.3182410638848376
117.10000000000011; 0.318766899038743
117.2000000000001; 0.31929192413403207
117.3000000000001; 0.31981613933905945
117.4000000000001; 0.3203395448343114
117.5000000000001; 0.3208621408122959
117.60000000000011; 0.3213839274774256
117.7000000000001; 0.3219049050459103
117.8000000000001; 0.3224250737456392
117.9000000000001; 0.32294443381607385
118.0000000000001; 0.32346298550813807
118.10000000000011; 0.3239807290841055
118.2000000000001; 0.32449766481749415
118.30000000000011; 0.3250137929929558
118.4000000000001; 0.3255291139061681
118.5000000000001; 0.3260436278637325
118.60000000000011; 0.32655733518306324
118.7000000000001; 0.3270702361922836
118.80000000000011; 0.3275823312301211
118.9000000000001; 0.32809362064580616
119.0000000000001; 0.3286041047989665
119.10000000000011; 0.3291137840595237
119.2000000000001; 0.3296226588075954
119.30000000000011; 0.3301307294333881
119.4000000000001; 0.33063799633710433
119.5000000000001; 0.3311444599288356
119.60000000000011; 0.3316501206284705
119.7000000000001; 0.33215497886559003
119.80000000000011; 0.3326590350793727
119.9000000000001; 0.33316228971849726
120.0000000000001; 0.33366474324104833
120.10000000000011; 0.33416639611441773
120.2000000000001; 0.33466724881520904
120.30000000000011; 0.33516730182914856
120.4000000000001; 0.3356665556509828
120.5000000000001; 0.3361650107843967
120.60000000000011; 0.33666266774191017
120.7000000000001; 0.33715952704479213
120.80000000000011; 0.33765558922297173
120.9000000000001; 0.3381508548149398
121.00000000000011; 0.33864532436766964
121.10000000000011; 0.33913899843651535
121.2000000000001; 0.33963187758513724
121.30000000000011; 0.3401239623854016
121.4000000000001; 0.34061525341730003
121.50000000000011; 0.34110575126886106
121.60000000000011; 0.3415954565360663
121.7000000000001; 0.3420843698227598
121.80000000000011; 0.3425724917405694
121.9000000000001; 0.3430598229088171
122.00000000000011; 0.3435463639544386
122.10000000000011; 0.3440321155119004
122.2000000000001; 0.34451707822311517
122.30000000000011; 0.3450012527373627
122.4000000000001; 0.34548463971120535
122.50000000000011; 0.3459672398084122
122.60000000000011; 0.3464490536998735
122.7000000000001; 0.3469300820635241
122.80000000000011; 0.3474103255842654
122.9000000000001; 0.347889784953886
123.00000000000011; 0.34836846087098333
123.10000000000011; 0.34884635404088765
123.2000000000001; 0.34932346517558255
123.30000000000011; 0.349799794993634
123.4000000000001; 0.35027534422011275
123.50000000000011; 0.3507501135865153
123.60000000000011; 0.3512241038306957
123.7000000000001; 0.3516973156967896
123.80000000000011; 0.3521697499351397
123.9000000000001; 0.3526414073022222
124.00000000000011; 0.3531122885605791
124.10000000000011; 0.3535823944787429
124.2000000000001; 0.35405172583116595
124.30000000000011; 0.3545202833981515
124.4000000000001; 0.3549880679657821
124.50000000000011; 0.3554550803258501
124.60000000000011; 0.35592132127578996
124.70000000000012; 0.3563867916186098
124.80000000000011; 0.3568514921628227
124.9000000000001; 0.35731542372237673
125.00000000000011; 0.3577785871165955
125.10000000000011; 0.35824098317010356
125.20000000000012; 0.3587026127127658
125.30000000000011; 0.35916347657961906
125.4000000000001; 0.3596235756108111
125.50000000000011; 0.3600829106515304
125.60000000000011; 0.3605414825519481
125.70000000000012; 0.3609992921671528
125.80000000000011; 0.36145634035708546
125.9000000000001; 0.36191262798647894
126.00000000000011; 0.36236815592479565
126.10000000000011; 0.36282292504616814
126.20000000000012; 0.3632769362293356
126.30000000000011; 0.36373019035758264
126.4000000000001; 0.36418268831868283
126.50000000000011; 0.3646344310048356
126.60000000000011; 0.3650854193126101
126.70000000000012; 0.36553565414288586
126.80000000000011; 0.36598513640079106
126.9000000000001; 0.3664338669956531
127.00000000000011; 0.366881846840931
127.10000000000011; 0.3673290768541664
127.20000000000012; 0.3677755579569253
127.30000000000011; 0.3682212910747409
127.40000000000012; 0.36866627713705796
127.50000000000011; 0.3691105170771813
127.60000000000011; 0.3695540118322163
127.70000000000012; 0.36999676234301854
127.80000000000011; 0.3704387695541382
127.90000000000012; 0.3708800344137697
128.0000000000001; 0.3713205578736938
128.1000000000001; 0.37176034088923027
128.2000000000001; 0.37219938441918293
128.30000000000013; 0.37263768942578834
128.40000000000012; 0.3730752568746679
128.5000000000001; 0.37351208773477257
128.6000000000001; 0.37394818297833454
128.7000000000001; 0.3743835435808193
128.80000000000013; 0.37481817052087246
128.90000000000012; 0.3752520647802736
129.0000000000001; 0.37568522734388626
129.1000000000001; 0.3761176591996109
129.2000000000001; 0.3765493613383347
129.30000000000013; 0.37698033475388604
129.40000000000012; 0.377410580442989
129.5000000000001; 0.37784009940521046
129.6000000000001; 0.3782688926429216
129.7000000000001; 0.3786969611612482
129.80000000000013; 0.37912430596802266
129.90000000000012; 0.379550928073743
130.0000000000001; 0.37997682849152636
130.1000000000001; 0.3804020082370666
130.2000000000001; 0.38082646832858497
130.30000000000013; 0.3812502097867919
130.40000000000012; 0.3816732336348424
130.5000000000001; 0.3820955408982896
130.6000000000001; 0.3825171326050484
130.7000000000001; 0.38293800978534753
130.80000000000013; 0.3833581734716921
130.90000000000012; 0.3837776246988168
131.0000000000001; 0.38419636450365036
131.1000000000001; 0.3846143939252727
131.2000000000001; 0.3850317140048719
131.30000000000013; 0.38544832578571014
131.40000000000012; 0.38586423031307554
131.5000000000001; 0.38627942863425024
131.6000000000001; 0.38669392179846845
131.7000000000001; 0.38710771085687484
131.80000000000013; 0.3875207968624935
131.90000000000012; 0.38793318087018197
132.0000000000001; 0.38834486393659706
132.1000000000001; 0.3887558471201581
132.2000000000001; 0.38916613148100837
132.30000000000013; 0.38957571808097946
132.40000000000012; 0.38998460798355356
132.5000000000001; 0.39039280225382883
132.6000000000001; 0.39080030195848087
132.70000000000013; 0.3912071081657317
132.80000000000013; 0.3916132219453097
132.90000000000012; 0.39201864436841793
133.0000000000001; 0.3924233765076979
133.1000000000001; 0.3928274194371963
133.20000000000013; 0.3932307742323316
133.30000000000013; 0.39363344196985783
133.40000000000012; 0.39403542372783373
133.5000000000001; 0.3944367205855878
133.6000000000001; 0.3948373336236877
133.70000000000013; 0.3952372639239061
133.80000000000013; 0.39563651256918786
133.90000000000012; 0.3960350806436207
134.0000000000001; 0.39643296923240096
134.1000000000001; 0.39683017942180304
134.20000000000013; 0.39722671229915046
134.30000000000013; 0.39762256895277936
134.40000000000012; 0.39801775047201604
134.5000000000001; 0.3984122579471405
134.6000000000001; 0.3988060924693589
134.70000000000013; 0.3991992551307725
134.80000000000013; 0.3995917470243501
134.90000000000012; 0.39998356924389894
135.0000000000001; 0.4003747228840329
135.1000000000001; 0.400765209040147
135.20000000000013; 0.40115502880838905
135.30000000000013; 0.4015441832856271
135.40000000000012; 0.4019326735694288
135.5000000000001; 0.4023205007580273
135.6000000000001; 0.40270766595029694
135.70000000000013; 0.4030941702457289
135.80000000000013; 0.403480014744396
135.90000000000012; 0.40386520054693575
136.0000000000001; 0.40424972875451887
136.1000000000001; 0.40463360046882285
136.20000000000013; 0.4050168167920078
136.30000000000013; 0.4053993788266915
136.40000000000012; 0.4057812876759214
136.5000000000001; 0.406162544443152
136.6000000000001; 0.40654315023222015
136.70000000000013; 0.4069231061473164
136.80000000000013; 0.40730241329296774
136.90000000000012; 0.4076810727740049
137.0000000000001; 0.40805908569554544
137.1000000000001; 0.40843645316296656
137.20000000000013; 0.4088131762818835
137.30000000000013; 0.4091892561581229
137.40000000000012; 0.409564693897704
137.5000000000001; 0.4099394906068129
137.6000000000001; 0.41031364739178244
137.70000000000013; 0.4106871653590668
137.80000000000013; 0.411060045615221
137.90000000000012; 0.41143228926688014
138.0000000000001; 0.4118038974207344
138.1000000000001; 0.4121748711835116
138.20000000000013; 0.4125452116619527
138.30000000000013; 0.4129149199627919
138.40000000000012; 0.4132839971927354
138.5000000000001; 0.4136524444584425
138.60000000000014; 0.414020262866502
138.70000000000013; 0.4143874535234129
138.80000000000013; 0.4147540175355684
138.90000000000012; 0.4151199560092284
139.0000000000001; 0.4154852700505064
139.10000000000014; 0.41584996076534697
139.20000000000013; 0.4162140292595083
139.30000000000013; 0.4165774766385399
139.40000000000012; 0.4169403040077676
139.5000000000001; 0.4173025124722722
139.60000000000014; 0.4176641031368707
139.70000000000013; 0.418025077106101
139.80000000000013; 0.4183854354842008
139.90000000000012; 0.41874517937509065
140.0000000000001; 0.41910430988235575
140.10000000000014; 0.4194628281092295
140.20000000000013; 0.4198207351585737
140.30000000000013; 0.42017803213286636
140.40000000000012; 0.42053472013417653
140.5000000000001; 0.42089080026415704
140.60000000000014; 0.421246273624019
140.70000000000013; 0.42160114131452026
140.80000000000013; 0.42195540443594953
140.90000000000012; 0.4223090640881064
141.0000000000001; 0.42266212137028897
141.10000000000014; 0.42301457738127557
141.20000000000013; 0.42336643321931006
141.30000000000013; 0.4237176899820881
141.40000000000012; 0.42406834876673755
141.5000000000001; 0.4244184106698086
141.60000000000014; 0.4247678767872522
141.70000000000013; 0.425116748214412
141.80000000000013; 0.4254650260460045
141.90000000000012; 0.42581271137610854
142.0000000000001; 0.4261598052981471
142.10000000000014; 0.4265063089048763
142.20000000000013; 0.4268522232883684
142.30000000000013; 0.4271975495400017
142.40000000000012; 0.427542288750441
142.5000000000001; 0.42788644200963144
142.60000000000014; 0.428230010406777
142.70000000000013; 0.4285729950303337
142.80000000000013; 0.4289153969679946
142.90000000000012; 0.42925721730667354
143.0000000000001; 0.4295984571324963
143.10000000000014; 0.4299391175307863
143.20000000000013; 0.43027919958605176
143.30000000000013; 0.43061870438197397
143.40000000000012; 0.430957633001394
143.5000000000001; 0.43129598652630174
143.60000000000014; 0.4316337660378223
143.70000000000013; 0.4319709726162053
143.80000000000013; 0.43230760734081347
143.90000000000012; 0.4326436712901093
144.0000000000001; 0.432979165541645
144.10000000000014; 0.43331409117205155
144.20000000000013; 0.43364844925702584
144.30000000000013; 0.43398224087132026
144.40000000000012; 0.43431546708873164
144.5000000000001; 0.43464812898209254
144.60000000000014; 0.4349802276232554
144.70000000000013; 0.43531176408308736
144.80000000000013; 0.4356427394314567
144.90000000000012; 0.43597315473722525
145.0000000000001; 0.43630301106823355
145.10000000000014; 0.43663230949129517
145.20000000000013; 0.436961051072184
145.30000000000013; 0.4372892368756277
145.40000000000012; 0.43761686796529325
145.50000000000014; 0.43794394540378123
145.60000000000014; 0.43827047025261395
145.70000000000013; 0.4385964435722285
145.80000000000013; 0.43892186642196496
145.90000000000012; 0.4392467398600584
146.00000000000014; 0.4395710649436302
146.10000000000014; 0.439894842728678
146.20000000000013; 0.44021807427006804
146.30000000000013; 0.4405407606215264
146.40000000000012; 0.44086290283563
146.50000000000014; 0.441184501963797
146.60000000000014; 0.4415055590562803
146.70000000000013; 0.44182607516215916
146.80000000000013; 0.44214605132932944
146.90000000000012; 0.4424654886044973
147.00000000000014; 0.44278438803317
147.10000000000014; 0.44310275065964766
147.20000000000013; 0.44342057752701824
147.30000000000013; 0.44373786967714685
147.40000000000012; 0.4440546281506703
147.50000000000014; 0.44437085398698734
147.60000000000014; 0.44468654822425296
147.70000000000013; 0.4450017118993735
147.80000000000013; 0.44531634604799253
147.90000000000012; 0.4456304517044932
148.00000000000014; 0.4459440299019817
148.10000000000014; 0.44625708167228734
148.20000000000013; 0.4465696080459542
148.30000000000013; 0.44688161005223126
148.40000000000012; 0.4471930887190714
148.50000000000014; 0.4475040450731185
148.60000000000014; 0.4478144801397057
148.70000000000013; 0.4481243949428494
148.80000000000013; 0.4484337905052395
148.90000000000012; 0.44874266784823486
149.00000000000014; 0.449051027991859
149.10000000000014; 0.44935887195479207
149.20000000000013; 0.44966620075436486
149.30000000000013; 0.4499730154065566
149.40000000000012; 0.4502793169259826
149.50000000000014; 0.45058510632589477
149.60000000000014; 0.4508903846181745
149.70000000000013; 0.45119515281332434
149.80000000000013; 0.4514994119204674
149.90000000000012; 0.4518031629473379
150.00000000000014; 0.45210640690027826
150.10000000000014; 0.45240915535830434
150.20000000000013; 0.4527113988811259
150.30000000000013; 0.453013138318658
150.40000000000012; 0.4533143746712319
150.50000000000014; 0.4536151089377683
150.60000000000014; 0.45391534211577816
150.70000000000013; 0.4542150752013538
150.80000000000013; 0.45451430918916513
150.90000000000012; 0.45481304507245746
151.00000000000014; 0.4551112838430432
151.10000000000014; 0.45540902649130094
151.20000000000013; 0.45570627400616737
151.30000000000013; 0.4560030273751374
151.40000000000015; 0.4562992875842556
151.50000000000014; 0.4565950556181161
151.60000000000014; 0.4568903324598557
151.70000000000013; 0.45718511909114923
151.80000000000013; 0.45747941649220875
151.90000000000015; 0.4577732256417791
152.00000000000014; 0.45806654751712933
152.10000000000014; 0.45835938309405555
152.20000000000013; 0.4586517333468745
152.30000000000013; 0.45894359924841854
152.40000000000015; 0.45923498177003347
152.50000000000014; 0.45952588188157545
152.60000000000014; 0.45981630055140676
152.70000000000013; 0.4601062387463949
152.80000000000013; 0.4603956974319036
152.90000000000015; 0.4606846775717965
153.00000000000014; 0.4609731801284299
153.10000000000014; 0.46126120606264936
153.20000000000013; 0.4615487563337891
153.30000000000013; 0.4618358318996681
153.40000000000015; 0.462122433716586
153.50000000000014; 0.462408562739322
153.60000000000014; 0.46269421992113063
153.70000000000013; 0.4629794062137411
153.80000000000013; 0.4632641225673504
153.90000000000015; 0.4635483699306274
154.00000000000014; 0.4638321492507023
154.10000000000014; 0.46411546147317234
154.20000000000013; 0.46439830754209177
154.30000000000013; 0.46468068839997506
154.40000000000015; 0.46496260498779174
154.50000000000014; 0.4652440582449654
154.60000000000014; 0.46552504910937076
154.70000000000013; 0.4658055785173307
154.80000000000013; 0.46608564740361713
154.90000000000015; 0.4663652567014457
155.00000000000014; 0.4666444073424759
155.10000000000014; 0.46692310025680617
155.20000000000013; 0.46720133637297706
155.30000000000013; 0.46747911661796493
155.40000000000015; 0.4677564419171812
155.50000000000014; 0.4680333131944713
155.60000000000014; 0.4683097313721142
155.70000000000013; 0.468585697370817
155.80000000000013; 0.4688612121097176
155.90000000000015; 0.4691362765063792
156.00000000000014; 0.46941089147679255
156.10000000000014; 0.4696850579353716
156.20000000000013; 0.46995877679495374
156.30000000000013; 0.47023204896679677
156.40000000000015; 0.4705048753605804
156.50000000000014; 0.4707772568844009
156.60000000000014; 0.4710491944447754
156.70000000000013; 0.4713206889466344
156.80000000000013; 0.47159174129332493
156.90000000000015; 0.4718623523866084
157.00000000000014; 0.4721325231266596
157.10000000000014; 0.4724022544120644
157.20000000000013; 0.4726715471398217
157.30000000000013; 0.4729404022053376
157.40000000000015; 0.4732088205024312
157.50000000000014; 0.47347680292332783
157.60000000000014; 0.47374435035866025
157.70000000000013; 0.47401146369746905
157.80000000000013; 0.4742781438272015
157.90000000000015; 0.47454439163370854
158.00000000000014; 0.4748102080012484
158.10000000000014; 0.4750755938124819
158.20000000000013; 0.47534054994847263
158.30000000000015; 0.47560507728868984
158.40000000000015; 0.4758691767110045
158.50000000000014; 0.47613284909168774
158.60000000000014; 0.47639609530541543
158.70000000000013; 0.4766589162252631
158.80000000000015; 0.476921312722707
158.90000000000015; 0.47718328566762597
159.00000000000014; 0.47744483592829695
159.10000000000014; 0.4777059643713985
159.20000000000013; 0.4779666718620086
159.30000000000015; 0.47822695926360603
159.40000000000015; 0.478486827438067
159.50000000000014; 0.47874627724566987
159.60000000000014; 0.47900530954509135
159.70000000000013; 0.47926392519340577
159.80000000000015; 0.4795221250460904
159.90000000000015; 0.4797799099570195
160.00000000000014; 0.4800372807784677
