energy (keV); transmission
1.0; 0.0
1.1; 0.0
1.2000000000000002; 0.0
1.3000000000000003; 0.0
1.4000000000000004; 0.0
1.5000000000000004; 0.0
1.6000000000000005; 0.0
1.7000000000000006; 0.0
1.8000000000000007; 0.0
1.9000000000000008; 0.0
2.000000000000001; 0.0
2.100000000000001; 0.0
2.200000000000001; 0.0
2.300000000000001; 0.0
2.4000000000000012; 0.0
2.5000000000000013; 0.0
2.6000000000000014; 0.0
2.7000000000000015; 0.0
2.8000000000000016; 0.0
2.9000000000000017; 0.0
3.0000000000000018; 0.0
3.100000000000002; 0.0
3.200000000000002; 0.0
3.300000000000002; 0.0
3.400000000000002; 0.0
3.500000000000002; 0.0
3.6000000000000023; 0.0
3.7000000000000024; 0.0
3.8000000000000025; 0.0
3.9000000000000026; 0.0
4.000000000000003; 0.0
4.100000000000003; 0.0
4.200000000000003; 0.0
4.3000000000000025; 0.0
4.400000000000003; 0.0
4.5000000000000036; 0.0
4.600000000000003; 0.0
4.700000000000003; 0.0
4.800000000000003; 4.683337347e-315
4.900000000000004; 5.423217823709072e-298
5.0000000000000036; 3.5358651247111916e-282
5.100000000000003; 2.475093873071182e-267
5.200000000000004; 1.5289932336079458e-253
5.300000000000004; 1.0330687294412666e-240
5.400000000000004; 9.250445007869418e-229
5.5000000000000036; 1.3040670732576609e-217
5.600000000000004; 3.378729456437914e-207
5.700000000000005; 1.8494393635600054e-197
5.800000000000004; 2.4252206917856815e-188
5.900000000000004; 8.535367922204204e-180
6.000000000000004; 2.174596524e-314
6.100000000000005; 1.3199413564906747e-307
6.200000000000005; 6.569378154931116e-300
6.300000000000004; 1.8449802526548206e-291
6.400000000000005; 1.9843982408064093e-282
6.500000000000005; 5.589054351139098e-273
6.600000000000005; 1.708804397312244e-268
6.700000000000005; 1.7951068468423476e-258
6.800000000000005; 1.84170376400391e-248
6.900000000000006; 1.4499016106901606e-238
7.000000000000005; 7.172911545083116e-229
7.100000000000005; 1.8994696659569685e-219
7.2000000000000055; 0.0
7.300000000000006; 0.0
7.400000000000006; 0.0
7.500000000000005; 0.0
7.600000000000006; 0.0
7.700000000000006; 0.0
7.800000000000006; 0.0
7.900000000000006; 0.0
8.000000000000007; 0.0
8.100000000000007; 0.0
8.200000000000006; 0.0
8.300000000000006; 0.0
8.400000000000006; 0.0
8.500000000000007; 0.0
8.600000000000007; 0.0
8.700000000000006; 0.0
8.800000000000008; 0.0
8.900000000000007; 0.0
9.000000000000007; 0.0
9.100000000000007; 0.0
9.200000000000006; 0.0
9.300000000000008; 0.0
9.400000000000007; 0.0
9.500000000000007; 0.0
9.600000000000009; 0.0
9.700000000000008; 0.0
9.800000000000008; 0.0
9.900000000000007; 2.9e-322
10.000000000000007; 6.8724514316e-314
10.100000000000009; 8.488921311445579e-306
10.200000000000008; 5.601976591589631e-298
10.300000000000008; 2.0263636490818147e-290
10.40000000000001; 4.117021664879685e-283
10.500000000000009; 4.808771653672143e-276
10.600000000000009; 3.30131824579937e-269
10.700000000000008; 1.3605286062764546e-262
10.800000000000008; 3.434253305368248e-256
10.90000000000001; 5.4124545641465274e-250
11.000000000000009; 5.4243000258839436e-244
11.100000000000009; 3.5177781777447144e-238
11.20000000000001; 1.5011116052988049e-232
11.30000000000001; 4.282489998266698e-227
11.40000000000001; 8.293331983920925e-222
11.500000000000009; 1.1061876123477811e-216
11.600000000000009; 1.0304702562802768e-211
11.70000000000001; 6.793993580109126e-207
11.80000000000001; 3.210874179338895e-202
11.90000000000001; 1.1010759777325622e-197
12.00000000000001; 2.7718398180044684e-193
12.10000000000001; 5.179902014346481e-189
12.20000000000001; 7.263040748833062e-185
12.30000000000001; 7.719781363714942e-181
12.40000000000001; 6.281185796149389e-177
12.50000000000001; 3.94922844703083e-173
12.60000000000001; 1.936120583569539e-169
12.70000000000001; 7.465471537174943e-166
12.800000000000011; 2.2829114597393834e-162
12.900000000000011; 5.580644841672133e-159
13.00000000000001; 1.0989062921006752e-155
13.10000000000001; 1.7559118227805423e-152
13.20000000000001; 2.2928134193438256e-149
13.300000000000011; 2.4631793419197736e-146
13.400000000000011; 2.1913239365164153e-143
13.50000000000001; 1.6244713074618643e-140
13.600000000000012; 1.0095289441827005e-137
13.700000000000012; 5.289717355399015e-135
13.800000000000011; 2.3499714647665833e-132
13.900000000000011; 8.898700657921584e-130
14.00000000000001; 2.8870476400794073e-127
14.100000000000012; 8.06473150812057e-125
14.200000000000012; 1.9489432465029377e-122
14.300000000000011; 4.0932605006861405e-120
14.400000000000013; 7.5043704334831385e-118
14.500000000000012; 1.2060822091460243e-115
14.600000000000012; 1.7062108403223024e-113
14.700000000000012; 2.1330062041895784e-111
14.800000000000011; 2.365394103174317e-109
14.900000000000013; 2.3353695807272307e-107
15.000000000000012; 2.0600609552106127e-105
15.100000000000012; 1.6304989368610172e-103
15.200000000000014; 1.1607728894703899e-101
15.300000000000013; 7.456926265397478e-100
15.400000000000013; 4.336175112263988e-98
15.500000000000012; 2.2892201503397255e-96
15.600000000000012; 1.1004099160175238e-94
15.700000000000014; 4.829642716550244e-93
15.800000000000013; 1.9405880334243292e-91
15.900000000000013; 7.1570239778340465e-90
16.000000000000014; 2.4288221337926251e-88
16.100000000000016; 7.602710215238226e-87
16.200000000000014; 2.2001870558767168e-85
16.30000000000001; 5.899880913333204e-84
16.400000000000013; 1.4691288081181214e-82
16.500000000000014; 3.404221777595228e-81
16.600000000000016; 7.355202493912385e-80
16.700000000000014; 1.4846978010568964e-78
16.800000000000015; 2.8052236374019833e-77
16.900000000000013; 4.970211814287392e-76
17.000000000000014; 8.272294526758443e-75
17.100000000000016; 1.2955709291324206e-73
17.200000000000014; 1.9124788957327704e-72
17.300000000000015; 2.665171336658675e-71
17.400000000000013; 3.511696261986287e-70
17.500000000000014; 4.3814793615559757e-69
17.600000000000016; 5.183993997193856e-68
17.700000000000014; 5.824463950775894e-67
17.800000000000015; 6.222770234769634e-66
17.900000000000016; 6.330207119513149e-65
18.000000000000014; 6.139182790336244e-64
18.100000000000016; 5.683248106531858e-63
18.200000000000017; 5.027989901834381e-62
18.300000000000015; 4.2560452451099655e-61
18.400000000000016; 3.4507941014888644e-60
18.500000000000014; 2.682902428900743e-59
18.600000000000016; 2.0022644996314852e-58
18.700000000000017; 1.4358618103947415e-57
18.800000000000015; 9.903963378289097e-57
18.900000000000016; 6.577006590733321e-56
19.000000000000014; 4.2089684081734974e-55
19.100000000000016; 2.5980318599789947e-54
19.200000000000017; 1.548161999902501e-53
19.300000000000015; 8.913781611988106e-53
19.400000000000016; 4.962962224601e-52
19.500000000000018; 2.6742540092640114e-51
19.600000000000016; 1.3956813884426926e-50
19.700000000000017; 7.060270988217318e-50
19.80000000000002; 3.464399797372148e-49
19.900000000000016; 1.6501263321231978e-48
20.000000000000018; 7.634685550547416e-48
20.100000000000016; 2.8523224115186123e-50
20.200000000000017; 1.3615336614362087e-49
20.30000000000002; 6.316080220285633e-49
20.400000000000016; 2.849306244557788e-48
20.500000000000018; 1.2507712876212897e-47
20.600000000000016; 5.346031757365959e-47
20.700000000000017; 2.2261804839388298e-46
20.80000000000002; 9.036864267650281e-46
20.900000000000016; 3.578081770781307e-45
21.000000000000018; 1.3826041891176995e-44
21.10000000000002; 5.21668007642734e-44
21.200000000000017; 1.9229443626021786e-43
21.30000000000002; 6.92846272248037e-43
21.40000000000002; 2.4412956272348156e-42
21.500000000000018; 8.416416804985875e-42
21.60000000000002; 2.8402859702366445e-41
21.700000000000017; 9.386943134366192e-41
21.80000000000002; 3.0395393822938245e-40
21.90000000000002; 9.647216896399284e-40
22.000000000000018; 3.00255779617923e-39
22.10000000000002; 9.1675962081517e-39
22.200000000000017; 2.747068582845142e-38
22.30000000000002; 8.081727461390721e-38
22.40000000000002; 2.3352105201136263e-37
22.500000000000018; 6.629752644999535e-37
22.60000000000002; 1.850019624671699e-36
22.70000000000002; 5.07595103753361e-36
22.80000000000002; 1.3698440937496036e-35
22.90000000000002; 3.6373436979842586e-35
23.00000000000002; 9.506054103813277e-35
23.10000000000002; 2.446012878871396e-34
23.20000000000002; 6.198635453045098e-34
23.30000000000002; 1.5475526733978546e-33
23.40000000000002; 3.807471472849889e-33
23.50000000000002; 9.234141504543437e-33
23.60000000000002; 2.2082528072623516e-32
23.70000000000002; 5.208519130010491e-32
23.80000000000002; 1.2120230820789626e-31
23.90000000000002; 2.7832603940483333e-31
24.00000000000002; 6.308928018938404e-31
24.10000000000002; 1.4119714659915071e-30
24.20000000000002; 3.1208446820757797e-30
24.300000000000022; 6.813951833851863e-30
24.40000000000002; 1.4699717611974248e-29
24.50000000000002; 3.1340213792794375e-29
24.600000000000023; 6.605043097927638e-29
24.70000000000002; 1.3763394853895733e-28
24.800000000000022; 2.836253186140627e-28
24.90000000000002; 5.781294897093032e-28
25.00000000000002; 1.165883275066993e-27
25.100000000000023; 2.3266012866566704e-27
25.20000000000002; 4.5952692504224014e-27
25.300000000000022; 8.984736243331056e-27
25.40000000000002; 1.739347998616179e-26
25.50000000000002; 3.334525291913657e-26
25.600000000000023; 6.331779475172723e-26
25.70000000000002; 1.1910717098424642e-25
25.800000000000022; 2.2199585500546155e-25
25.900000000000023; 4.100336374682266e-25
26.00000000000002; 7.506422788155883e-25
26.100000000000023; 1.3622448642209436e-24
26.200000000000024; 2.4510612171425842e-24
26.300000000000022; 4.373173322666212e-24
26.400000000000023; 7.738344765632706e-24
26.50000000000002; 1.358226552772343e-23
26.600000000000023; 2.365002792491164e-23
26.700000000000024; 4.0858988826735675e-23
26.800000000000022; 7.004868833617386e-23
26.900000000000023; 1.1918661756444172e-22
27.00000000000002; 2.012924581213305e-22
27.100000000000023; 3.374863853695115e-22
27.200000000000024; 5.61783280581791e-22
27.300000000000022; 9.285794513771353e-22
27.400000000000023; 1.524262716085432e-21
27.500000000000025; 2.485093803192796e-21
27.600000000000023; 4.024561676712389e-21
27.700000000000024; 6.4749561493086535e-21
27.800000000000026; 1.0350137225442358e-20
27.900000000000023; 1.643970484887135e-20
28.000000000000025; 2.594939225106288e-20
28.100000000000023; 4.070908338359522e-20
28.200000000000024; 6.347916216781178e-20
28.300000000000026; 9.839899209015322e-20
28.400000000000023; 1.5163962777775524e-19
28.500000000000025; 2.3234830158276343e-19
28.600000000000023; 3.540073888360025e-19
28.700000000000024; 5.363788739381754e-19
28.800000000000026; 8.082713710894926e-19
28.900000000000023; 1.21145649880988e-18
29.000000000000025; 1.806182727344141e-18
29.100000000000026; 2.678897954452398e-18
29.200000000000024; 3.9530102905077884e-18
29.300000000000026; 5.803806957587124e-18
29.400000000000027; 8.479035769834932e-18
29.500000000000025; 1.2327160355802796e-17
29.600000000000026; 1.7835964639513542e-17
29.700000000000024; 2.5685048994878586e-17
29.800000000000026; 3.6816886334010364e-17
29.900000000000027; 5.253256173712942e-17
30.000000000000025; 7.462019190591826e-17
30.100000000000026; 1.055404508811387e-16
30.200000000000024; 1.4862376067892892e-16
30.300000000000026; 2.083977434954586e-16
30.400000000000027; 2.9097942422967905e-16
30.500000000000025; 4.0459876003022356e-16
30.600000000000026; 5.602834353837881e-16
30.700000000000028; 7.727507556551218e-16
30.800000000000026; 1.0615646798447604e-15
30.900000000000027; 1.4526309728324941e-15
31.00000000000003; 1.980121886000631e-15
31.100000000000026; 2.6889444194938012e-15
31.200000000000028; 3.637893937431337e-15
31.300000000000026; 4.903668707970402e-15
31.400000000000027; 6.5859620048123164e-15
31.50000000000003; 8.81389811385532e-15
31.600000000000026; 1.1754138539727917e-14
31.700000000000028; 1.5621056755484525e-14
31.800000000000026; 2.0689466121805232e-14
31.900000000000027; 2.7310488573885053e-14
32.00000000000003; 3.593127414311567e-14
32.10000000000002; 4.7119426547027316e-14
32.20000000000003; 6.159316157938678e-14
32.300000000000026; 8.025842697465556e-14
32.40000000000003; 1.0425444944120725e-13
32.50000000000003; 1.3500945186051164e-13
32.60000000000003; 1.7430860705703277e-13
32.70000000000003; 2.2437667054797326e-13
32.800000000000026; 2.8797817049194216e-13
32.90000000000003; 3.6853853665006367e-13
33.00000000000003; 4.702901303513726e-13
33.10000000000003; 5.984478038800063e-13
33.20000000000003; 7.594193809587238e-13
33.300000000000026; 9.610573216294981e-13
33.40000000000003; 1.2129588273726085e-12
33.50000000000003; 1.5268227693326338e-12
33.60000000000003; 1.916873098693873e-12
33.70000000000003; 2.4003598392886702e-12
33.800000000000026; 2.9981503853153473e-12
33.90000000000003; 3.735425649528085e-12
34.00000000000003; 4.642497648576208e-12
34.10000000000003; 5.755767392480186e-12
34.20000000000003; 7.118844485903639e-12
34.30000000000003; 8.783852672207363e-12
34.40000000000003; 1.0812948680673568e-11
34.50000000000003; 1.3280085197105723e-11
34.60000000000003; 1.6273052593371508e-11
34.70000000000003; 1.9895838248495527e-11
34.80000000000003; 2.4271346899084343e-11
34.90000000000003; 2.9544530497737684e-11
35.00000000000003; 3.588598156187312e-11
35.10000000000003; 4.34960499904886e-11
35.20000000000003; 5.260954984043148e-11
35.30000000000003; 6.350112961471351e-11
35.400000000000034; 7.649138725131853e-11
35.50000000000003; 9.195381923801604e-11
35.60000000000003; 1.103227021445228e-10
35.70000000000003; 1.321020143817968e-10
35.80000000000003; 1.578755161947819e-10
35.900000000000034; 1.8831811679121508e-10
36.00000000000003; 2.2420866912580887e-10
36.10000000000003; 2.6644434521603123e-10
36.20000000000003; 3.160567579770743e-10
36.30000000000003; 3.7423000944513195e-10
36.400000000000034; 4.4232085991873983e-10
36.50000000000003; 5.218812279956587e-10
36.60000000000003; 6.146832477211454e-10
36.70000000000003; 7.227471260927731e-10
36.80000000000003; 8.483720619814693e-10
36.900000000000034; 9.941705061210067e-10
37.00000000000003; 1.163106061176554e-09
37.10000000000003; 1.3585353410023428e-09
37.20000000000003; 1.5842541290273226e-09
37.30000000000003; 1.8445481972238318e-09
37.400000000000034; 2.144249169295349e-09
37.500000000000036; 2.488795834514885e-09
37.60000000000003; 2.8843013420268194e-09
37.70000000000003; 3.3376267293107318e-09
37.80000000000003; 3.856461262881915e-09
37.900000000000034; 4.449410094060093e-09
38.000000000000036; 5.126089757747807e-09
38.10000000000003; 5.897232067519886e-09
38.20000000000003; 6.7747969858673364e-09
38.30000000000003; 7.772095074083858e-09
38.400000000000034; 8.903920151913575e-09
38.500000000000036; 1.0186692822650854e-08
38.60000000000004; 1.1638615544710474e-08
38.70000000000003; 1.3279839955788798e-08
38.80000000000003; 1.513264718033803e-08
38.900000000000034; 1.7221641875260163e-08
39.000000000000036; 1.9573960792181358e-08
39.10000000000004; 2.2219496657435446e-08
39.20000000000003; 2.51911381927072e-08
39.30000000000003; 2.8525027120197232e-08
39.400000000000034; 3.22608330158192e-08
39.500000000000036; 3.644204689248397e-08
39.60000000000004; 4.1116294412567074e-08
39.70000000000003; 4.633566964421721e-08
39.80000000000003; 5.2157090290187735e-08
39.900000000000034; 5.864267532992978e-08
40.000000000000036; 6.586009002987704e-08
40.10000000000004; 7.387870653293384e-08
40.20000000000003; 8.278219128863066e-08
40.30000000000003; 9.265758196297886e-08
40.400000000000034; 1.0359935969860828e-07
40.500000000000036; 1.1570998017892888e-07
40.60000000000004; 1.2910043380396558e-07
40.70000000000004; 1.4389083594014255e-07
40.80000000000003; 1.6021104819843827e-07
40.900000000000034; 1.7820133168387323e-07
41.000000000000036; 1.9801303314603968e-07
41.10000000000004; 2.1980930494328532e-07
41.20000000000004; 2.4376585971363207e-07
41.30000000000003; 2.7007176062318296e-07
41.400000000000034; 2.989302480368567e-07
41.500000000000036; 3.3055960342763375e-07
41.60000000000004; 3.651940513094166e-07
41.70000000000004; 4.030846999427371e-07
41.80000000000004; 4.4450052152596874e-07
41.900000000000034; 4.897293725432434e-07
42.000000000000036; 5.390790548961319e-07
42.10000000000004; 5.928784184003903e-07
42.20000000000004; 6.51478505178409e-07
42.30000000000004; 7.152537364253876e-07
42.400000000000034; 7.846031419735374e-07
42.500000000000036; 8.599516330173492e-07
42.60000000000004; 9.417513183061402e-07
42.70000000000004; 1.030482864043704e-06
42.80000000000004; 1.1266568976704424e-06
42.900000000000034; 1.230815455636365e-06
43.000000000000036; 1.343533475200933e-06
43.10000000000004; 1.4654203302260356e-06
43.20000000000004; 1.5971214108523295e-06
43.30000000000004; 1.7393197468745944e-06
43.400000000000034; 1.8927376745539403e-06
43.500000000000036; 2.058138546525026e-06
43.60000000000004; 2.236328484378755e-06
43.70000000000004; 2.4281581734165857e-06
43.80000000000004; 2.6345246989922863e-06
43.90000000000004; 2.8563734237740146e-06
44.000000000000036; 3.0946999051774256e-06
44.10000000000004; 3.350551852132501e-06
44.20000000000004; 3.6250311202675936e-06
44.30000000000004; 3.919295744510209e-06
44.40000000000004; 4.234562008015411e-06
44.500000000000036; 4.572106546254779e-06
44.60000000000004; 4.933268485015858e-06
44.70000000000004; 5.319451610976849e-06
44.80000000000004; 5.732126573443125e-06
44.90000000000004; 6.1728331157536505e-06
45.00000000000004; 6.643182334784524e-06
45.10000000000004; 7.144858966903271e-06
45.20000000000004; 7.679623698648306e-06
45.30000000000004; 8.249315500343102e-06
45.40000000000004; 8.855853980772933e-06
45.50000000000004; 9.501241760993795e-06
45.60000000000004; 1.018756686527374e-05
45.70000000000004; 1.0917005127099368e-05
45.80000000000004; 1.1691822608121222e-05
45.90000000000004; 1.251437802786796e-05
46.00000000000004; 1.3387125201972151e-05
46.10000000000004; 1.4312615486641174e-05
46.20000000000004; 1.5293500227019228e-05
46.30000000000004; 1.6332533207069408e-05
46.40000000000004; 1.743257309854467e-05
46.50000000000004; 1.8596585906594193e-05
46.60000000000004; 1.9827647409506472e-05
46.70000000000004; 2.112894559006502e-05
46.80000000000004; 2.2503783055959275e-05
46.90000000000004; 2.3955579446683456e-05
47.00000000000004; 2.5487873824324268e-05
47.100000000000044; 2.710432704563503e-05
47.20000000000004; 2.880872411276065e-05
47.30000000000004; 3.0604976500015485e-05
47.40000000000004; 3.249712445404933e-05
47.50000000000004; 3.4489339264799835e-05
47.600000000000044; 3.6585925504603974e-05
47.70000000000004; 3.8791323232832944e-05
47.80000000000004; 4.111011016348449e-05
47.90000000000004; 4.3547003793116464e-05
48.00000000000004; 4.61068634865757e-05
48.100000000000044; 4.8794692517968434e-05
48.200000000000045; 5.161564006439127e-05
48.30000000000004; 5.457500314990938e-05
48.40000000000004; 5.767822853735732e-05
48.50000000000004; 6.0930914565556284e-05
48.600000000000044; 6.433881292959443e-05
48.700000000000045; 6.790783040184616e-05
48.80000000000004; 7.164403049147198e-05
48.90000000000004; 7.555363504018046e-05
49.00000000000004; 7.964302575209792e-05
49.100000000000044; 8.391874565567905e-05
49.200000000000045; 8.838750049555001e-05
49.30000000000004; 9.305616005240576e-05
49.40000000000004; 9.793175938899259e-05
49.50000000000004; 0.00010302150002032831
49.600000000000044; 0.00010833275100650891
49.700000000000045; 0.00011387304996623094
49.80000000000004; 0.00011965010400960686
49.90000000000004; 0.00012567179058861427
50.00000000000004; 0.0001319461582637261
50.100000000000044; 0.00013848384386618552
50.200000000000045; 0.00014529105433448033
50.30000000000005; 0.0001523763402769648
50.40000000000004; 0.0001597484514020194
50.50000000000004; 0.00016741631140366496
50.600000000000044; 0.00017538901820464826
50.700000000000045; 0.000183675844107813
50.80000000000005; 0.0001922862358549845
50.90000000000004; 0.00020122981459267845
51.00000000000004; 0.0002105163757440283
51.100000000000044; 0.00022015588878643075
51.200000000000045; 0.0002301584969345019
51.30000000000005; 0.00024053451672799596
51.40000000000005; 0.0002512944375245304
51.50000000000004; 0.0002624489208967848
51.600000000000044; 0.00027400879993439575
51.700000000000045; 0.0002859850784503128
51.80000000000005; 0.0002983889300918907
51.90000000000005; 0.0003112316973569233
52.00000000000004; 0.0003245248905147682
52.100000000000044; 0.0003382801864331797
52.200000000000045; 0.00035250942731110125
52.30000000000005; 0.00036722461931805477
52.40000000000005; 0.00038243793114077
52.50000000000004; 0.0003981616924377553
52.600000000000044; 0.0004144083922025048
52.700000000000045; 0.00043119067703631934
52.80000000000005; 0.000448521349331751
52.90000000000005; 0.00046641336536739643
53.00000000000004; 0.00048487983331542916
53.100000000000044; 0.000503934011162886
53.200000000000045; 0.0005235893045479318
53.30000000000005; 0.0005438592645124344
53.40000000000005; 0.0005647575851721629
53.50000000000005; 0.0005862981013060582
53.600000000000044; 0.0006084947858661314
53.700000000000045; 0.0006313617474091962
53.80000000000005; 0.0006549132274525526
53.90000000000005; 0.0006791635977547993
54.00000000000005; 0.0007041273575237322
54.100000000000044; 0.0007298191305528613
54.200000000000045; 0.0007562536622886994
54.30000000000005; 0.000783445816830174
54.40000000000005; 0.0008114105738623895
54.50000000000005; 0.0008401630255266645
54.60000000000005; 0.0008697183732283714
54.700000000000045; 0.0009000919243852219
54.80000000000005; 0.0009312990891174758
54.90000000000005; 0.0009633553768822516
55.00000000000005; 0.0009962763930543694
55.10000000000005; 0.001030077835455077
55.200000000000045; 0.0010647754908316657
55.30000000000005; 0.0011003852312895265
55.40000000000005; 0.0011369230106787706
55.50000000000005; 0.001174404860938183
55.60000000000005; 0.0012128468883980744
55.700000000000045; 0.0012522652700444003
55.80000000000005; 0.0012926762497465717
55.90000000000005; 0.001334096134451081
56.00000000000005; 0.0013765412903427976
56.10000000000005; 0.0014200281389770274
56.200000000000045; 0.0014645731533833007
56.30000000000005; 0.001510192854144564
56.40000000000005; 0.001556903805452621
56.50000000000005; 0.0016047226111431374
56.60000000000005; 0.0016536659107115983
56.70000000000005; 0.0017037503753132173
56.80000000000005; 0.0017549927037480983
56.90000000000005; 0.0018074096184343246
57.00000000000005; 0.0018610178613715817
57.10000000000005; 0.0019158341900964138
57.20000000000005; 0.001971875373631873
57.30000000000005; 0.0020291581884340714
57.40000000000005; 0.002087699414336659
57.50000000000005; 0.002147515830495979
57.60000000000005; 0.002208624211339557
57.70000000000005; 0.0022710413225181226
57.800000000000054; 0.0023347839168652096
57.90000000000005; 0.0023998687303650387
58.00000000000005; 0.0024663124781305872
58.10000000000005; 0.0025341318503950376
58.20000000000005; 0.0026033435085165164
58.300000000000054; 0.0026739640809996922
58.40000000000005; 0.0027460101595353967
58.50000000000005; 0.002819498295059724
58.60000000000005; 0.0028944449938345385
58.70000000000005; 0.0029708667135521795
58.800000000000054; 0.0030487798594636276
58.90000000000005; 0.0031282007805347
59.00000000000005; 0.0032091457656292727
59.10000000000005; 0.0032916310397231
59.20000000000005; 0.0033756727601483533
59.300000000000054; 0.0034612870128712427
59.40000000000005; 0.0035484898088034996
59.50000000000005; 0.0036372970801499763
59.60000000000005; 0.0037277246767928604
59.70000000000005; 0.0038197883627142334
59.800000000000054; 0.003913503812458487
59.900000000000055; 0.004008886607635712
60.00000000000005; 0.004105952233466142
60.10000000000005; 0.004204698024958034
60.20000000000005; 0.004305156655444766
60.300000000000054; 0.004407343286106765
60.400000000000055; 0.004511272966365524
60.50000000000005; 0.004616960632345992
60.60000000000005; 0.0047244211036974225
60.70000000000005; 0.004833669080464803
60.800000000000054; 0.004944719140009996
60.900000000000055; 0.005057585733985133
61.00000000000006; 0.0051722831853574635
61.10000000000005; 0.005288825685487435
61.20000000000005; 0.005407227291260565
61.300000000000054; 0.005527501922273579
61.400000000000055; 0.005649663358074956
61.50000000000006; 0.005773725235462555
61.60000000000005; 0.005899701045835549
61.70000000000005; 0.0060276041326041375
61.800000000000054; 0.006157447688656162
61.900000000000055; 0.006289244753882005
62.00000000000006; 0.006423008212755404
62.10000000000005; 0.006558750791975537
62.20000000000005; 0.00669648505816564
62.300000000000054; 0.0068362234156311855
62.400000000000055; 0.0069779781041784455
62.50000000000006; 0.007121761196990434
62.60000000000005; 0.00726758459856502
62.70000000000005; 0.0074154600427108934
62.800000000000054; 0.007565399090604422
62.900000000000055; 0.007717413128907234
63.00000000000006; 0.007871513367942123
63.10000000000006; 0.008027710839931274
63.20000000000005; 0.008186016397293128
63.300000000000054; 0.008346440711000004
63.400000000000055; 0.008508994268996326
63.50000000000006; 0.008673687374676005
63.60000000000006; 0.008840530145419582
63.70000000000005; 0.009009532511192754
63.800000000000054; 0.009180704213202636
63.900000000000055; 0.00935405480261399
64.00000000000006; 0.009529593639325802
64.10000000000005; 0.009707329890804877
64.20000000000006; 0.009887272530979103
64.30000000000005; 0.01006943033918987
64.40000000000006; 0.010253811899200872
64.50000000000006; 0.010440425598265472
64.60000000000005; 0.010629279626252132
64.70000000000006; 0.01082038197482503
64.80000000000005; 0.011013740436682927
64.90000000000006; 0.011209362604854245
65.00000000000006; 0.011407255872045023
65.10000000000005; 0.011607427430047007
65.20000000000006; 0.011809884269195436
65.30000000000005; 0.012014633177884468
65.40000000000006; 0.012221680742135964
65.50000000000006; 0.012431033345219155
65.60000000000005; 0.012642697167326414
65.70000000000006; 0.012856678185299158
65.80000000000005; 0.013072982172404681
65.90000000000006; 0.013291614698165952
66.00000000000006; 0.013512581128241297
66.10000000000005; 0.013735886624351929
66.20000000000006; 0.013961536144261598
66.30000000000005; 0.014189534441802796
66.40000000000006; 0.014419886066951576
66.50000000000006; 0.01465259536594918
66.60000000000005; 0.014887666481470984
66.70000000000006; 0.015125103352841522
66.80000000000005; 0.015364909716292964
66.90000000000006; 0.015607089105271307
67.00000000000006; 0.01585164485078223
67.10000000000007; 0.016098580081785843
67.20000000000006; 0.01634789772562726
67.30000000000005; 0.016599600508515604
67.40000000000006; 0.016853690956038194
67.50000000000006; 0.017110171393720282
67.60000000000007; 0.01736904394762015
67.70000000000006; 0.017630310544965833
67.80000000000005; 0.01789397291482929
67.90000000000006; 0.018160032588838457
68.00000000000006; 0.01842849090192446
68.10000000000007; 0.018699348993106896
68.20000000000006; 0.018972607806313588
68.30000000000005; 0.019248268091234238
68.40000000000006; 0.01952633040420931
68.50000000000006; 0.019806795109150788
68.60000000000007; 0.02008966237849594
68.70000000000006; 0.02037493219419218
68.80000000000005; 0.02066260434871335
68.90000000000006; 0.02095267844610658
69.00000000000006; 0.02124515390306684
69.10000000000007; 0.02154002995004199
69.20000000000006; 0.021837305632365373
69.30000000000005; 0.022136979811415523
69.40000000000006; 0.022439051165801097
69.50000000000006; 0.022743518192574457
69.60000000000007; 0.023050379208468214
69.70000000000006; 0.023359632351156786
69.80000000000007; 0.02367127558054124
69.90000000000006; 0.023985306680058154
70.00000000000006; 0.02430172325800975
70.10000000000007; 0.024620522748915658
70.20000000000006; 0.024941702414887103
70.30000000000007; 0.025265259347019446
70.40000000000006; 0.025591190466804047
70.50000000000006; 0.025919492527562274
70.60000000000007; 0.02625016211589299
70.70000000000006; 0.02658319565314287
70.80000000000007; 0.026918589396887058
70.90000000000006; 0.027256339442433702
71.00000000000006; 0.02759644172433744
71.10000000000007; 0.027938892017932298
71.20000000000006; 0.02828368594087653
71.30000000000007; 0.028630818954712207
71.40000000000006; 0.028980286366436982
71.50000000000006; 0.029332083330090485
71.60000000000007; 0.029686204848349818
71.70000000000006; 0.030042645774138843
71.80000000000007; 0.030401400812246317
71.90000000000006; 0.03076246452095468
72.00000000000006; 0.03112583131367911
72.10000000000007; 0.031491495460616234
72.20000000000006; 0.0318594510903979
72.30000000000007; 0.03222969219175763
72.40000000000006; 0.0326022126151987
72.50000000000006; 0.03297700607467695
72.60000000000007; 0.033354066149279916
72.70000000000006; 0.033733386284922
72.80000000000007; 0.03411495979603644
72.90000000000006; 0.034498779867277195
73.00000000000006; 0.03488483955522349
73.10000000000007; 0.03527313179008696
73.20000000000006; 0.0356636493774256
73.30000000000007; 0.036056384999855605
73.40000000000006; 0.036451331218770665
73.50000000000007; 0.0368484804760593
73.60000000000007; 0.03724782509582457
73.70000000000006; 0.03764935728610759
73.80000000000007; 0.03805306914060735
73.90000000000006; 0.0384589526404044
74.00000000000007; 0.03886699965568205
74.10000000000007; 0.039277201947446515
74.20000000000006; 0.039689551169249694
74.30000000000007; 0.0401040388689054
74.40000000000006; 0.04052065649020897
74.50000000000007; 0.04093939537464917
74.60000000000007; 0.04136024676312305
74.70000000000006; 0.041783201797644685
74.80000000000007; 0.042208251523049425
74.90000000000006; 0.04263538688869897
75.00000000000007; 0.043064598750179595
75.10000000000007; 0.043495877870994924
75.20000000000006; 0.043929214924257595
75.30000000000007; 0.044364600494372346
75.40000000000006; 0.0448020250787175
75.50000000000007; 0.04524147908931828
75.60000000000007; 0.04568295285451514
75.70000000000006; 0.046126436620625835
75.80000000000007; 0.04657192055360336
75.90000000000006; 0.04701939474068118
76.00000000000007; 0.047468849192022176
76.10000000000007; 0.04792027384234631
76.20000000000007; 0.04837365855256609
76.30000000000007; 0.04882899311140059
76.40000000000006; 0.04928626723699372
76.50000000000007; 0.049745470578514146
76.60000000000007; 0.05020659271775325
76.70000000000007; 0.050669623170713524
76.80000000000007; 0.05113455138918604
76.90000000000006; 0.051601366762321896
77.00000000000007; 0.05207005861819286
77.10000000000007; 0.05254061622533986
77.20000000000007; 0.05301302879432081
77.30000000000007; 0.053487285479239144
77.40000000000006; 0.053963375379265696
77.50000000000007; 0.05444128754015586
77.60000000000007; 0.05492101095574598
77.70000000000007; 0.05540253456945169
77.80000000000007; 0.05588584727574425
77.90000000000006; 0.05637093792162568
78.00000000000007; 0.05685779530808635
78.10000000000007; 0.0573464081915574
78.20000000000007; 0.05783676528534572
78.30000000000007; 0.05832885526106456
78.40000000000006; 0.058822666750048734
78.50000000000007; 0.05931818834475903
78.60000000000007; 0.05981540860017641
78.70000000000007; 0.06031431603518315
78.80000000000007; 0.06081489913393575
78.90000000000006; 0.06131714634721892
79.00000000000007; 0.061821046093797724
79.10000000000007; 0.06232658676174944
79.20000000000007; 0.06283375670978754
79.30000000000007; 0.06334254426857197
79.40000000000006; 0.06385293774201019
79.50000000000007; 0.06436492540854243
79.60000000000007; 0.06487849552241567
79.70000000000007; 0.06539363631494934
79.80000000000007; 0.06591033599578229
79.90000000000008; 0.06642858275411008
80.00000000000007; 0.06694836475991595
80.10000000000007; 0.06746980538225765
80.20000000000007; 0.06799276046877434
80.30000000000007; 0.06851721614677905
80.40000000000008; 0.06904316050717162
80.50000000000007; 0.06957058162734252
80.60000000000007; 0.07009946757232416
80.70000000000007; 0.07062980639593285
80.80000000000007; 0.07116158614189293
80.90000000000008; 0.07169479484495313
81.00000000000007; 0.07222942053198692
81.10000000000007; 0.07276545122308127
81.20000000000007; 0.07330287493261628
81.30000000000007; 0.07384167967032602
81.40000000000008; 0.0743818534423509
81.50000000000007; 0.0749233842522805
81.60000000000007; 0.07546626010217433
81.70000000000007; 0.07601046899357916
81.80000000000007; 0.07655599892852992
81.90000000000008; 0.07710283791054157
82.00000000000007; 0.07765097394558013
82.10000000000007; 0.07820039504303151
82.20000000000007; 0.07875108921665389
82.30000000000007; 0.07930304448551234
82.40000000000008; 0.07985624887491244
82.50000000000007; 0.08041069041730986
82.60000000000008; 0.08096635715321715
82.70000000000007; 0.08152323713209172
82.80000000000007; 0.08208131841321546
82.90000000000008; 0.0826405890665594
83.00000000000007; 0.08320103717363944
83.10000000000008; 0.08376265082836003
83.20000000000007; 0.08432541813783925
83.30000000000007; 0.08488932722323252
83.40000000000008; 0.08545436622053397
83.50000000000007; 0.08602052328137523
83.60000000000008; 0.08658778657380609
83.70000000000007; 0.08715614428306574
83.80000000000007; 0.08772558461234074
83.90000000000008; 0.08829609578351545
84.00000000000007; 0.08886766603790652
84.10000000000008; 0.08944028363698739
84.20000000000007; 0.09001393686310193
84.30000000000007; 0.09058861402016856
84.40000000000008; 0.091164303434366
84.50000000000007; 0.09174099345481668
84.60000000000008; 0.09231867245425507
84.70000000000007; 0.09289732882968306
84.80000000000007; 0.0934769510030163
84.90000000000008; 0.09405752742172048
85.00000000000007; 0.09463904655943446
85.10000000000008; 0.0952214969165884
85.20000000000007; 0.09580486702099733
85.30000000000007; 0.09638914542846405
85.40000000000008; 0.09697432072335321
85.50000000000007; 0.09756038151916491
85.60000000000008; 0.09814731645909934
85.70000000000007; 0.09873511421659921
85.80000000000007; 0.09932376349589661
85.90000000000008; 0.09991325303254052
86.00000000000007; 0.10050357159391779
86.10000000000008; 0.101094707979761
86.20000000000007; 0.10168665102265095
86.30000000000008; 0.10227938958850435
86.40000000000008; 0.10287291257705747
86.50000000000007; 0.10346720892233233
86.60000000000008; 0.1040622675931014
86.70000000000007; 0.1046580775933381
86.80000000000008; 0.1052546279626593
86.90000000000008; 0.10585190777675452
87.00000000000007; 0.10644990614781515
87.10000000000008; 0.1070486122249444
87.20000000000007; 0.1076480151945652
87.30000000000008; 0.10824810428081398
87.40000000000008; 0.10884886874592786
87.50000000000007; 0.10945029789062621
87.60000000000008; 0.11005238105447727
87.70000000000007; 0.11065510761625742
87.80000000000008; 0.11125846699430839
87.90000000000008; 0.11186244864687808
88.00000000000007; 0.11246704207245445
88.10000000000008; 0.11307223681009704
88.20000000000007; 0.11367802243975013
88.30000000000008; 0.11428438858255614
88.40000000000008; 0.11489132490116104
88.50000000000007; 0.11549882110000131
88.60000000000008; 0.11610686692559867
88.70000000000007; 0.11671545216683242
88.80000000000008; 0.11732456665521492
88.90000000000008; 0.11793420026514967
89.00000000000009; 0.11854434291419437
89.10000000000008; 0.11915498456330045
89.20000000000007; 0.11976611521706268
89.30000000000008; 0.12037772492394481
89.40000000000008; 0.12098980377651013
89.50000000000009; 0.12160234191164007
89.60000000000008; 0.12221532951074426
89.70000000000007; 0.12282875679996784
89.80000000000008; 0.12344261405038799
89.90000000000008; 0.1240568915782041
90.00000000000009; 0.12467157974492717
90.10000000000008; 0.12528666895754825
90.20000000000007; 0.12590214966872124
90.30000000000008; 0.12651801237691596
90.40000000000008; 0.12713424762658546
90.50000000000009; 0.127750846008313
90.60000000000008; 0.12836779815895877
90.70000000000007; 0.1289850947617997
90.80000000000008; 0.12960272654666222
90.90000000000008; 0.1302206842900477
91.00000000000009; 0.13083895881525967
91.10000000000008; 0.13145754099251056
91.20000000000007; 0.132076421739039
91.30000000000008; 0.13269559201920963
91.40000000000008; 0.13331504284461063
91.50000000000009; 0.13393476527414888
91.60000000000008; 0.13455475041413642
91.70000000000007; 0.13517498941837103
91.80000000000008; 0.1357954734882135
91.90000000000008; 0.1364161938726565
92.00000000000009; 0.1370371418683952
92.10000000000008; 0.137658308819882
92.20000000000007; 0.13827968611938815
92.30000000000008; 0.13890126520704832
92.40000000000008; 0.13952303757091186
92.50000000000009; 0.14014499474698028
92.60000000000008; 0.14076712831924446
92.70000000000009; 0.14138942991971543
92.80000000000008; 0.14201189122845156
92.90000000000008; 0.142634503973581
93.00000000000009; 0.14325725993131905
93.10000000000008; 0.143880150925983
93.20000000000009; 0.1445031688299975
93.30000000000008; 0.1451263055639013
93.40000000000008; 0.14574955309634902
93.50000000000009; 0.1463729034441048
93.60000000000008; 0.14699634867203565
93.70000000000009; 0.1476198808930988
93.80000000000008; 0.14824349226832817
93.90000000000008; 0.14886717500680943
94.00000000000009; 0.14949092136566294
94.10000000000008; 0.15011472365001055
94.20000000000009; 0.15073857421294934
94.30000000000008; 0.15136246545551055
94.40000000000008; 0.15198638982662707
94.50000000000009; 0.15261033982309108
94.60000000000008; 0.15323430798950177
94.70000000000009; 0.15385828691822762
94.80000000000008; 0.15448226924934197
94.90000000000008; 0.1551062476705782
95.00000000000009; 0.15573021491726233
95.10000000000008; 0.15635416377225891
95.20000000000009; 0.1569780870658974
95.30000000000008; 0.15760197767591372
95.40000000000009; 0.15822582852736916
95.50000000000009; 0.1588496325925823
95.60000000000008; 0.15947338289105084
95.70000000000009; 0.16009707248937138
95.80000000000008; 0.16072069450115598
95.90000000000009; 0.1613442420869481
96.00000000000009; 0.16196770845413042
96.10000000000008; 0.16259108685683943
96.20000000000009; 0.16321437059587032
96.30000000000008; 0.16383755301857705
96.40000000000009; 0.16446062751877782
96.50000000000009; 0.16508358753665556
96.60000000000008; 0.1657064265586471
96.70000000000009; 0.16632913811734742
96.80000000000008; 0.1669517157913936
96.90000000000009; 0.16757415320535682
97.00000000000009; 0.16819644402963285
97.10000000000008; 0.16881858198032162
97.20000000000009; 0.1694405608191172
97.30000000000008; 0.17006237435318197
97.40000000000009; 0.1706840164350322
97.50000000000009; 0.17130548096241033
97.60000000000008; 0.1719267618781597
97.70000000000009; 0.17254785317010493
97.80000000000008; 0.17316874887091296
97.90000000000009; 0.17378944305797075
98.00000000000009; 0.17440992985324943
98.10000000000008; 0.1750302034231716
98.20000000000009; 0.1756502579784737
98.30000000000008; 0.17627008777407022
98.40000000000009; 0.17688968710891737
98.50000000000009; 0.17750905032586567
98.60000000000008; 0.1781281718115255
98.70000000000009; 0.1787470459961193
98.80000000000008; 0.17936566735333692
98.90000000000009; 0.179984030400189
99.00000000000009; 0.18060212969686068
99.1000000000001; 0.18121995984656372
99.20000000000009; 0.1818375154953802
99.30000000000008; 0.18245479133211878
99.40000000000009; 0.18307178208815233
99.50000000000009; 0.18368848253727263
99.6000000000001; 0.18430488749553003
99.70000000000009; 0.18492099182107888
99.80000000000008; 0.18553679041401885
99.90000000000009; 0.18615227821623465
100.00000000000009; 0.18676744575336984
100.1000000000001; 0.18738212190761966
100.20000000000009; 0.1879964723312216
100.30000000000008; 0.18861049210249908
100.40000000000009; 0.18922417634090516
100.50000000000009; 0.1898375202068592
100.6000000000001; 0.19045051890157974
100.70000000000009; 0.19106316766692596
100.80000000000008; 0.19167546178523187
100.90000000000009; 0.19228739657913566
101.00000000000009; 0.1928989674114217
101.1000000000001; 0.19351016968484433
101.20000000000009; 0.19412099884196451
101.30000000000008; 0.19473145036498293
101.40000000000009; 0.19534151977556502
101.50000000000009; 0.19595120263467616
101.6000000000001; 0.1965604945424083
101.70000000000009; 0.19716939113780857
101.8000000000001; 0.19777788809870692
101.90000000000009; 0.19838598114154793
102.00000000000009; 0.1989936660212093
102.1000000000001; 0.1996009385308386
102.20000000000009; 0.2002077945016712
102.3000000000001; 0.2008142298028595
102.40000000000009; 0.20142024034129674
102.50000000000009; 0.20202582206144248
102.6000000000001; 0.2026309709451456
102.70000000000009; 0.20323568301147235
102.8000000000001; 0.2038399543165235
102.90000000000009; 0.20444378095325982
103.00000000000009; 0.2050471590513317
103.1000000000001; 0.20565008477688895
103.20000000000009; 0.20625255433241488
103.3000000000001; 0.20685456395654228
103.40000000000009; 0.2074561099238776
103.50000000000009; 0.20805718854482022
103.6000000000001; 0.2086577961653885
103.70000000000009; 0.20925792916703642
103.8000000000001; 0.2098575839664766
103.90000000000009; 0.21045675701550134
104.00000000000009; 0.21105544480080457
104.1000000000001; 0.21165364384380092
104.20000000000009; 0.21225135070044882
104.3000000000001; 0.21284856196106802
104.40000000000009; 0.21344527425016227
104.50000000000009; 0.2140414842262432
104.6000000000001; 0.21463718858164124
104.70000000000009; 0.21523238404234007
104.8000000000001; 0.21582706736778218
104.90000000000009; 0.21642123535070457
105.00000000000009; 0.21701488481694597
105.1000000000001; 0.21760801262527965
105.20000000000009; 0.21820061566722362
105.3000000000001; 0.21879269086686945
105.40000000000009; 0.21938423518070044
105.5000000000001; 0.21997524559741344
105.6000000000001; 0.2205657191377386
105.70000000000009; 0.22115565285426433
105.8000000000001; 0.2217450438312537
105.90000000000009; 0.22233388918447408
106.0000000000001; 0.2229221860610103
106.1000000000001; 0.22350993163909508
106.20000000000009; 0.22409712312792662
106.3000000000001; 0.22468375776749175
106.40000000000009; 0.22526983282839144
106.5000000000001; 0.22585534561166193
106.6000000000001; 0.2264402934485972
106.70000000000009; 0.2270246737005765
106.8000000000001; 0.22760848375888704
106.90000000000009; 0.22819172104454336
107.0000000000001; 0.22877438300812122
107.1000000000001; 0.22935646712957505
107.20000000000009; 0.22993797091806653
107.3000000000001; 0.23051889191178745
107.40000000000009; 0.23109922767779228
107.5000000000001; 0.23167897581181468
107.6000000000001; 0.2322581339381056
107.70000000000009; 0.23283669970924842
107.8000000000001; 0.2334146708059976
107.90000000000009; 0.23399204493709766
108.0000000000001; 0.23456881983911862
108.1000000000001; 0.2351449932762769
108.2000000000001; 0.235720563040273
108.3000000000001; 0.23629552695011494
108.40000000000009; 0.23686988285195
108.5000000000001; 0.2374436286188961
108.6000000000001; 0.2380167621508717
108.7000000000001; 0.23858928137442584
108.8000000000001; 0.23916118424257302
108.90000000000009; 0.23973246873462417
109.0000000000001; 0.2403031328560161
109.1000000000001; 0.2408731746381492
109.2000000000001; 0.24144259213822192
109.3000000000001; 0.24201138343905748
109.40000000000009; 0.24257954664894668
109.5000000000001; 0.24314707990147974
109.6000000000001; 0.24371398135538164
109.7000000000001; 0.24428024919435007
109.8000000000001; 0.24484588162688944
109.90000000000009; 0.24541087688615007
110.0000000000001; 0.24597523322976697
110.1000000000001; 0.24653894893969494
110.2000000000001; 0.24710202232205025
110.3000000000001; 0.24766445170695048
110.40000000000009; 0.24822623544835004
110.5000000000001; 0.24878737192388842
110.6000000000001; 0.249347859534724
110.7000000000001; 0.24990769670537788
110.8000000000001; 0.2504668818835785
110.90000000000009; 0.2510254135401024
111.0000000000001; 0.2515832901686169
111.1000000000001; 0.25214051028552736
111.2000000000001; 0.2526970724298188
111.3000000000001; 0.25325297516290046
111.40000000000009; 0.2538082170684541
111.5000000000001; 0.2543627967522795
111.6000000000001; 0.2549167128421393
111.7000000000001; 0.2554699639876116
111.8000000000001; 0.2560225488599328
111.9000000000001; 0.25657446615184776
112.0000000000001; 0.25712571457746114
112.1000000000001; 0.2576762928720876
112.2000000000001; 0.2582261997920971
112.3000000000001; 0.25877543411477355
112.4000000000001; 0.25932399463816114
112.5000000000001; 0.2598718801809206
112.6000000000001; 0.2604190895821786
112.7000000000001; 0.26096562170138404
112.8000000000001; 0.26151147541816216
112.9000000000001; 0.26205664963216896
113.0000000000001; 0.2626011432629469
113.1000000000001; 0.2631449552497793
113.2000000000001; 0.26368808455155446
113.3000000000001; 0.2642305301466124
113.4000000000001; 0.26477229103261096
113.5000000000001; 0.2653133662263826
113.6000000000001; 0.2658537547637914
113.7000000000001; 0.2663934556995982
113.8000000000001; 0.2669324681073158
113.9000000000001; 0.2674707910790728
114.0000000000001; 0.268008423725479
114.1000000000001; 0.2685453651754812
114.2000000000001; 0.26908161457623136
114.3000000000001; 0.2696171710929489
114.4000000000001; 0.2701520339087872
114.5000000000001; 0.270686202224697
114.60000000000011; 0.2712196752592918
114.7000000000001; 0.2717524522487147
114.8000000000001; 0.2722845324465084
114.9000000000001; 0.27281591512348113
115.0000000000001; 0.2733465995675732
115.10000000000011; 0.2738765850837287
115.2000000000001; 0.2744058709937645
115.3000000000001; 0.2749344566362414
115.4000000000001; 0.27546234136633485
115.5000000000001; 0.27598952455570575
115.60000000000011; 0.27651600559237427
115.7000000000001; 0.2770417838805938
115.8000000000001; 0.2775668588407194
115.9000000000001; 0.27809122990909196
116.0000000000001; 0.27861489653790117
116.10000000000011; 0.2791378581950716
116.2000000000001; 0.27966011436413457
116.3000000000001; 0.2801816645441029
116.4000000000001; 0.28070250824935217
116.5000000000001; 0.2812226450095005
116.60000000000011; 0.28174207436928206
116.7000000000001; 0.28226079588842873
116.8000000000001; 0.2827788091415541
116.9000000000001; 0.2832961137180287
117.0000000000001; 0.28381270922186674
117.10000000000011; 0.28432859527160154
117.2000000000001; 0.284843771500176
117.3000000000001; 0.28535823755482215
117.4000000000001; 0.2858719930969436
117.5000000000001; 0.2863850378020041
117.60000000000011; 0.28689737135940874
117.7000000000001; 0.2874089934723955
117.8000000000001; 0.28791990385791544
117.9000000000001; 0.2884301022465242
118.0000000000001; 0.28893958838226963
118.10000000000011; 0.28944836202257784
118.2000000000001; 0.28995642293814583
118.30000000000011; 0.29046377091282793
118.4000000000001; 0.29097040574352706
118.5000000000001; 0.29147632724008904
118.60000000000011; 0.29198153522519005
118.7000000000001; 0.2924860295342303
118.80000000000011; 0.2929898100152264
118.9000000000001; 0.29349287652870765
119.0000000000001; 0.29399522894760755
119.10000000000011; 0.29449686715715767
119.2000000000001; 0.29499779105478746
119.30000000000011; 0.29549800055001346
119.4000000000001; 0.29599749556434346
119.5000000000001; 0.2964962760311669
119.60000000000011; 0.29699434189565954
119.7000000000001; 0.2974916931146756
119.80000000000011; 0.2979883296566496
119.9000000000001; 0.29848425150149555
120.0000000000001; 0.29897945864050957
120.10000000000011; 0.29947395107626723
120.2000000000001; 0.2999677288225252
120.30000000000011; 0.30046079190412794
120.4000000000001; 0.30095314035690174
120.5000000000001; 0.3014447742275697
120.60000000000011; 0.3019356935736438
120.7000000000001; 0.3024258984633353
120.80000000000011; 0.30291538897546244
120.9000000000001; 0.3034041651993473
121.00000000000011; 0.3038922272347331
121.10000000000011; 0.30437957519167835
121.2000000000001; 0.30486620919047774
121.30000000000011; 0.3053521293615584
121.4000000000001; 0.3058373358453946
121.50000000000011; 0.30632182879241515
121.60000000000011; 0.30680560836291537
121.7000000000001; 0.30728867472696164
121.80000000000011; 0.3077710280643093
121.9000000000001; 0.3082526685643074
122.00000000000011; 0.3087335964258148
122.10000000000011; 0.30921381185711205
122.2000000000001; 0.3096933150758123
122.30000000000011; 0.3101721063087777
122.4000000000001; 0.3106501857920303
122.50000000000011; 0.3111275537706715
122.60000000000011; 0.31160421049879156
122.7000000000001; 0.3120801562393882
122.80000000000011; 0.31255539126428417
122.9000000000001; 0.31302991585404266
123.00000000000011; 0.3135037302978843
123.10000000000011; 0.3139768348936059
123.2000000000001; 0.31444922994749636
123.30000000000011; 0.3149209157742606
123.4000000000001; 0.31539189269693696
123.50000000000011; 0.3158621610468129
123.60000000000011; 0.31633172116335245
123.7000000000001; 0.31680057339411427
123.80000000000011; 0.3172687180946724
123.9000000000001; 0.3177361556285374
124.00000000000011; 0.3182028863670841
124.10000000000011; 0.31866891068947
124.2000000000001; 0.31913422898256044
124.30000000000011; 0.3195988416408533
124.4000000000001; 0.32006274906640325
124.50000000000011; 0.3205259516687465
124.60000000000011; 0.32098844986482716
124.70000000000012; 0.3214502440789247
124.80000000000011; 0.32191133474257855
124.9000000000001; 0.3223717222945138
125.00000000000011; 0.3228314071805757
125.10000000000011; 0.3232903898536499
125.20000000000012; 0.32374867077359637
125.30000000000011; 0.3242062504071754
125.4000000000001; 0.32466312922798146
125.50000000000011; 0.3251193077163671
125.60000000000011; 0.32557478635937953
125.70000000000012; 0.32602956565068975
125.80000000000011; 0.32648364609052244
125.9000000000001; 0.32693702818558934
126.00000000000011; 0.32738971244902143
126.10000000000011; 0.3278416994003042
126.20000000000012; 0.32829298956520847
126.30000000000011; 0.3287435834757234
126.4000000000001; 0.3291934816699945
126.50000000000011; 0.329642684692255
126.60000000000011; 0.33009119309276386
126.70000000000012; 0.33053900742774095
126.80000000000011; 0.33098612825929996
126.9000000000001; 0.33143255615539213
127.00000000000011; 0.3318782916897348
127.10000000000011; 0.3323233354417551
127.20000000000012; 0.33276768799652673
127.30000000000011; 0.3332113499447072
127.40000000000012; 0.333654321882476
127.50000000000011; 0.33409660441147804
127.60000000000011; 0.33453819813875774
127.70000000000012; 0.3349791036767035
127.80000000000011; 0.3354193216429861
127.90000000000012; 0.3358588526605027
128.0000000000001; 0.33629769735731313
128.1000000000001; 0.3367358563665869
128.2000000000001; 0.3371733303265425
128.30000000000013; 0.3376101198803904
128.40000000000012; 0.33804622567627923
128.5000000000001; 0.3384816483672347
128.6000000000001; 0.33891638861110623
128.7000000000001; 0.33935044707051215
128.80000000000013; 0.33978382441278154
128.90000000000012; 0.34021652130990243
129.0000000000001; 0.34064853843846526
129.1000000000001; 0.34107987647961113
129.2000000000001; 0.34151053611897486
129.30000000000013; 0.3419405180466344
129.40000000000012; 0.3423698229570593
129.5000000000001; 0.34279845154905236
129.6000000000001; 0.3432264045257048
129.7000000000001; 0.3436536825943415
129.80000000000013; 0.34408028646646666
129.90000000000012; 0.3445062168577179
130.0000000000001; 0.34493147448781303
130.1000000000001; 0.34535606008050257
130.2000000000001; 0.34577997436351465
130.30000000000013; 0.34620321806851095
130.40000000000012; 0.34662579193103643
130.5000000000001; 0.347047696690467
130.6000000000001; 0.3474689330899679
130.7000000000001; 0.34788950187643963
130.80000000000013; 0.348309403800475
130.90000000000012; 0.3487286396163066
131.0000000000001; 0.34914721008176564
131.1000000000001; 0.3495651159582336
131.2000000000001; 0.34998235801059285
131.30000000000013; 0.3503989370071879
131.40000000000012; 0.35081485371977095
131.5000000000001; 0.3512301089234644
131.6000000000001; 0.35164470339671344
131.7000000000001; 0.35205863792123865
131.80000000000013; 0.3524719132819996
131.90000000000012; 0.3528845302671429
132.0000000000001; 0.3532964896679627
132.1000000000001; 0.3537077922788583
132.2000000000001; 0.35411843889728983
132.30000000000013; 0.3545284303237372
132.40000000000012; 0.35493776736165705
132.5000000000001; 0.3553464508174419
132.6000000000001; 0.35575448150037653
132.70000000000013; 0.35616186022260177
132.80000000000013; 0.3565685877990681
132.90000000000012; 0.3569746650474991
133.0000000000001; 0.3573800927883492
133.1000000000001; 0.35778487184476576
133.20000000000013; 0.3581890030425489
133.30000000000013; 0.35859248721011117
133.40000000000012; 0.3589953251784402
133.5000000000001; 0.35939751778105894
133.6000000000001; 0.3597990658539893
133.70000000000013; 0.3601999702357127
133.80000000000013; 0.3606002317671317
133.90000000000012; 0.36099985129153545
134.0000000000001; 0.36139882965456
134.1000000000001; 0.36179716770415227
134.20000000000013; 0.3621948662905359
134.30000000000013; 0.36259192626616904
134.40000000000012; 0.36298834848571726
134.5000000000001; 0.36338413380601087
134.6000000000001; 0.36377928308601276
134.70000000000013; 0.3641737971867819
134.80000000000013; 0.36456767697143994
134.90000000000012; 0.36496092330513785
135.0000000000001; 0.3653535370550176
135.1000000000001; 0.3657455190901828
135.20000000000013; 0.3661368702816638
135.30000000000013; 0.36652759150238085
135.40000000000012; 0.366917683627118
135.5000000000001; 0.36730714753248334
135.6000000000001; 0.36769598409688026
135.70000000000013; 0.3680841942004772
135.80000000000013; 0.3684717787251681
135.90000000000012; 0.3688587385545496
136.0000000000001; 0.3692450745738847
136.1000000000001; 0.36963078767007135
136.20000000000013; 0.3700158787316129
136.30000000000013; 0.3704003486485884
136.40000000000012; 0.37078419831261933
136.5000000000001; 0.37116742861684177
136.6000000000001; 0.37155004045587725
136.70000000000013; 0.37193203472579833
136.80000000000013; 0.37231341232410686
136.90000000000012; 0.3726941741496962
137.0000000000001; 0.37307432110282907
137.1000000000001; 0.37345385408510556
137.20000000000013; 0.3738327739994369
137.30000000000013; 0.3742110817500131
137.40000000000012; 0.3745887782422803
137.5000000000001; 0.374965864382909
137.6000000000001; 0.3753423410797701
137.70000000000013; 0.3757182092419038
137.80000000000013; 0.37609346977949465
137.90000000000012; 0.3764681236038458
138.0000000000001; 0.3768421716273495
138.1000000000001; 0.3772156147634643
138.20000000000013; 0.3775884539266864
138.30000000000013; 0.37796069003252436
138.40000000000012; 0.3783323239974734
138.5000000000001; 0.37870335673899186
138.60000000000014; 0.3790737891754727
138.70000000000013; 0.37944362222621925
138.80000000000013; 0.3798128568114253
138.90000000000012; 0.38018149385214195
139.0000000000001; 0.3805495342702605
139.10000000000014; 0.3809169789884852
139.20000000000013; 0.3812838289303105
139.30000000000013; 0.3816500850199953
139.40000000000012; 0.38201574818254236
139.5000000000001; 0.38238081934367274
139.60000000000014; 0.3827452994298025
139.70000000000013; 0.38310918936802274
139.80000000000013; 0.383472490086074
139.90000000000012; 0.3838352025123248
140.0000000000001; 0.38419732757574887
140.10000000000014; 0.38455886620590446
140.20000000000013; 0.38491981933290953
140.30000000000013; 0.3852801878874258
140.40000000000012; 0.38563997280062856
140.5000000000001; 0.38599917500419517
140.60000000000014; 0.3863577954302754
140.70000000000013; 0.3867158350114751
140.80000000000013; 0.3870732946808363
140.90000000000012; 0.3874301753718124
141.0000000000001; 0.3877864780182521
141.10000000000014; 0.38814220355437623
141.20000000000013; 0.38849735291475906
141.30000000000013; 0.38885192703431015
141.40000000000012; 0.38920592684825056
141.5000000000001; 0.38955935329209845
141.60000000000014; 0.3899122073016436
141.70000000000013; 0.39026448981293504
141.80000000000013; 0.390616201762257
141.90000000000012; 0.39096734408611367
142.0000000000001; 0.391317917721208
142.10000000000014; 0.3916679236044252
142.20000000000013; 0.3920173626728125
142.30000000000013; 0.3923662358635648
142.40000000000012; 0.3927145441140003
142.5000000000001; 0.3930622883615513
142.60000000000014; 0.39340946954373796
142.70000000000013; 0.39375608859815747
142.80000000000013; 0.39410214646246505
142.90000000000012; 0.39444764407435406
143.0000000000001; 0.3947925823715422
143.10000000000014; 0.3951369622917544
143.20000000000013; 0.39548078477270504
143.30000000000013; 0.3958240507520826
143.40000000000012; 0.39616676116753247
143.5000000000001; 0.3965089169566421
143.60000000000014; 0.3968505190569232
143.70000000000013; 0.3971915684057974
143.80000000000013; 0.3975320659405807
143.90000000000012; 0.3978720125984665
144.0000000000001; 0.3982114093165118
144.10000000000014; 0.39855025703162167
144.20000000000013; 0.39888855668053363
144.30000000000013; 0.3992263091998027
144.40000000000012; 0.39956351552578656
144.5000000000001; 0.39990017659463345
144.60000000000014; 0.4002362933422623
144.70000000000013; 0.40057186670435396
144.80000000000013; 0.40090689761633347
144.90000000000012; 0.4012413870133593
145.0000000000001; 0.40157533583030464
145.10000000000014; 0.40190874500174784
145.20000000000013; 0.40224161546195625
145.30000000000013; 0.40257394814487585
145.40000000000012; 0.40290574398411333
145.50000000000014; 0.4032370039129266
145.60000000000014; 0.40356772886420955
145.70000000000013; 0.40389791977048106
145.80000000000013; 0.40422757756386996
145.90000000000012; 0.40455670317610376
146.00000000000014; 0.4048852975384955
146.10000000000014; 0.40521336158193133
146.20000000000013; 0.4055408962368582
146.30000000000013; 0.40586790243327264
146.40000000000012; 0.40619438110070744
146.50000000000014; 0.4065203331682191
146.60000000000014; 0.40684575956437774
146.70000000000013; 0.40717066121725515
146.80000000000013; 0.4074950390544116
146.90000000000012; 0.40781889400288635
147.00000000000014; 0.40814222698918495
147.10000000000014; 0.40846503893926767
147.20000000000013; 0.40878733077854085
147.30000000000013; 0.40910910343184304
147.40000000000012; 0.4094303578234366
147.50000000000014; 0.409751094876994
147.60000000000014; 0.4100713155155889
147.70000000000013; 0.4103910206616884
147.80000000000013; 0.4107102112371353
147.90000000000012; 0.41102888816314737
148.00000000000014; 0.4113470523602972
148.10000000000014; 0.41166470474850975
148.20000000000013; 0.41198184624704987
148.30000000000013; 0.41229847777450995
148.40000000000012; 0.41261460024880536
148.50000000000014; 0.41293021458715895
148.60000000000014; 0.413245321706095
148.70000000000013; 0.41355992252143126
148.80000000000013; 0.41387401794826545
148.90000000000012; 0.4141876089009676
149.00000000000014; 0.41450069629317304
149.10000000000014; 0.41481328103777093
149.20000000000013; 0.41512536404689504
149.30000000000013; 0.4154369462319191
149.40000000000012; 0.4157480285034408
149.50000000000014; 0.4160586117712795
149.60000000000014; 0.41636869694446615
149.70000000000013; 0.41667828493123205
149.80000000000013; 0.4169873766390049
149.90000000000012; 0.41729597297439674
150.00000000000014; 0.4176040748431979
150.10000000000014; 0.4179116938949136
150.20000000000013; 0.41821882042290226
150.30000000000013; 0.41852545517576667
150.40000000000012; 0.41883159905552103
150.50000000000014; 0.41913725296332516
150.60000000000014; 0.41944241779948144
150.70000000000013; 0.41974709446342373
150.80000000000013; 0.42005128385371043
150.90000000000012; 0.42035498686801936
151.00000000000014; 0.4206582044031371
151.10000000000014; 0.4209609373549547
151.20000000000013; 0.4212631866184571
151.30000000000013; 0.42156495308772024
151.40000000000015; 0.42186623765590026
151.50000000000014; 0.42216704121523
151.60000000000014; 0.4224673646570098
151.70000000000013; 0.4227672088715997
151.80000000000013; 0.4230665747484165
151.90000000000015; 0.4233654631759262
152.00000000000014; 0.4236638750416326
152.10000000000014; 0.4239618112320781
152.20000000000013; 0.42425927263283364
152.30000000000013; 0.4245562601284922
152.40000000000015; 0.42485277460266274
152.50000000000014; 0.4251488169379657
152.60000000000014; 0.425444388016025
152.70000000000013; 0.4257394887174656
152.80000000000013; 0.42603411992190093
152.90000000000015; 0.4263282825079347
153.00000000000014; 0.4266219773531509
153.10000000000014; 0.42691520533410754
153.20000000000013; 0.4272079673263339
153.30000000000013; 0.42750026420432397
153.40000000000015; 0.42779209684152975
153.50000000000014; 0.4280834661103575
153.60000000000014; 0.42837437288216174
153.70000000000013; 0.42866481802724093
153.80000000000013; 0.42895480241482914
153.90000000000015; 0.4292443269130973
154.00000000000014; 0.4295333923891399
154.10000000000014; 0.42982199970897905
154.20000000000013; 0.43011014973755113
154.30000000000013; 0.4303978433387081
154.40000000000015; 0.43068508137520994
154.50000000000014; 0.43097186470872123
154.60000000000014; 0.4312581941998055
154.70000000000013; 0.4315440707079201
154.80000000000013; 0.4318294950914154
154.90000000000015; 0.4321144682075258
155.00000000000014; 0.43239899091236883
155.10000000000014; 0.43268306406093676
155.20000000000013; 0.4329666885070986
155.30000000000013; 0.4332498651035905
155.40000000000015; 0.43353259470201355
155.50000000000014; 0.4338148781528297
155.60000000000014; 0.43409671630535973
155.70000000000013; 0.4343781100077749
155.80000000000013; 0.4346590601070978
155.90000000000015; 0.43493956744919476
156.00000000000014; 0.4352196328787755
156.10000000000014; 0.4354992572393868
156.20000000000013; 0.4357784413734104
156.30000000000013; 0.43605718612205785
156.40000000000015; 0.43633549232536983
156.50000000000014; 0.4366133608222089
156.60000000000014; 0.4368907924502611
156.70000000000013; 0.43716778804602674
156.80000000000013; 0.43744434844482116
156.90000000000015; 0.43772047448077084
157.00000000000014; 0.43799616698680993
157.10000000000014; 0.43827142679467584
157.20000000000013; 0.4385462547349094
157.30000000000013; 0.4388206516368468
157.40000000000015; 0.4390946183286229
157.50000000000014; 0.4393681556371635
157.60000000000014; 0.4396412643881832
157.70000000000013; 0.4399139454061842
157.80000000000013; 0.44018619951445415
157.90000000000015; 0.4404580275350593
158.00000000000014; 0.44072943028884765
158.10000000000014; 0.4410004085954412
158.20000000000013; 0.44127096327323495
158.30000000000015; 0.4415410951393973
158.40000000000015; 0.44181080500986425
158.50000000000014; 0.4420800936993362
158.60000000000014; 0.44234896202127993
158.70000000000013; 0.44261741078792216
158.80000000000015; 0.4428854408102485
158.90000000000015; 0.4431530528980033
159.00000000000014; 0.4434202478596833
159.10000000000014; 0.4436870265025395
159.20000000000013; 0.4439533896325726
159.30000000000015; 0.4442193380545328
159.40000000000015; 0.4444848725719146
159.50000000000014; 0.4447499939869596
159.60000000000014; 0.4450147031006506
159.70000000000013; 0.44527900071270954
159.80000000000015; 0.4455428876216003
159.90000000000015; 0.44580636462452183
160.00000000000014; 0.44606943251740866
