energy (keV); transmission
1.0; 0.0
1.1; 0.0
1.2000000000000002; 0.0
1.3000000000000003; 0.0
1.4000000000000004; 0.0
1.5000000000000004; 0.0
1.6000000000000005; 0.0
1.7000000000000006; 0.0
1.8000000000000007; 0.0
1.9000000000000008; 0.0
2.000000000000001; 0.0
2.100000000000001; 0.0
2.200000000000001; 0.0
2.300000000000001; 0.0
2.4000000000000012; 0.0
2.5000000000000013; 0.0
2.6000000000000014; 0.0
2.7000000000000015; 0.0
2.8000000000000016; 0.0
2.9000000000000017; 0.0
3.0000000000000018; 0.0
3.100000000000002; 0.0
3.200000000000002; 0.0
3.300000000000002; 0.0
3.400000000000002; 0.0
3.500000000000002; 0.0
3.6000000000000023; 0.0
3.7000000000000024; 0.0
3.8000000000000025; 0.0
3.9000000000000026; 0.0
4.000000000000003; 0.0
4.100000000000003; 0.0
4.200000000000003; 0.0
4.3000000000000025; 0.0
4.400000000000003; 0.0
4.5000000000000036; 0.0
4.600000000000003; 0.0
4.700000000000003; 0.0
4.800000000000003; 0.0
4.900000000000004; 0.0
5.0000000000000036; 9.162105720821798e-308
5.100000000000003; 1.4343180499054584e-291
5.200000000000004; 1.589167613048482e-276
5.300000000000004; 1.5748234455130856e-262
5.400000000000004; 1.7211303918798937e-249
5.5000000000000036; 2.5032776041875783e-237
5.600000000000004; 5.736408788046251e-226
5.700000000000005; 2.411157390627562e-215
5.800000000000004; 2.1321588716495086e-205
5.900000000000004; 4.489959778801874e-196
6.000000000000004; 0.0
6.100000000000005; 0.0
6.200000000000005; 0.0
6.300000000000004; 6.849005e-318
6.400000000000005; 4.878905020987214e-308
6.500000000000005; 9.93336429968641e-298
6.600000000000005; 7.766222692481408e-293
6.700000000000005; 6.647279917573832e-282
6.800000000000005; 5.544675303755961e-271
6.900000000000006; 3.464511723334789e-260
7.000000000000005; 1.3040797609517078e-249
7.100000000000005; 2.482399459666973e-239
7.2000000000000055; 0.0
7.300000000000006; 0.0
7.400000000000006; 0.0
7.500000000000005; 0.0
7.600000000000006; 0.0
7.700000000000006; 0.0
7.800000000000006; 0.0
7.900000000000006; 0.0
8.000000000000007; 0.0
8.100000000000007; 0.0
8.200000000000006; 0.0
8.300000000000006; 0.0
8.400000000000006; 0.0
8.500000000000007; 0.0
8.600000000000007; 0.0
8.700000000000006; 0.0
8.800000000000008; 0.0
8.900000000000007; 0.0
9.000000000000007; 0.0
9.100000000000007; 0.0
9.200000000000006; 0.0
9.300000000000008; 0.0
9.400000000000007; 0.0
9.500000000000007; 0.0
9.600000000000009; 0.0
9.700000000000008; 0.0
9.800000000000008; 0.0
9.900000000000007; 0.0
10.000000000000007; 0.0
10.100000000000009; 0.0
10.200000000000008; 0.0
10.300000000000008; 9.3532906e-317
10.40000000000001; 8.773676572118716e-309
10.500000000000009; 4.4991261353744745e-301
10.600000000000009; 1.292097650892182e-293
10.700000000000008; 2.126576953040124e-286
10.800000000000008; 2.0502984422151885e-279
10.90000000000001; 1.1824798315556742e-272
11.000000000000009; 4.1618271556177294e-266
11.100000000000009; 9.110990259279053e-260
11.20000000000001; 1.2634016377009937e-253
11.30000000000001; 1.1291708615096502e-247
11.40000000000001; 6.613505081933194e-242
11.500000000000009; 2.578989594381456e-236
11.600000000000009; 6.79833123349847e-231
11.70000000000001; 1.2291108523368836e-225
11.80000000000001; 1.5454095319554277e-220
11.90000000000001; 1.3693925165898077e-215
12.00000000000001; 8.660944026087494e-211
12.10000000000001; 3.957689192027663e-206
12.20000000000001; 1.3219656203048532e-201
12.30000000000001; 3.2640057094500086e-197
12.40000000000001; 6.021182476331017e-193
12.50000000000001; 8.384321368867932e-189
12.60000000000001; 8.899811377531939e-185
12.70000000000001; 7.269708442337737e-181
12.800000000000011; 4.611118213320241e-177
12.900000000000011; 2.2909696110707382e-173
13.00000000000001; 8.99032238708399e-170
13.10000000000001; 2.808978423454458e-166
13.20000000000001; 7.041658540184454e-163
13.300000000000011; 1.4267875444011376e-159
13.400000000000011; 2.3533141621933217e-156
13.50000000000001; 3.18122918531639e-153
13.600000000000012; 3.547707079848042e-150
13.700000000000012; 3.284519028567271e-147
13.800000000000011; 2.53977679779924e-144
13.900000000000011; 1.6498603959670646e-141
14.00000000000001; 9.054382869974788e-139
14.100000000000012; 4.2205671523320286e-136
14.200000000000012; 1.6797145447820704e-133
14.300000000000011; 5.736158549158156e-131
14.400000000000013; 1.6889452071845633e-128
14.500000000000012; 4.307540384011532e-126
14.600000000000012; 9.55871043758398e-124
14.700000000000012; 1.8534949290248649e-121
14.800000000000011; 3.1535798273416886e-119
14.900000000000013; 4.726827637995872e-117
15.000000000000012; 6.265562656666788e-115
15.100000000000012; 7.378804803006531e-113
15.200000000000014; 7.741323006162131e-111
15.300000000000013; 7.260631248998892e-109
15.400000000000013; 6.108501776136503e-107
15.500000000000012; 4.625020923859763e-105
15.600000000000012; 3.1613867677420443e-103
15.700000000000014; 1.956787388992569e-101
15.800000000000013; 1.0999725192513771e-99
15.900000000000013; 5.6314112280984844e-98
16.000000000000014; 2.632883760201867e-96
16.100000000000016; 1.1271080923026681e-94
16.200000000000014; 4.429141645876671e-93
16.30000000000001; 1.601608142263966e-91
16.400000000000013; 5.341972914770207e-90
16.500000000000014; 1.6472015441315073e-88
16.600000000000016; 4.705964982918359e-87
16.700000000000014; 1.2483387014709076e-85
16.800000000000015; 3.081000770627448e-84
16.900000000000013; 7.089095012972306e-83
17.000000000000014; 1.523578076936603e-81
17.100000000000016; 3.0642295969824604e-80
17.200000000000014; 5.777524576014232e-79
17.300000000000015; 1.0230149119267244e-77
17.400000000000013; 1.7040135004945686e-76
17.500000000000014; 2.674377184393177e-75
17.600000000000016; 3.961100006495197e-74
17.700000000000014; 5.545179314776164e-73
17.800000000000015; 7.347914733439559e-72
17.900000000000016; 9.229606500267003e-71
18.000000000000014; 1.1004622803486485e-69
18.100000000000016; 1.247164042386501e-68
18.200000000000017; 1.3452217713082451e-67
18.300000000000015; 1.3827194626566143e-66
18.400000000000016; 1.3560488165275433e-65
18.500000000000014; 1.270376919787718e-64
18.600000000000016; 1.1381649709164739e-63
18.700000000000017; 9.7628682966201e-63
18.800000000000015; 8.02636558746048e-62
18.900000000000016; 6.331190673428835e-61
19.000000000000014; 4.796438810015196e-60
19.100000000000016; 3.4934016057560184e-59
19.200000000000017; 2.4484465168249277e-58
19.300000000000015; 1.6529108986735204e-57
19.400000000000016; 1.0757650271599902e-56
19.500000000000018; 6.755781957020141e-56
19.600000000000016; 4.0972657322006796e-55
19.700000000000017; 2.4017754659067462e-54
19.80000000000002; 1.361882506301729e-53
19.900000000000016; 7.475756058218133e-53
20.000000000000018; 3.97565355442366e-52
20.100000000000016; 8.93564200638913e-55
20.200000000000017; 4.916627736666565e-54
20.30000000000002; 2.622226184783493e-53
20.400000000000016; 1.3565714948566903e-52
20.500000000000018; 6.812162280285758e-52
20.600000000000016; 3.322683283373878e-51
20.700000000000017; 1.575210458829859e-50
20.80000000000002; 7.262903650561693e-50
20.900000000000016; 3.2589148439506373e-49
21.000000000000018; 1.4239298153605786e-48
21.10000000000002; 6.061943139543845e-48
21.200000000000017; 2.5158860435128126e-47
21.30000000000002; 1.0185151903223766e-46
21.40000000000002; 4.0241741855232615e-46
21.500000000000018; 1.552558211498527e-45
21.60000000000002; 5.85199673056043e-45
21.700000000000017; 2.1560694669706154e-44
21.80000000000002; 7.768474675010465e-44
21.90000000000002; 2.7386056588992645e-43
22.000000000000018; 9.450290031885328e-43
22.10000000000002; 3.1935866299397446e-42
22.200000000000017; 1.0573560996884227e-41
22.30000000000002; 3.431303458948909e-41
22.40000000000002; 1.091877357839165e-40
22.500000000000018; 3.4083370585874895e-40
22.60000000000002; 1.0440897214688966e-39
22.70000000000002; 3.139988801367487e-39
22.80000000000002; 9.274224593253783e-39
22.90000000000002; 2.691203586302182e-38
23.00000000000002; 7.675226780368444e-38
23.10000000000002; 2.1521080863405525e-37
23.20000000000002; 5.934907065988429e-37
23.30000000000002; 1.6102226613954802e-36
23.40000000000002; 4.299538170061661e-36
23.50000000000002; 1.1302118225568297e-35
23.60000000000002; 2.925735389648195e-35
23.70000000000002; 7.46069346498885e-35
23.80000000000002; 1.874653347508954e-34
23.90000000000002; 4.642864475346489e-34
24.00000000000002; 1.1336969756309475e-33
24.10000000000002; 2.730069676833483e-33
24.20000000000002; 6.485347630612749e-33
24.300000000000022; 1.5201620376966983e-32
24.40000000000002; 3.5168614872819465e-32
24.50000000000002; 8.03227365280893e-32
24.600000000000023; 1.8115326666037974e-31
24.70000000000002; 4.035361436051827e-31
24.800000000000022; 8.880738607461475e-31
24.90000000000002; 1.9312815362563678e-30
25.00000000000002; 4.151157102258984e-30
25.100000000000023; 8.820940035019795e-30
25.20000000000002; 1.8534274724699475e-29
25.300000000000022; 3.851608893634288e-29
25.40000000000002; 7.917780077158442e-29
25.50000000000002; 1.610446118858696e-28
25.600000000000023; 3.2415699459920334e-28
25.70000000000002; 6.458238556049603e-28
25.800000000000022; 1.2738065852470267e-27
25.900000000000023; 2.4877290382565987e-27
26.00000000000002; 4.811611666103086e-27
26.100000000000023; 9.218112705405621e-27
26.200000000000024; 1.7495719568992832e-26
26.300000000000022; 3.290279206613648e-26
26.400000000000023; 6.132196765017717e-26
26.50000000000002; 1.132795483764037e-25
26.600000000000023; 2.0744704990685212e-25
26.700000000000024; 3.766605402447878e-25
26.800000000000022; 6.781807569937345e-25
26.900000000000023; 1.2110365961747896e-24
27.00000000000002; 2.14510317403813e-24
27.100000000000023; 3.769463598118857e-24
27.200000000000024; 6.572209955811842e-24
27.300000000000022; 1.1371103712162366e-23
27.400000000000023; 1.9525884684358624e-23
27.500000000000025; 3.328067534773828e-23
27.600000000000023; 5.631214822106804e-23
27.700000000000024; 9.460078176347307e-23
27.800000000000026; 1.578058238002856e-22
27.900000000000023; 2.614200700562785e-22
28.000000000000025; 4.301236268365502e-22
28.100000000000023; 7.029687021194496e-22
28.200000000000024; 1.1413421058498245e-21
28.300000000000026; 1.841114121202073e-21
28.400000000000023; 2.9510563441330902e-21
28.500000000000025; 4.700587964244788e-21
28.600000000000023; 7.441317087090204e-21
28.700000000000024; 1.1708858098789296e-20
28.800000000000026; 1.8314272372663858e-20
28.900000000000023; 2.847853380417294e-20
29.000000000000025; 4.402912145481219e-20
29.100000000000026; 6.768581158506212e-20
29.200000000000024; 1.0347382068557508e-19
29.300000000000026; 1.5731776696568598e-19
29.400000000000027; 2.378909739841667e-19
29.500000000000025; 3.5782343201355657e-19
29.600000000000026; 5.354108932475779e-19
29.700000000000024; 7.97020561819964e-19
29.800000000000026; 1.1804601604629325e-18
29.900000000000027; 1.739672672167055e-18
30.000000000000025; 2.551246338804271e-18
30.100000000000026; 3.72393837636257e-18
30.200000000000024; 5.409874342626929e-18
30.300000000000026; 7.82236058203481e-18
30.400000000000027; 1.1258644957906831e-17
30.500000000000025; 1.6131068769877142e-17
30.600000000000026; 2.300908770335902e-17
30.700000000000028; 3.2675695623012385e-17
30.800000000000026; 4.620286066043537e-17
30.900000000000027; 6.505195114482858e-17
31.00000000000003; 9.120687029494828e-17
31.100000000000026; 1.2734982574022738e-16
31.200000000000028; 1.7709244585150483e-16
31.300000000000026; 2.4527845692843827e-16
31.400000000000027; 3.3837851988288937e-16
31.50000000000003; 4.650032927907418e-16
31.600000000000026; 6.365675774710207e-16
31.700000000000028; 8.681468122128767e-16
31.800000000000026; 1.1795775320985372e-15
31.900000000000027; 1.5968661402139237e-15
32.00000000000003; 2.153985898549824e-15
32.10000000000002; 2.8951610229017575e-15
32.20000000000003; 3.877759815656686e-15
32.300000000000026; 5.175946669701858e-15
32.40000000000003; 6.8852764284186735e-15
32.50000000000003; 9.12845503729676e-15
32.60000000000003; 1.2062538880707734e-14
32.70000000000003; 1.5887903053750727e-14
32.800000000000026; 2.0859377668465463e-14
32.90000000000003; 2.7300032957971774e-14
33.00000000000003; 3.561819049522549e-14
33.10000000000003; 4.6328351637267667e-14
33.20000000000003; 6.007686800013816e-14
33.300000000000026; 7.767333535845998e-14
33.40000000000003; 1.0012887520851985e-13
33.50000000000003; 1.2870268109317198e-13
33.60000000000003; 1.6495845385238047e-13
33.70000000000003; 2.1083263588689247e-13
33.800000000000026; 2.6871668445916623e-13
33.90000000000003; 3.4155600368520774e-13
34.00000000000003; 4.3296859044496666e-13
34.10000000000003; 5.473869477979728e-13
34.20000000000003; 6.90227388115008e-13
34.30000000000003; 8.680914951508607e-13
34.40000000000003; 1.0890052485093996e-12
34.50000000000003; 1.3627021449200394e-12
34.60000000000003; 1.7009575887052796e-12
34.70000000000003; 2.117982879796023e-12
34.80000000000003; 2.630888313391507e-12
34.90000000000003; 3.2602262334394116e-12
35.00000000000003; 4.030626365789041e-12
35.10000000000003; 4.971537410279123e-12
35.20000000000003; 6.118090708948696e-12
35.30000000000003; 7.51210384557317e-12
35.400000000000034; 9.203244286150179e-12
35.50000000000003; 1.1250375657616498e-11
35.60000000000003; 1.3723112000696385e-11
35.70000000000003; 1.6703608340291926e-11
35.80000000000003; 2.028861921204626e-11
35.900000000000034; 2.4591860385568526e-11
36.00000000000003; 2.974671295269087e-11
36.10000000000003; 3.5909313222805634e-11
36.20000000000003; 4.326207650629673e-11
36.30000000000003; 5.2017707891385e-11
36.400000000000034; 6.24237585487816e-11
36.50000000000003; 7.476779195184774e-11
36.60000000000003; 8.938323069645592e-11
36.70000000000003; 1.0665596136291118e-10
36.80000000000003; 1.270317820995209e-10
36.900000000000034; 1.510247853407345e-10
37.00000000000003; 1.7922677631800898e-10
37.10000000000003; 2.1231783679200126e-10
37.20000000000003; 2.510781527451651e-10
37.30000000000003; 2.964012346333081e-10
37.400000000000034; 3.4930866921445514e-10
37.500000000000036; 4.109665529588978e-10
37.60000000000003; 4.827037686035526e-10
37.70000000000003; 5.660322785438522e-10
37.80000000000003; 6.626696214650336e-10
37.900000000000034; 7.745638118903551e-10
38.000000000000036; 9.03920856168125e-10
38.10000000000003; 1.0532351128179913e-09
38.20000000000003; 1.2253227400994266e-09
38.30000000000003; 1.4233584891372742e-09
38.400000000000034; 1.6509161169156499e-09
38.500000000000036; 1.9120127099194514e-09
38.60000000000004; 2.211157226118464e-09
38.70000000000003; 2.5534035803459184e-09
38.80000000000003; 2.944408615853471e-09
38.900000000000034; 3.3904953229289246e-09
39.000000000000036; 3.898721683858023e-09
39.10000000000004; 4.476955542185138e-09
39.20000000000003; 5.133955913098732e-09
39.30000000000003; 5.879461170816438e-09
39.400000000000034; 6.724284567963568e-09
39.500000000000036; 7.680417561126798e-09
39.60000000000004; 8.76114143589859e-09
39.70000000000003; 9.98114774376765e-09
39.80000000000003; 1.1356668082103101e-08
39.900000000000034; 1.2905613767078424e-08
40.000000000000036; 1.4647712381608738e-08
40.10000000000004; 1.6603622642134284e-08
40.20000000000003; 1.879805871189829e-08
40.30000000000003; 2.125722182259746e-08
40.400000000000034; 2.4009854722433677e-08
40.500000000000036; 2.7087452726518878e-08
40.60000000000004; 3.0524488959867185e-08
40.70000000000004; 3.435865447253861e-08
40.80000000000003; 3.863111391940128e-08
40.900000000000034; 4.338677750858465e-08
41.000000000000036; 4.867458993339428e-08
41.10000000000004; 5.454783701164677e-08
41.20000000000004; 6.106447076435894e-08
41.30000000000003; 6.82874536723168e-08
41.400000000000034; 7.628512285399273e-08
41.500000000000036; 8.513157491168565e-08
41.60000000000004; 9.4907072194704e-08
41.70000000000004; 1.0569847122811342e-07
41.80000000000004; 1.1759967405413662e-07
41.900000000000034; 1.3071210322946182e-07
42.000000000000036; 1.451452012160447e-07
42.10000000000004; 1.6101695489572062e-07
42.20000000000004; 1.7845444592907607e-07
42.30000000000004; 1.9759442766731016e-07
42.400000000000034; 2.1858392931254086e-07
42.500000000000036; 2.415808880050632e-07
42.60000000000004; 2.667548094991528e-07
42.70000000000004; 2.9428745806768e-07
42.80000000000004; 3.2437357625365475e-07
42.900000000000034; 3.572216350623499e-07
43.000000000000036; 3.9305461515996667e-07
43.10000000000004; 4.321108196164092e-07
43.20000000000004; 4.7464471869770155e-07
43.30000000000004; 5.209278271804443e-07
43.400000000000034; 5.712496146248834e-07
43.500000000000036; 6.259184490050262e-07
43.60000000000004; 6.852625740552726e-07
43.70000000000004; 7.496311206499384e-07
43.80000000000004; 8.193951524889963e-07
43.90000000000004; 8.949487463173417e-07
44.000000000000036; 9.767101068579634e-07
44.10000000000004; 1.0651227165884346e-06
44.20000000000004; 1.1606565204408675e-06
44.30000000000004; 1.2638091454527786e-06
44.40000000000004; 1.3751071553407e-06
44.500000000000036; 1.4951073399145609e-06
44.60000000000004; 1.6243980391941184e-06
44.70000000000004; 1.7636005020297807e-06
44.80000000000004; 1.913370278971843e-06
44.90000000000004; 2.0743986490730757e-06
45.00000000000004; 2.2474140802475904e-06
45.10000000000004; 2.433183722749018e-06
45.20000000000004; 2.632514935267318e-06
45.30000000000004; 2.8462568430841443e-06
45.40000000000004; 3.0753019276603515e-06
45.50000000000004; 3.3205876469698657e-06
45.60000000000004; 3.583098085830572e-06
45.70000000000004; 3.863865635418402e-06
45.80000000000004; 4.163972701089201e-06
45.90000000000004; 4.484553437576311e-06
46.00000000000004; 4.826795510557952e-06
46.10000000000004; 5.191941883544144e-06
46.20000000000004; 5.5812926289575845e-06
46.30000000000004; 5.996206762235059e-06
46.40000000000004; 6.4381040977104465e-06
46.50000000000004; 6.908467124990097e-06
46.60000000000004; 7.40884290447146e-06
46.70000000000004; 7.940844980603906e-06
46.80000000000004; 8.506155311436015e-06
46.90000000000004; 9.106526212947779e-06
47.00000000000004; 9.743782316612241e-06
47.100000000000044; 1.041982253858943e-05
47.20000000000004; 1.1136622058900346e-05
47.30000000000004; 1.1896234308905683e-05
47.40000000000004; 1.270079296534604e-05
47.50000000000004; 1.3552513949188219e-05
47.600000000000044; 1.4453697427473834e-05
47.70000000000004; 1.5406729816325132e-05
47.80000000000004; 1.6414085783256552e-05
47.90000000000004; 1.7478330246883623e-05
48.00000000000004; 1.86021203721164e-05
48.100000000000044; 1.9788207558886827e-05
48.200000000000045; 2.103943942246056e-05
48.30000000000004; 2.2358761763336158e-05
48.40000000000004; 2.3749220524744725e-05
48.50000000000004; 2.521396373574088e-05
48.600000000000044; 2.6756243437873422e-05
48.700000000000045; 2.83794175934091e-05
48.80000000000004; 3.0086951973087087e-05
48.90000000000004; 3.188242202137825e-05
49.00000000000004; 3.376951469722561e-05
49.100000000000044; 3.575203028826698e-05
49.200000000000045; 3.783388419649627e-05
49.30000000000004; 4.001910869341275e-05
49.40000000000004; 4.231185464264485e-05
49.50000000000004; 4.47163931880803e-05
49.600000000000044; 4.7237117405608654e-05
49.700000000000045; 4.9878543916470165e-05
49.80000000000004; 5.264531446040446e-05
49.90000000000004; 5.5542197426670835e-05
50.00000000000004; 5.857408934110429e-05
50.100000000000044; 6.17471917181892e-05
50.200000000000045; 6.506560919643822e-05
50.30000000000005; 6.853462521180734e-05
50.40000000000004; 7.215966938106533e-05
50.50000000000004; 7.594630642399983e-05
50.600000000000044; 7.990023735553927e-05
50.700000000000045; 8.402730062209127e-05
50.80000000000005; 8.833347318058567e-05
50.90000000000004; 9.282487151875483e-05
51.00000000000004; 9.750775261523286e-05
51.100000000000044; 0.0001023885148381179
51.200000000000045; 0.00010747369878070109
51.30000000000005; 0.00011276998803309813
51.40000000000005; 0.00011828420988864137
51.50000000000004; 0.00012402333598380478
51.600000000000044; 0.0001299944828707378
51.700000000000045; 0.00013620491252126383
51.80000000000005; 0.00014266203276148265
51.90000000000005; 0.00014937339763609208
52.00000000000004; 0.0001563467077015432
52.100000000000044; 0.0001635898102474013
52.200000000000045; 0.00017111069944511875
52.30000000000005; 0.0001789175164236488
52.40000000000005; 0.0001870185492713624
52.50000000000004; 0.00019542223296377392
52.600000000000044; 0.0002041371492166177
52.700000000000045; 0.0002131720262639807
52.80000000000005; 0.00022253573856125246
52.90000000000005; 0.00023223730641251964
53.00000000000004; 0.00024228589552242324
53.100000000000044; 0.0002526908164723241
53.200000000000045; 0.00026346152412075834
53.30000000000005; 0.00027460761692826434
53.40000000000005; 0.00028613883620667114
53.50000000000005; 0.000298065065293049
53.600000000000044; 0.00031039632864861814
53.700000000000045; 0.000323142790882739
53.80000000000005; 0.0003363147557026506
53.90000000000005; 0.0003499226647891392
54.00000000000005; 0.00036397709659877203
54.100000000000044; 0.00037848876509313523
54.200000000000045; 0.00039346851839590347
54.30000000000005; 0.0004089273373781285
54.40000000000005; 0.0004248763341726869
54.50000000000005; 0.00044132675061866485
54.60000000000005; 0.0004582899566362854
54.700000000000045; 0.0004757774485336391
54.80000000000005; 0.000493800847245843
54.90000000000005; 0.0005123718965077143
55.00000000000005; 0.0005315024609611651
55.10000000000005; 0.0005512045241980161
55.200000000000045; 0.000571490186739827
55.30000000000005; 0.0005923716639556014
55.40000000000005; 0.0006138612839185506
55.50000000000005; 0.0006359714852035116
55.60000000000005; 0.000658714814625955
55.700000000000045; 0.0006821039249240044
55.80000000000005; 0.0007061515723849672
55.90000000000005; 0.0007308706144177026
56.00000000000005; 0.0007562740070720652
56.10000000000005; 0.0007823748025073716
56.200000000000045; 0.0008091861464106559
56.30000000000005; 0.0008367212753670698
56.40000000000005; 0.0008649935141831647
56.50000000000005; 0.0008940162731652579
56.60000000000005; 0.0009238030453540053
56.70000000000005; 0.0009543674037172217
56.80000000000005; 0.0009857229983020784
56.90000000000005; 0.0010178835533485938
57.00000000000005; 0.001050862864366338
57.10000000000005; 0.0010846747951753946
57.20000000000005; 0.0011193332749136373
57.30000000000005; 0.0011548522950122376
57.40000000000005; 0.001191245906140471
57.50000000000005; 0.0012285282151219133
57.60000000000005; 0.0012667133818241383
57.70000000000005; 0.0013058156160224883
57.800000000000054; 0.0013458491742408918
57.90000000000005; 0.0013868283565706813
58.00000000000005; 0.0014287675034690614
58.10000000000005; 0.001471680992539786
58.20000000000005; 0.0015155832352964722
58.300000000000054; 0.001560488673911362
58.40000000000005; 0.0016064117779507863
58.50000000000005; 0.001653367041098845
58.60000000000005; 0.0017013689778710593
58.70000000000005; 0.0017504321203203727
58.800000000000054; 0.0018005710147355888
58.90000000000005; 0.0018518002183357907
59.00000000000005; 0.0019041342959606757
59.10000000000005; 0.001957587816759697
59.20000000000005; 0.002012175350880735
59.300000000000054; 0.002067911466160421
59.40000000000005; 0.002124810724817219
59.50000000000005; 0.0021828876801494174
59.60000000000005; 0.002242156873238899
59.70000000000005; 0.002302632829662545
59.800000000000054; 0.0023643300562128065
59.900000000000055; 0.0024272630376288955
60.00000000000005; 0.0024914462333392204
60.10000000000005; 0.0025568820998766897
60.20000000000005; 0.002623596520881356
60.300000000000054; 0.002691603848260896
60.400000000000055; 0.0027609183943407166
60.50000000000005; 0.0028315544298047708
60.60000000000005; 0.0029035261805377367
60.70000000000005; 0.0029768478244892975
60.800000000000054; 0.0030515334885605895
60.900000000000055; 0.0031275972455151726
61.00000000000006; 0.003205053110914587
61.10000000000005; 0.0032839150400803914
61.20000000000005; 0.0033641969250836094
61.300000000000054; 0.0034459125917625896
61.400000000000055; 0.0035290757967699755
61.50000000000006; 0.003613700224651237
61.60000000000005; 0.003699799484953424
61.70000000000005; 0.0037873871093672446
61.800000000000054; 0.0038764765489023106
61.900000000000055; 0.003967081171097242
62.00000000000006; 0.004059214257263508
62.10000000000005; 0.004152888999767273
62.20000000000005; 0.004248118499346633
62.300000000000054; 0.004344915762466816
62.400000000000055; 0.004443293698714552
62.50000000000006; 0.004543265118230027
62.60000000000005; 0.004644842729180386
62.70000000000005; 0.004748039135272215
62.800000000000054; 0.004852866833305751
62.900000000000055; 0.004959338210771187
63.00000000000006; 0.00506746554348592
63.10000000000006; 0.005177260993276045
63.20000000000005; 0.005288736605700063
63.300000000000054; 0.005401904307816727
63.400000000000055; 0.005516775905997423
63.50000000000006; 0.005633363083782614
63.60000000000006; 0.005751677399783085
63.70000000000005; 0.005871730285627836
63.800000000000054; 0.005993533043956207
63.900000000000055; 0.006117096846456528
64.00000000000006; 0.006242432731951847
64.10000000000005; 0.0063695516045307885
64.20000000000006; 0.006498464231725939
64.30000000000005; 0.006629181242739731
64.40000000000006; 0.00676171312671627
64.50000000000006; 0.006896070231061019
64.60000000000005; 0.00703226275980843
64.70000000000006; 0.00717030077203574
64.80000000000005; 0.007310194180325598
64.90000000000006; 0.0074519527492762855
65.00000000000006; 0.007595586094057569
65.10000000000005; 0.007741103679017723
65.20000000000006; 0.007888514816334498
65.30000000000005; 0.008037828664716069
65.40000000000006; 0.008189054228149261
65.50000000000006; 0.008342200354693406
65.60000000000005; 0.008497275735324028
65.70000000000006; 0.008654288902822275
65.80000000000005; 0.00881324823071092
65.90000000000006; 0.008974161932238609
66.00000000000006; 0.009137038059410506
66.10000000000005; 0.009301884502063972
66.20000000000006; 0.009468708986992725
66.30000000000005; 0.009637519077115441
66.40000000000006; 0.0098083221706908
66.50000000000006; 0.009981125500577654
66.60000000000005; 0.010155936133540874
66.70000000000006; 0.010332760969602396
66.80000000000005; 0.010511606741435307
66.90000000000006; 0.010692480013804748
67.00000000000006; 0.01087538718304943
67.10000000000007; 0.011060334476611103
67.20000000000006; 0.011247327952602117
67.30000000000005; 0.011436373499420881
67.40000000000006; 0.011627476835405206
67.50000000000006; 0.011820643508531676
67.60000000000007; 0.012015878896153317
67.70000000000006; 0.01221318820478044
67.80000000000005; 0.012412576469901748
67.90000000000006; 0.012614048555845959
68.00000000000006; 0.012817609155682037
68.10000000000007; 0.013023262791160397
68.20000000000006; 0.013231013812692368
68.30000000000005; 0.01344086639936755
68.40000000000006; 0.013652824559010136
68.50000000000006; 0.013866892128271814
68.60000000000007; 0.014083072772761954
68.70000000000006; 0.014301369987213961
68.80000000000005; 0.014521787095687773
68.90000000000006; 0.014744327251808152
69.00000000000006; 0.014968993439036462
69.10000000000007; 0.015195788470978083
69.20000000000006; 0.015424714991723347
69.30000000000005; 0.015655775476221576
69.40000000000006; 0.01588897223068673
69.50000000000006; 0.016124307393037503
69.60000000000007; 0.016361782933367257
69.70000000000006; 0.016601400654445528
69.80000000000007; 0.016843162192249694
69.90000000000006; 0.017087069016527342
70.00000000000006; 0.017333122431387286
70.10000000000007; 0.017581323575919273
70.20000000000006; 0.017831673424843292
70.30000000000007; 0.018084172789184977
70.40000000000006; 0.018338822316977962
70.50000000000006; 0.01859562249399546
70.60000000000007; 0.018854573644503936
70.70000000000006; 0.01911567593204655
70.80000000000007; 0.019378929360246155
70.90000000000006; 0.01964433377363871
71.00000000000006; 0.019911888858525118
71.10000000000007; 0.02018159414384984
71.20000000000006; 0.020453449002100138
71.30000000000007; 0.020727452650228264
71.40000000000006; 0.02100360415059442
71.50000000000006; 0.02128190241193237
71.60000000000007; 0.021562346190333277
71.70000000000006; 0.02184493409025128
71.80000000000007; 0.02212966456552711
71.90000000000006; 0.022416535920430643
72.00000000000006; 0.02270554631072252
72.10000000000007; 0.022996693744733735
72.20000000000006; 0.023289976084460016
72.30000000000007; 0.023585391046676292
72.40000000000006; 0.0238829362040631
72.50000000000006; 0.02418260898635461
72.60000000000007; 0.024484406681494007
72.70000000000006; 0.024788326436811392
72.80000000000007; 0.025094365260209306
72.90000000000006; 0.025402520021365668
73.00000000000006; 0.025712787452948565
73.10000000000007; 0.0260251641518428
73.20000000000006; 0.026339646580391046
73.30000000000007; 0.026656231067643022
73.40000000000006; 0.026974913810619488
73.50000000000007; 0.027295690875583964
73.60000000000007; 0.02761855819932534
73.70000000000006; 0.027943511590452406
73.80000000000007; 0.028270546730694086
73.90000000000006; 0.028599659176211642
74.00000000000007; 0.02893084435891714
74.10000000000007; 0.02926409758779976
74.20000000000006; 0.02959941405026225
74.30000000000007; 0.029936788813460624
74.40000000000006; 0.03027621682565428
74.50000000000007; 0.030617692917558167
74.60000000000007; 0.030961211803705008
74.70000000000006; 0.031306768083810374
74.80000000000007; 0.03165435624414158
74.90000000000006; 0.03200397065889493
75.00000000000007; 0.03235560559157474
75.10000000000007; 0.032709255196375
75.20000000000006; 0.033064913519567606
75.30000000000007; 0.03342257450089028
75.40000000000006; 0.033782231974940305
75.50000000000007; 0.034143879672568524
75.60000000000007; 0.03450751122227552
75.70000000000006; 0.03487312015160979
75.80000000000007; 0.0352406998885685
75.90000000000006; 0.035610243762994626
76.00000000000007; 0.03598174500798299
76.10000000000007; 0.036355196761275195
76.20000000000007; 0.036730592066667074
76.30000000000007; 0.037107923875403945
76.40000000000006; 0.037487185047585775
76.50000000000007; 0.03786836835356242
76.60000000000007; 0.03825146647533317
76.70000000000007; 0.0386364720079437
76.80000000000007; 0.03902337746087927
76.90000000000006; 0.039412175259458525
77.00000000000007; 0.039802857746223184
77.10000000000007; 0.040195417182322966
77.20000000000007; 0.040589845748904625
77.30000000000007; 0.04098613554849025
77.40000000000006; 0.041384278606354324
77.50000000000007; 0.041784266871901794
77.60000000000007; 0.042186092220033396
77.70000000000007; 0.04258974645251692
77.80000000000007; 0.042995221299344556
77.90000000000006; 0.043402508420093466
78.00000000000007; 0.0438115994052759
78.10000000000007; 0.044222485777689155
78.20000000000007; 0.04463515899375457
78.30000000000007; 0.04504961044485718
78.40000000000006; 0.04546583145867592
78.50000000000007; 0.0458838133005085
78.60000000000007; 0.04630354717459165
78.70000000000007; 0.04672502422541338
78.80000000000007; 0.047148235539022115
78.90000000000006; 0.047573172144323196
79.00000000000007; 0.047999825014376975
79.10000000000007; 0.04842818506768303
79.20000000000007; 0.04885824316946075
79.30000000000007; 0.04928999013292159
79.40000000000006; 0.04972341672053605
79.50000000000007; 0.05015851364529055
79.60000000000007; 0.05059527157193721
79.70000000000007; 0.05103368111823941
79.80000000000007; 0.05147373285620406
79.90000000000008; 0.0519154173133083
80.00000000000007; 0.052358724973722987
80.10000000000007; 0.05280376172461179
80.20000000000007; 0.053250405187086604
80.30000000000007; 0.053698644023545274
80.40000000000008; 0.054148468545428124
80.50000000000007; 0.054599869026595194
80.60000000000007; 0.05505283570449488
80.70000000000007; 0.05550735878132673
80.80000000000007; 0.05596342842519062
80.90000000000008; 0.05642103477123152
81.00000000000007; 0.056880167922771785
81.10000000000007; 0.05734081795243573
81.20000000000007; 0.057802974903267516
81.30000000000007; 0.05826662878983495
81.40000000000008; 0.058731769599327105
81.50000000000007; 0.059198387292645524
81.60000000000007; 0.05966647180547748
81.70000000000007; 0.06013601304936796
81.80000000000007; 0.06060700091277851
81.90000000000008; 0.06107942526213954
82.00000000000007; 0.061553275942886135
82.10000000000007; 0.06202854278049236
82.20000000000007; 0.06250521558149318
82.30000000000007; 0.06298328413449147
82.40000000000008; 0.06346273821116538
82.50000000000007; 0.06394356756725574
82.60000000000008; 0.06442576194355164
82.70000000000007; 0.06490931106686089
82.80000000000007; 0.0653942046509736
82.90000000000008; 0.06588043239761375
83.00000000000007; 0.06636798399738339
83.10000000000008; 0.06685684913069717
83.20000000000007; 0.06734701746870118
83.30000000000007; 0.06783847867419093
83.40000000000008; 0.06833122240251065
83.50000000000007; 0.06882523830245048
83.60000000000008; 0.06932051601712838
83.70000000000007; 0.06981704518486422
83.80000000000007; 0.07031481544004207
83.90000000000008; 0.07081381641396718
84.00000000000007; 0.07131403773570802
84.10000000000008; 0.07181546903293069
84.20000000000007; 0.07231809993272348
84.30000000000007; 0.07282192006241336
84.40000000000008; 0.07332691905036652
84.50000000000007; 0.07383308652678651
84.60000000000008; 0.07434041212449974
84.70000000000007; 0.07484888547972895
84.80000000000007; 0.07535849623285915
84.90000000000008; 0.07586923402919434
85.00000000000007; 0.07638108851970259
85.10000000000008; 0.07689404936175669
85.20000000000007; 0.07740810621985267
85.30000000000007; 0.07792324876633679
85.40000000000008; 0.0784394666821062
85.50000000000007; 0.07895674965730973
85.60000000000008; 0.07947508739203947
85.70000000000007; 0.07999446959700351
85.80000000000007; 0.08051488599420123
85.90000000000008; 0.08103632631758173
86.00000000000007; 0.08155878031369578
86.10000000000008; 0.08208223774233582
86.20000000000007; 0.08260668837717072
86.30000000000008; 0.08313212200636708
86.40000000000008; 0.08365852843320593
86.50000000000007; 0.08418589747668434
86.60000000000008; 0.08471421897211397
86.70000000000007; 0.08524348277170768
86.80000000000008; 0.08577367874515732
86.90000000000008; 0.08630479678019998
87.00000000000007; 0.08683682678318302
87.10000000000008; 0.08736975867961164
87.20000000000007; 0.08790358241469373
87.30000000000008; 0.08843828795387167
87.40000000000008; 0.08897386528334743
87.50000000000007; 0.0895103044106018
87.60000000000008; 0.09004759536490016
87.70000000000007; 0.09058572819778984
87.80000000000008; 0.09112469298359596
87.90000000000008; 0.09166447981990149
88.00000000000007; 0.09220507882801972
88.10000000000008; 0.09274648015346482
88.20000000000007; 0.09328867396640451
88.30000000000008; 0.09383165046211205
88.40000000000008; 0.0943753998614107
88.50000000000007; 0.0949199124111004
88.60000000000008; 0.09546517838439052
88.70000000000007; 0.09601118808131191
88.80000000000008; 0.09655793182913085
88.90000000000008; 0.09710539998274612
89.00000000000009; 0.09765358292509
89.10000000000008; 0.09820247106750724
89.20000000000007; 0.09875205485014169
89.30000000000008; 0.0993023247423009
89.40000000000008; 0.09985327124282405
89.50000000000009; 0.10040488488043826
89.60000000000008; 0.1009571562141058
89.70000000000007; 0.10151007583336849
89.80000000000008; 0.10206363435868095
89.90000000000008; 0.10261782244173707
90.00000000000009; 0.1031726307657956
90.10000000000008; 0.10372805004598451
90.20000000000007; 0.10428407102961831
90.30000000000008; 0.10484068449648735
90.40000000000008; 0.10539788125915858
90.50000000000009; 0.10595565216325717
90.60000000000008; 0.10651398808774717
90.70000000000007; 0.10707287994520416
90.80000000000008; 0.10763231868208108
90.90000000000008; 0.10819229527896633
91.00000000000009; 0.10875280075084202
91.10000000000008; 0.10931382614732325
91.20000000000007; 0.10987536255290538
91.30000000000008; 0.11043740108719469
91.40000000000008; 0.11099993290513553
91.50000000000009; 0.11156294919723514
91.60000000000008; 0.11212644118977835
91.70000000000007; 0.11269040014503671
91.80000000000008; 0.11325481736147336
91.90000000000008; 0.11381968417393895
92.00000000000009; 0.11438499195386839
92.10000000000008; 0.11495073210946201
92.20000000000007; 0.11551689608587179
92.30000000000008; 0.11608347536537107
92.40000000000008; 0.11665046146752957
92.50000000000009; 0.11721784594937415
92.60000000000008; 0.11778562040554895
92.70000000000009; 0.11835377646846817
92.80000000000008; 0.11892230580846475
92.90000000000008; 0.11949120013393323
93.00000000000009; 0.12006045119146778
93.10000000000008; 0.12063005076599567
93.20000000000009; 0.12119999068090218
93.30000000000008; 0.12177026279815502
93.40000000000008; 0.12234085901842319
93.50000000000009; 0.12291177128118771
93.60000000000008; 0.12348299156485071
93.70000000000009; 0.12405451188683803
93.80000000000008; 0.12462632430370009
93.90000000000008; 0.12519842091120112
94.00000000000009; 0.1257707938444148
94.10000000000008; 0.12634343527780348
94.20000000000009; 0.12691633742530375
94.30000000000008; 0.12748949254039627
94.40000000000008; 0.12806289291618295
94.50000000000009; 0.12863653088545463
94.60000000000008; 0.12921039882074728
94.70000000000009; 0.1297844891344117
94.80000000000008; 0.13035879427865732
94.90000000000008; 0.1309333067456127
95.00000000000009; 0.1315080190673648
95.10000000000008; 0.13208292381600897
95.20000000000009; 0.13265801360368007
95.30000000000008; 0.1332332810825972
95.40000000000009; 0.13380871894508545
95.50000000000009; 0.13438431992360952
95.60000000000008; 0.134960076790797
95.70000000000009; 0.13553598235945796
95.80000000000008; 0.13611202948260198
95.90000000000009; 0.136688211053452
96.00000000000009; 0.13726452000545136
96.10000000000008; 0.13784094931227467
96.20000000000009; 0.13841749198782968
96.30000000000008; 0.13899414108625358
96.40000000000009; 0.1395708897019129
96.50000000000009; 0.1401477309693985
96.60000000000008; 0.14072465806350856
96.70000000000009; 0.14130166419924514
96.80000000000008; 0.14187874263179037
96.90000000000009; 0.1424558866564899
97.00000000000009; 0.14303308960883326
97.10000000000008; 0.14361034486442414
97.20000000000009; 0.1441876458389582
97.30000000000008; 0.1447649859881864
97.40000000000009; 0.14534235880788743
97.50000000000009; 0.14591975783382707
97.60000000000008; 0.14649717664171893
97.70000000000009; 0.14707460884718943
97.80000000000008; 0.14765204810572422
97.90000000000009; 0.1482294881126287
98.00000000000009; 0.14880692260297593
98.10000000000008; 0.14938434535155545
98.20000000000009; 0.14996175017281782
98.30000000000008; 0.15053913092081908
98.40000000000009; 0.15111648148916454
98.50000000000009; 0.1516937958109409
98.60000000000008; 0.15227106785865996
98.70000000000009; 0.15284829164418912
98.80000000000008; 0.1534254612186833
98.90000000000009; 0.15400257067251527
99.00000000000009; 0.15457961413520455
99.1000000000001; 0.15515658577534452
99.20000000000009; 0.15573347980052069
99.30000000000008; 0.1563102904572401
99.40000000000009; 0.15688701203084196
99.50000000000009; 0.15746363884542447
99.6000000000001; 0.1580401652637555
99.70000000000009; 0.15861658568718942
99.80000000000008; 0.15919289455557756
99.90000000000009; 0.159769086347178
100.00000000000009; 0.16034515140343178
100.1000000000001; 0.1609209286234916
100.20000000000009; 0.16149657231966646
100.30000000000008; 0.16207207709613994
100.40000000000009; 0.1626474375951383
100.50000000000009; 0.16322264849683304
100.6000000000001; 0.1637977045192384
100.70000000000009; 0.16437260041811727
100.80000000000008; 0.1649473309868786
100.90000000000009; 0.16552189105647036
101.00000000000009; 0.16609627549528286
101.1000000000001; 0.16667047920903513
101.20000000000009; 0.16724449714067213
101.30000000000008; 0.16781832427025783
101.40000000000009; 0.16839195561486073
101.50000000000009; 0.16896538622844734
101.6000000000001; 0.16953861120176766
101.70000000000009; 0.1701116256622417
101.8000000000001; 0.17068442477384396
101.90000000000009; 0.17125700373699185
102.00000000000009; 0.17182935778842048
102.1000000000001; 0.17240148220107435
102.20000000000009; 0.1729733722839801
102.3000000000001; 0.17354502338213001
102.40000000000009; 0.17411643087635922
102.50000000000009; 0.17468759018322397
102.6000000000001; 0.17525849675487723
102.70000000000009; 0.17582914607894823
102.8000000000001; 0.17639953367841094
102.90000000000009; 0.17696965511146012
103.00000000000009; 0.1775395059713905
103.1000000000001; 0.17810908188645694
103.20000000000009; 0.1786783785197562
103.3000000000001; 0.1792473915690921
103.40000000000009; 0.1798161167668469
103.50000000000009; 0.18038454987984814
103.6000000000001; 0.18095268670924083
103.70000000000009; 0.18152052309035052
103.8000000000001; 0.18208805489255186
103.90000000000009; 0.1826552780191342
104.00000000000009; 0.18322218840716836
104.1000000000001; 0.18378878202736953
104.20000000000009; 0.18435505488396345
104.3000000000001; 0.18492100301454742
104.40000000000009; 0.18548662248995448
104.50000000000009; 0.1860519094141195
104.6000000000001; 0.18661685992393195
104.70000000000009; 0.18718147018910977
104.8000000000001; 0.18774573641204678
104.90000000000009; 0.18830965482768658
105.00000000000009; 0.18887322170337065
105.1000000000001; 0.1894364333387084
105.20000000000009; 0.18999928606542704
105.3000000000001; 0.19056177624723708
105.40000000000009; 0.19112390027968856
105.5000000000001; 0.1916856545900293
105.6000000000001; 0.1922470356370613
105.70000000000009; 0.19280803991100132
105.8000000000001; 0.19336866393333316
105.90000000000009; 0.19392890425667159
106.0000000000001; 0.19448875746461067
106.1000000000001; 0.195048220171588
106.20000000000009; 0.19560728902273572
106.3000000000001; 0.19616596069373707
106.40000000000009; 0.1967242318906847
106.5000000000001; 0.19728209934993374
106.6000000000001; 0.19783955983795634
106.70000000000009; 0.19839661015120064
106.8000000000001; 0.1989532471159442
106.90000000000009; 0.19950946758814447
107.0000000000001; 0.20006526845330205
107.1000000000001; 0.20062064662630835
107.20000000000009; 0.20117559905130364
107.3000000000001; 0.2017301227015284
107.40000000000009; 0.20228421457918444
107.5000000000001; 0.2028378717152799
107.6000000000001; 0.20339109116949444
107.70000000000009; 0.20394387003002235
107.8000000000001; 0.20449620541343752
107.90000000000009; 0.20504809446453928
108.0000000000001; 0.2055995343562139
108.1000000000001; 0.20615052228928132
108.2000000000001; 0.20670105549235812
108.3000000000001; 0.20725113122170585
108.40000000000009; 0.20780074676108773
108.5000000000001; 0.20834989942162413
108.6000000000001; 0.20889858654164636
108.7000000000001; 0.20944680548655042
108.8000000000001; 0.20999455364865474
108.90000000000009; 0.2105418284470544
109.0000000000001; 0.21108862732747288
109.1000000000001; 0.2116349477621222
109.2000000000001; 0.21218078724955838
109.3000000000001; 0.21272614331453085
109.40000000000009; 0.21327101350784555
109.5000000000001; 0.21381539540621758
109.6000000000001; 0.21435928661212766
109.7000000000001; 0.21490268475367946
109.8000000000001; 0.21544558748445417
109.90000000000009; 0.21598799248336867
110.0000000000001; 0.21652989745453358
110.1000000000001; 0.21707130012710774
110.2000000000001; 0.217612198255158
110.3000000000001; 0.2181525896175171
110.40000000000009; 0.21869247201763817
110.5000000000001; 0.2192318432834595
110.6000000000001; 0.21977070126725634
110.7000000000001; 0.22030904384550198
110.8000000000001; 0.22084686891872882
110.90000000000009; 0.22138417441138536
111.0000000000001; 0.2219209582716962
111.1000000000001; 0.2224572184715239
111.2000000000001; 0.2229929530062272
111.3000000000001; 0.22352815989452068
111.40000000000009; 0.2240628371783382
111.5000000000001; 0.22459698292269314
111.6000000000001; 0.225130595215538
111.7000000000001; 0.2256636721676314
111.8000000000001; 0.22619621191239433
111.9000000000001; 0.22672821260577528
112.0000000000001; 0.22725967242611414
112.1000000000001; 0.227790589574006
112.2000000000001; 0.22832096227215987
112.3000000000001; 0.22885078876526932
112.4000000000001; 0.22938006731987215
112.5000000000001; 0.2299087962242187
112.6000000000001; 0.2304369737881333
112.7000000000001; 0.23096459834288227
112.8000000000001; 0.2314916682410401
112.9000000000001; 0.23201818185635442
113.0000000000001; 0.23254413758361397
113.1000000000001; 0.23306953383851298
113.2000000000001; 0.23359436905752637
113.3000000000001; 0.2341186416977672
113.4000000000001; 0.23464235023686258
113.5000000000001; 0.23516549317282076
113.6000000000001; 0.2356880690238982
113.7000000000001; 0.23621007632847377
113.8000000000001; 0.23673151364491393
113.9000000000001; 0.23725237955144554
114.0000000000001; 0.2377726726460303
114.1000000000001; 0.23829239154622933
114.2000000000001; 0.23881153488907994
114.3000000000001; 0.23933010133096677
114.4000000000001; 0.23984808954749567
114.5000000000001; 0.24036549823336578
114.60000000000011; 0.24088232610224278
114.7000000000001; 0.24139857188663313
114.8000000000001; 0.24191423433776174
114.9000000000001; 0.2424293122254448
115.0000000000001; 0.24294380433796423
115.10000000000011; 0.24345770948194553
115.2000000000001; 0.24397102648223393
115.3000000000001; 0.24448375418177204
115.4000000000001; 0.24499589144147713
115.5000000000001; 0.24550743714011788
115.60000000000011; 0.24601839017419472
115.7000000000001; 0.24652874945781908
115.8000000000001; 0.24703851392258827
115.9000000000001; 0.24754768251747475
116.0000000000001; 0.2480562542086949
116.10000000000011; 0.24856422797959993
116.2000000000001; 0.24907160283055324
116.3000000000001; 0.2495783777788102
116.4000000000001; 0.2500845518584037
116.5000000000001; 0.25059012412002923
116.60000000000011; 0.2510950936309226
116.7000000000001; 0.25159945947474593
116.8000000000001; 0.25210322075147595
116.9000000000001; 0.2526063765772837
117.0000000000001; 0.25310892608442426
117.10000000000011; 0.25361086842111713
117.2000000000001; 0.2541122027514397
117.3000000000001; 0.2546129282552104
117.4000000000001; 0.2551130441278748
117.5000000000001; 0.2556125495803969
117.60000000000011; 0.25611144383914486
117.7000000000001; 0.2566097261457834
117.8000000000001; 0.2571073957571592
117.9000000000001; 0.2576044519451931
118.0000000000001; 0.25810089399677216
118.10000000000011; 0.258596721213637
118.2000000000001; 0.2590919329122774
118.30000000000011; 0.25958652842382096
118.4000000000001; 0.26008050709392644
118.5000000000001; 0.2605738682826803
118.60000000000011; 0.2610666113644859
118.7000000000001; 0.26155873572795907
118.80000000000011; 0.2620502407758225
118.9000000000001; 0.2625411259248032
119.0000000000001; 0.263031390605526
119.10000000000011; 0.2635210342624083
119.2000000000001; 0.2640100563535616
119.30000000000011; 0.2644984563506818
119.4000000000001; 0.2649862337389545
119.5000000000001; 0.2654733880169463
119.60000000000011; 0.2659599186965105
119.7000000000001; 0.2664458253026799
119.80000000000011; 0.2669311073735695
119.9000000000001; 0.2674157644602765
120.0000000000001; 0.2678997961267828
120.10000000000011; 0.2683832019498535
120.2000000000001; 0.26886598151893865
120.30000000000011; 0.2693481344360798
120.4000000000001; 0.2698296603158052
120.5000000000001; 0.2703105587850436
120.60000000000011; 0.27079082948301736
120.7000000000001; 0.27127047206115235
120.80000000000011; 0.27174948618298533
120.9000000000001; 0.272227871524061
121.00000000000011; 0.2727056277718487
121.10000000000011; 0.2731827546256361
121.2000000000001; 0.27365925179644995
121.30000000000011; 0.27413511900695137
121.4000000000001; 0.2746103559913501
121.50000000000011; 0.2750849624953115
121.60000000000011; 0.27555893827586714
121.7000000000001; 0.2760322831013192
121.80000000000011; 0.2765049967511568
121.9000000000001; 0.27697707901596025
122.00000000000011; 0.2774485296973158
122.10000000000011; 0.2779193486077266
122.2000000000001; 0.2783895355705223
122.30000000000011; 0.27885909041977447
122.4000000000001; 0.2793280130002057
122.50000000000011; 0.27979630316710813
122.60000000000011; 0.2802639607862512
122.7000000000001; 0.2807309857337991
122.80000000000011; 0.28119737789622656
122.9000000000001; 0.28166313717023245
123.00000000000011; 0.2821282634626555
123.10000000000011; 0.2825927566903913
123.2000000000001; 0.28305661678030597
123.30000000000011; 0.28351984366915883
123.4000000000001; 0.28398243730351747
123.50000000000011; 0.2844443976396718
123.60000000000011; 0.28490572464355907
123.7000000000001; 0.28536641829068043
123.80000000000011; 0.28582647856601956
123.9000000000001; 0.28628590546396104
124.00000000000011; 0.28674469898821636
124.10000000000011; 0.28720285915174015
124.2000000000001; 0.2876603859766529
124.30000000000011; 0.2881172794941633
124.4000000000001; 0.28857353974449024
124.50000000000011; 0.28902916677678486
124.60000000000011; 0.28948416064905497
124.70000000000012; 0.2899385214280893
124.80000000000011; 0.29039224918937995
124.9000000000001; 0.2908453440170458
125.00000000000011; 0.29129780600376365
125.10000000000011; 0.29174963525068626
125.20000000000012; 0.29220083186737356
125.30000000000011; 0.2926513959717157
125.4000000000001; 0.29310132768986424
125.50000000000011; 0.2935506271561531
125.60000000000011; 0.29399929451303264
125.70000000000012; 0.2944473299109953
125.80000000000011; 0.2948947335085031
125.9000000000001; 0.2953415054719178
126.00000000000011; 0.2957876459754301
126.10000000000011; 0.296233155200992
126.20000000000012; 0.29667803333824433
126.30000000000011; 0.29712228058444684
126.4000000000001; 0.297565897144413
126.50000000000011; 0.2980088832304385
126.60000000000011; 0.2984512390622356
126.70000000000012; 0.2988929648668653
126.80000000000011; 0.29933406087866726
126.9000000000001; 0.2997745273392
127.00000000000011; 0.300214364497166
127.10000000000011; 0.3006535726083527
127.20000000000012; 0.3010921519355651
127.30000000000011; 0.3015301027485602
127.40000000000012; 0.30196742532398174
127.50000000000011; 0.30240411994530003
127.60000000000011; 0.3028401869027426
127.70000000000012; 0.3032756264932355
127.80000000000011; 0.3037104390203376
127.90000000000012; 0.30414462479418203
128.0000000000001; 0.30457818413140775
128.1000000000001; 0.3050111173551045
128.2000000000001; 0.30544342479474684
128.30000000000013; 0.30587510678613494
128.40000000000012; 0.30630616367133634
128.5000000000001; 0.30673659579862184
128.6000000000001; 0.307166403522408
128.7000000000001; 0.3075955872031987
128.80000000000013; 0.30802414720752375
128.90000000000012; 0.3084520839078829
129.0000000000001; 0.308879397682686
129.1000000000001; 0.3093060889161971
129.2000000000001; 0.30973215799847414
129.30000000000013; 0.31015760532531433
129.40000000000012; 0.3105824312981993
129.5000000000001; 0.3110066363242321
129.6000000000001; 0.3114302208160896
129.7000000000001; 0.3118531851919631
129.80000000000013; 0.31227552987550083
129.90000000000012; 0.3126972552957576
130.0000000000001; 0.3131183618871382
130.1000000000001; 0.31353885008934573
130.2000000000001; 0.31395872034732303
130.30000000000013; 0.314377973111204
130.40000000000012; 0.31479660883626054
130.5000000000001; 0.3152146279828453
130.6000000000001; 0.31563203101634657
130.7000000000001; 0.3160488184071305
130.80000000000013; 0.316464990630494
130.90000000000012; 0.31688054816660804
131.0000000000001; 0.31729549150047304
131.1000000000001; 0.3177098211218659
131.2000000000001; 0.31812353752528794
131.30000000000013; 0.31853664120992037
131.40000000000012; 0.31894913267956754
131.5000000000001; 0.3193610124426141
131.6000000000001; 0.3197722810119751
131.7000000000001; 0.320182938905043
131.80000000000013; 0.3205929866436486
131.90000000000012; 0.3210024247540042
132.0000000000001; 0.3214112537666606
132.1000000000001; 0.3218194742164604
132.2000000000001; 0.3222270866424901
132.30000000000013; 0.3226340915880344
132.40000000000012; 0.32304048960052967
132.5000000000001; 0.32344628123151875
132.6000000000001; 0.3238514670366037
132.70000000000013; 0.32425604757540505
132.80000000000013; 0.3246600234115117
132.90000000000012; 0.3250633951124401
133.0000000000001; 0.3254661632495885
133.1000000000001; 0.3258683283981942
133.20000000000013; 0.3262698911372901
133.30000000000013; 0.3266708520496597
133.40000000000012; 0.32707121172179626
133.5000000000001; 0.3274709707438587
133.6000000000001; 0.32787012970963103
133.70000000000013; 0.3282686892164793
133.80000000000013; 0.32866664986530875
133.90000000000012; 0.3290640122605258
134.0000000000001; 0.32946077700999354
134.1000000000001; 0.3298569447249924
134.20000000000013; 0.33025251602018124
134.30000000000013; 0.3306474915135522
134.40000000000012; 0.3310418718263982
134.5000000000001; 0.3314356575832672
134.6000000000001; 0.33182884941192575
134.70000000000013; 0.33222144794331815
134.80000000000013; 0.33261345381152985
134.90000000000012; 0.3330048676537489
135.0000000000001; 0.3333956901102247
135.1000000000001; 0.3337859218242339
135.20000000000013; 0.3341755634420418
135.30000000000013; 0.33456461561286144
135.40000000000012; 0.33495307898882337
135.5000000000001; 0.3353409542249323
135.6000000000001; 0.3357282419790338
135.70000000000013; 0.3361149429117803
135.80000000000013; 0.33650105768658767
135.90000000000012; 0.3368865869696084
136.0000000000001; 0.3372715314296908
136.1000000000001; 0.3376558917383445
136.20000000000013; 0.3380396685697061
136.30000000000013; 0.3384228626005058
136.40000000000012; 0.3388054745100307
136.5000000000001; 0.33918750498009165
136.6000000000001; 0.3395689546949918
136.70000000000013; 0.3399498243414869
136.80000000000013; 0.3403301146087605
136.90000000000012; 0.3407098261883814
137.0000000000001; 0.34108895977427856
137.1000000000001; 0.3414675160627044
137.20000000000013; 0.34184549575220496
137.30000000000013; 0.34222289954358365
137.40000000000012; 0.3425997281398744
137.5000000000001; 0.3429759822463064
137.6000000000001; 0.34335166257027605
137.70000000000013; 0.3437267698213119
137.80000000000013; 0.34410130471104605
137.90000000000012; 0.34447526795318417
138.0000000000001; 0.34484866026347255
138.1000000000001; 0.3452214823596711
138.20000000000013; 0.3455937349615208
138.30000000000013; 0.3459654187907152
138.40000000000012; 0.3463365345708701
138.5000000000001; 0.34670708302749653
138.60000000000014; 0.34707706488796847
138.70000000000013; 0.3474464808814948
138.80000000000013; 0.3478153317390953
138.90000000000012; 0.34818361819356397
139.0000000000001; 0.34855134097944823
139.10000000000014; 0.3489185008330176
139.20000000000013; 0.3492850984922373
139.30000000000013; 0.34965113469673875
139.40000000000012; 0.35001661018779523
139.5000000000001; 0.35038152570829245
139.60000000000014; 0.35074588200270185
139.70000000000013; 0.35110967981705654
139.80000000000013; 0.35147291989892193
139.90000000000012; 0.3518356029973712
140.0000000000001; 0.3521977298629578
140.10000000000014; 0.3525593012476921
140.20000000000013; 0.3529203179050121
140.30000000000013; 0.35328078058976436
140.40000000000012; 0.35364069005816984
140.5000000000001; 0.35400004706780874
140.60000000000014; 0.35435885237758735
140.70000000000013; 0.354717106747718
140.80000000000013; 0.35507481093969545
140.90000000000012; 0.35543196571626856
141.0000000000001; 0.35578857184142065
141.10000000000014; 0.3561446300803426
141.20000000000013; 0.3565001411994106
141.30000000000013; 0.35685510596616443
141.40000000000012; 0.35720952514928045
141.5000000000001; 0.3575633995185528
141.60000000000014; 0.35791672984486517
141.70000000000013; 0.35826951690017445
141.80000000000013; 0.35862176145748353
141.90000000000012; 0.358973464290822
142.0000000000001; 0.35932462617522204
142.10000000000014; 0.35967524788669775
142.20000000000013; 0.360025330202222
142.30000000000013; 0.36037487389970835
142.40000000000012; 0.36072387975798337
142.5000000000001; 0.36107234855677356
142.60000000000014; 0.3614202810766762
142.70000000000013; 0.3617676780991445
142.80000000000013; 0.36211454040646596
142.90000000000012; 0.36246086878173817
143.0000000000001; 0.36280666400885236
143.10000000000014; 0.36315192687247216
143.20000000000013; 0.3634966581580133
143.30000000000013; 0.363840858651624
143.40000000000012; 0.364184529140165
143.5000000000001; 0.3645276704111912
143.60000000000014; 0.3648702832529305
143.70000000000013; 0.365212368454266
143.80000000000013; 0.3655539268047173
143.90000000000012; 0.36589495909442016
144.0000000000001; 0.36623546611410934
144.10000000000014; 0.36657544865509994
144.20000000000013; 0.36691490750926836
144.30000000000013; 0.36725384346903395
144.40000000000012; 0.36759225732734124
144.5000000000001; 0.36793014987764444
144.60000000000014; 0.36826752191388407
144.70000000000013; 0.3686043742304753
144.80000000000013; 0.3689407076222871
144.90000000000012; 0.369276522884628
145.0000000000001; 0.3696118208132238
145.10000000000014; 0.3699466022042061
145.20000000000013; 0.3702808678540914
145.30000000000013; 0.3706146185597689
145.40000000000012; 0.3709478551184784
145.50000000000014; 0.3712805783277983
145.60000000000014; 0.37161278898562705
145.70000000000013; 0.371944487890169
145.80000000000013; 0.37227567583991644
145.90000000000012; 0.3726063536336348
146.00000000000014; 0.37293652207034694
146.10000000000014; 0.3732661819493172
146.20000000000013; 0.3735953340700364
146.30000000000013; 0.3739239792322075
146.40000000000012; 0.3742521182357287
146.50000000000014; 0.3745797518806787
146.60000000000014; 0.37490688096730307
146.70000000000013; 0.3752335062959994
146.80000000000013; 0.3755596286673011
146.90000000000012; 0.3758852488818649
147.00000000000014; 0.3762103677404554
147.10000000000014; 0.37653498604393004
147.20000000000013; 0.376859104593228
147.30000000000013; 0.37718272418935334
147.40000000000012; 0.37750584563336304
147.50000000000014; 0.3778284697263513
147.60000000000014; 0.37815059726943717
147.70000000000013; 0.378472229063754
147.80000000000013; 0.37879336591042867
147.90000000000012; 0.3791140086105783
148.00000000000014; 0.37943415796528684
148.10000000000014; 0.3797538147756002
148.20000000000013; 0.3800729798425106
148.30000000000013; 0.3803916539669416
148.40000000000012; 0.3807098379497403
148.50000000000014; 0.38102753259165945
148.60000000000014; 0.38134473869334895
148.70000000000013; 0.3816614570553437
148.80000000000013; 0.38197768847804914
148.90000000000012; 0.3822934337617295
149.00000000000014; 0.3826086937064982
149.10000000000014; 0.38292346911230435
149.20000000000013; 0.3832377607789202
149.30000000000013; 0.38355156950593366
149.40000000000012; 0.3838648960927301
149.50000000000014; 0.38417774133848703
149.60000000000014; 0.38449010604216105
149.70000000000013; 0.3848019910024746
149.80000000000013; 0.38511339701790887
149.90000000000012; 0.385424324886689
150.00000000000014; 0.3857347754067757
150.10000000000014; 0.3860447602033925
150.20000000000013; 0.3863542693826698
150.30000000000013; 0.38666330358584283
150.40000000000012; 0.38697186360928604
150.50000000000014; 0.3872799502490634
150.60000000000014; 0.3875875643009232
150.70000000000013; 0.38789470656028374
150.80000000000013; 0.38820137782222436
150.90000000000012; 0.3885075788814776
151.00000000000014; 0.38881331053241563
151.10000000000014; 0.3891185735690443
151.20000000000013; 0.389423368784989
151.30000000000013; 0.38972769697349036
151.40000000000015; 0.3900315589273897
151.50000000000014; 0.39033495543912405
151.60000000000014; 0.390637887300714
151.70000000000013; 0.3909403553037537
151.80000000000013; 0.391242360239405
151.90000000000015; 0.3915439028983878
152.00000000000014; 0.39184498407096646
152.10000000000014; 0.3921456045469472
152.20000000000013; 0.3924457651156671
152.30000000000013; 0.3927454665659835
152.40000000000015; 0.3930447096862671
152.50000000000014; 0.3933434952643938
152.60000000000014; 0.3936418240877353
152.70000000000013; 0.39393969694315345
152.80000000000013; 0.39423711461698613
152.90000000000015; 0.39453407789504613
153.00000000000014; 0.394830587562609
153.10000000000014; 0.3951266444044045
153.20000000000013; 0.3954222492046113
153.30000000000013; 0.3957174027468486
153.40000000000015; 0.39601210581416635
153.50000000000014; 0.39630635918904034
153.60000000000014; 0.39660016365336254
153.70000000000013; 0.39689351998843575
153.80000000000013; 0.39718642897496215
153.90000000000015; 0.3974788913930429
154.00000000000014; 0.39777090802216203
154.10000000000014; 0.39806247964118874
154.20000000000013; 0.3983536070283617
154.30000000000013; 0.3986442909612878
154.40000000000015; 0.3989345322169329
154.50000000000014; 0.3992243315716161
154.60000000000014; 0.39951368980100144
154.70000000000013; 0.3998026076800914
154.80000000000013; 0.40009108598322307
154.90000000000015; 0.4003791254840576
155.00000000000014; 0.400666726955577
155.10000000000014; 0.40095389117007335
155.20000000000013; 0.40124061889914925
155.30000000000013; 0.4015269109137056
155.40000000000015; 0.40181276798393734
155.50000000000014; 0.40209819087932736
155.60000000000014; 0.40238318036864257
155.70000000000013; 0.4026677372199231
155.80000000000013; 0.4029518622004815
155.90000000000015; 0.40323555607689254
156.00000000000014; 0.4035188196149914
156.10000000000014; 0.40380165357986464
156.20000000000013; 0.40408405873584696
156.30000000000013; 0.40436603584651293
156.40000000000015; 0.40464758567467535
156.50000000000014; 0.4049287089823751
156.60000000000014; 0.4052094065308812
156.70000000000013; 0.4054896790806799
156.80000000000013; 0.4057695273914727
156.90000000000015; 0.406048952222171
157.00000000000014; 0.4063279543308906
157.10000000000014; 0.40660653447494527
157.20000000000013; 0.4068846934108449
157.30000000000013; 0.4071624318942857
157.40000000000015; 0.40743975068015137
157.50000000000014; 0.4077166505225036
157.60000000000014; 0.4079931321745778
157.70000000000013; 0.40826919638878045
157.80000000000013; 0.40854484391668444
157.90000000000015; 0.4088200755090209
158.00000000000014; 0.4090948919156799
158.10000000000014; 0.4093692938857016
158.20000000000013; 0.4096432821672725
158.30000000000015; 0.4099168575077247
158.40000000000015; 0.41019002065352805
158.50000000000014; 0.4104627723502847
158.60000000000014; 0.4107351133427299
158.70000000000013; 0.41100704437472335
158.80000000000015; 0.41127856618924635
158.90000000000015; 0.4115496795284002
159.00000000000014; 0.41182038513339747
159.10000000000014; 0.4120906837445624
159.20000000000013; 0.4123605761013249
159.30000000000015; 0.41263006294221805
159.40000000000015; 0.4128991450048711
159.50000000000014; 0.4131678230260111
159.60000000000014; 0.41343609774145484
159.70000000000013; 0.41370396988610486
159.80000000000015; 0.41397144019395116
159.90000000000015; 0.41423850939806184
160.00000000000014; 0.41450517823058264
