energy (keV); transmission
1.0; 0.0
1.1; 0.0
1.2000000000000002; 0.0
1.3000000000000003; 0.0
1.4000000000000004; 0.0
1.5000000000000004; 0.0
1.6000000000000005; 0.0
1.7000000000000006; 0.0
1.8000000000000007; 0.0
1.9000000000000008; 0.0
2.000000000000001; 1.5378846834266646e-305
2.100000000000001; 6.133786854661325e-269
2.200000000000001; 3.813931178492214e-238
2.300000000000001; 4.934426638938224e-212
2.4000000000000012; 1.5355425014126493e-203
2.5000000000000013; 2.2119540936652388e-189
2.6000000000000014; 2.624951332116711e-178
2.7000000000000015; 5.098616169247957e-168
2.8000000000000016; 5.449655167602924e-153
2.9000000000000017; 2.6479723838081487e-141
3.0000000000000018; 1.5534985928629647e-129
3.100000000000002; 8.832372488721809e-119
3.200000000000002; 3.1612089788016273e-109
3.300000000000002; 1.0432118440157828e-100
3.400000000000002; 4.369293651567643e-93
3.500000000000002; 3.0393792562603722e-86
3.6000000000000023; 4.408853496856047e-80
3.7000000000000024; 1.6182780629875578e-74
3.8000000000000025; 1.7730410963542454e-69
3.9000000000000026; 6.681291936666488e-65
4.000000000000003; 9.782971335378671e-61
4.100000000000003; 7.087753717853222e-57
4.200000000000003; 2.3813876276065574e-53
4.3000000000000025; 4.0296444598097656e-50
4.400000000000003; 3.690540915133137e-47
4.5000000000000036; 1.9483985631541753e-44
4.600000000000003; 6.267173499988761e-42
4.700000000000003; 1.2895701970823144e-39
4.800000000000003; 1.7721329267856493e-37
4.900000000000004; 1.6895957697473806e-35
5.0000000000000036; 1.304610722290425e-34
5.100000000000003; 7.221719256371897e-33
5.200000000000004; 3.0856010646799754e-31
5.300000000000004; 1.0363585344172576e-29
5.400000000000004; 2.7816669760082693e-28
5.5000000000000036; 6.057448253042203e-27
5.600000000000004; 1.0853264061711638e-25
5.700000000000005; 1.6211350648578607e-24
5.800000000000004; 2.0436943023436966e-23
5.900000000000004; 2.1997386117628763e-22
6.000000000000004; 1.4045732608169313e-36
6.100000000000005; 9.541248271393071e-36
6.200000000000005; 7.968600526627846e-35
6.300000000000004; 7.876412194327947e-34
6.400000000000005; 8.854626262412173e-33
6.500000000000005; 1.0886880446244625e-31
6.600000000000005; 1.4043584538054804e-30
6.700000000000005; 1.8558329692209366e-29
6.800000000000005; 2.427812319528835e-28
6.900000000000006; 3.066520691498573e-27
7.000000000000005; 3.663147979979886e-26
7.100000000000005; 4.070578206159712e-25
7.2000000000000055; 2.7017456315714076e-35
7.300000000000006; 5.762499106627031e-34
7.400000000000006; 1.0718384661242818e-32
7.500000000000005; 1.736365479055194e-31
7.600000000000006; 2.451021496176994e-30
7.700000000000006; 3.0203032464380126e-29
7.800000000000006; 3.2584881237560715e-28
7.900000000000006; 3.0892042585896004e-27
8.000000000000007; 2.5845026576430723e-26
8.100000000000007; 1.9287059973718858e-25
8.200000000000006; 1.2887047312347797e-24
8.300000000000006; 7.781828683978007e-24
8.400000000000006; 2.5330046431743256e-49
8.500000000000007; 7.067386819090847e-48
8.600000000000007; 1.7050494508113564e-46
8.700000000000006; 3.591689214280824e-45
8.800000000000008; 6.66493013651819e-44
8.900000000000007; 1.0983588885162524e-42
9.000000000000007; 1.619433961529222e-41
9.100000000000007; 2.150821115506685e-40
9.200000000000006; 2.5892849729321414e-39
9.300000000000008; 2.841756826214885e-38
9.400000000000007; 2.8584324772916766e-37
9.500000000000007; 2.648068702014154e-36
9.600000000000009; 2.2696413766514261e-35
9.700000000000008; 1.8073103919542296e-34
9.800000000000008; 1.3422820796275885e-33
9.900000000000007; 9.33161851991092e-33
10.000000000000007; 6.092950630509617e-32
10.100000000000009; 3.751666030535476e-31
10.200000000000008; 2.1809107889631777e-30
10.300000000000008; 1.1994076800130131e-29
10.40000000000001; 6.25280025243742e-29
10.500000000000009; 3.0959335987257064e-28
10.600000000000009; 1.4585348590424434e-27
10.700000000000008; 6.549652149382221e-27
10.800000000000008; 2.8082427287983964e-26
10.90000000000001; 1.1515332909194433e-25
11.000000000000009; 4.523005118932774e-25
11.100000000000009; 1.7042901771822563e-24
11.20000000000001; 6.169613111224674e-24
11.30000000000001; 2.1487118211214043e-23
11.40000000000001; 7.209232210809436e-23
11.500000000000009; 2.333205199141581e-22
11.600000000000009; 7.293080850184328e-22
11.70000000000001; 2.204366689484333e-21
11.80000000000001; 6.450185214684823e-21
11.90000000000001; 1.829186254638676e-20
12.00000000000001; 5.0327427857099964e-20
12.10000000000001; 1.3448033681211806e-19
12.20000000000001; 3.4934094410652402e-19
12.30000000000001; 8.83059815007742e-19
12.40000000000001; 2.1740948622812956e-18
12.50000000000001; 5.217921413621335e-18
12.60000000000001; 1.2218444560028306e-17
12.70000000000001; 2.793756925494442e-17
12.800000000000011; 6.242483687331115e-17
12.900000000000011; 1.3641165501766534e-16
13.00000000000001; 2.9173452031940927e-16
13.10000000000001; 6.11043045205975e-16
13.20000000000001; 1.2542889376265993e-15
13.300000000000011; 2.524925609048945e-15
13.400000000000011; 4.987671776389636e-15
13.50000000000001; 9.674055618552107e-15
13.600000000000012; 1.843462663682996e-14
13.700000000000012; 3.4531832304698406e-14
13.800000000000011; 6.362093829051699e-14
13.900000000000011; 1.1534609316649388e-13
14.00000000000001; 2.0589564456219374e-13
14.100000000000012; 3.6202965909547306e-13
14.200000000000012; 6.273322719018358e-13
14.300000000000011; 1.0717762945710549e-12
14.400000000000013; 1.8061479531634032e-12
14.500000000000012; 3.003503287997575e-12
14.600000000000012; 4.930660017283775e-12
14.700000000000012; 7.993823312902084e-12
14.800000000000011; 1.2803863366860569e-11
14.900000000000013; 2.0268577777203734e-11
15.000000000000012; 3.172156151923384e-11
15.100000000000012; 4.911099207076194e-11
15.200000000000014; 7.522247382141046e-11
15.300000000000013; 1.1402690210480566e-10
15.400000000000013; 1.7111905108328282e-10
15.500000000000012; 2.543055798798246e-10
15.600000000000012; 3.743776883080961e-10
15.700000000000014; 5.461170583215671e-10
15.800000000000013; 7.89593833277047e-10
15.900000000000013; 1.1318269260019933e-09
16.000000000000014; 1.6088899700805648e-09
16.100000000000016; 2.268560765821961e-09
16.200000000000014; 3.1736281190428824e-09
16.30000000000001; 4.405987484908654e-09
16.400000000000013; 6.071675725903636e-09
16.500000000000014; 8.307015441677031e-09
16.600000000000016; 1.1286060549416167e-08
16.700000000000014; 1.5229556856960086e-08
16.800000000000015; 2.041565399746009e-08
16.900000000000013; 2.7192627956000928e-08
17.000000000000014; 3.5993896141625965e-08
17.100000000000016; 4.735562912858018e-08
17.200000000000014; 6.193728435878674e-08
17.300000000000015; 8.054540678760917e-08
17.400000000000013; 1.0416105917102678e-07
17.500000000000014; 1.339712599308273e-07
17.600000000000016; 1.7140481879133195e-07
17.700000000000014; 2.1817296916696406e-07
17.800000000000015; 2.763152011259165e-07
17.900000000000016; 3.4825069922928065e-07
18.000000000000014; 4.3683578525846104e-07
18.100000000000016; 5.454277564643003e-07
18.200000000000017; 6.779554952288599e-07
18.300000000000015; 8.389972057305242e-07
18.400000000000016; 1.0338656072215688e-06
18.500000000000014; 1.2687008818370097e-06
18.600000000000016; 1.5505716374951028e-06
18.700000000000017; 1.8875841035726434e-06
18.800000000000015; 2.2889997288607323e-06
18.900000000000016; 2.765361298147732e-06
19.000000000000014; 7.237259152086159e-07
19.100000000000016; 8.851409998787398e-07
19.200000000000017; 1.0784142764293873e-06
19.300000000000015; 1.3089875741479073e-06
19.400000000000016; 1.5830794478651233e-06
19.500000000000018; 1.907772063727209e-06
19.600000000000016; 2.291104608711843e-06
19.700000000000017; 2.7421733581224207e-06
19.80000000000002; 3.271238502145423e-06
19.900000000000016; 3.889837796716888e-06
20.000000000000018; 4.6109070653774005e-06
20.100000000000016; 2.3524324273668204e-06
20.200000000000017; 2.8004511566323643e-06
20.30000000000002; 3.3234466545583064e-06
20.400000000000016; 3.9321410090493075e-06
20.500000000000018; 4.6385060829763355e-06
20.600000000000016; 5.455871189385646e-06
20.700000000000017; 6.399035746409022e-06
20.80000000000002; 7.484386728751605e-06
20.900000000000016; 8.730020691323922e-06
21.000000000000018; 1.0155870099263857e-05
21.10000000000002; 1.178383365766301e-05
21.200000000000017; 1.3637910294150542e-05
21.30000000000002; 1.574433640848103e-05
21.40000000000002; 1.8131725965808105e-05
21.500000000000018; 2.0831212974755616e-05
21.60000000000002; 2.387659585807327e-05
21.700000000000017; 2.7304483192892983e-05
21.80000000000002; 3.1154440269697205e-05
21.90000000000002; 3.546913589434959e-05
22.000000000000018; 4.029448883606425e-05
22.10000000000002; 4.567981330642246e-05
22.200000000000017; 5.167796284028555e-05
22.30000000000002; 5.834547193930609e-05
22.40000000000002; 6.574269483230425e-05
22.500000000000018; 7.393394070447188e-05
22.60000000000002; 8.298760474907442e-05
22.70000000000002; 9.297629440095827e-05
22.80000000000002; 0.00010397695012077991
22.90000000000002; 0.00011607096011240418
23.00000000000002; 0.0001293442683730311
23.10000000000002; 0.00014388747549646334
23.20000000000002; 0.00015979593167409278
23.30000000000002; 0.00017716982136550192
23.40000000000002; 0.00019611423914115542
23.50000000000002; 0.00021673925623247225
23.60000000000002; 0.00023915997736042614
23.70000000000002; 0.00026349658745148427
23.80000000000002; 0.00028987438788942774
23.90000000000002; 0.00031842382199307086
24.00000000000002; 0.0003492804894525672
24.10000000000002; 0.0003825851495006147
24.20000000000002; 0.00041848371263986686
24.300000000000022; 0.00045712722079225334
24.40000000000002; 0.000498671815781826
24.50000000000002; 0.000543278696107285
24.600000000000023; 0.0005911140620056023
24.70000000000002; 0.0006423490488521153
24.800000000000022; 0.0006971596489858073
24.90000000000002; 0.0007557266220911727
25.00000000000002; 0.0008182353943087031
25.100000000000023; 0.000884875946285653
25.20000000000002; 0.000955842690417172
25.300000000000022; 0.001031334337563304
25.40000000000002; 0.0011115537535625374
25.50000000000002; 0.0011967078058935164
25.600000000000023; 0.0012870072008678882
25.70000000000002; 0.001382666311763838
25.800000000000022; 0.0014839029983363633
25.900000000000023; 0.001590938418162496
26.00000000000002; 0.0017039968303010126
26.100000000000023; 0.0018233053917637541
26.200000000000024; 0.0019490939473126997
26.300000000000022; 0.0020815948131091442
26.400000000000023; 0.0022210425547520467
26.50000000000002; 0.002367673760253901
26.600000000000023; 0.0025217268085046918
26.700000000000024; 0.00268344163378256
26.800000000000022; 0.002853059486868911
26.900000000000023; 0.0030308226933273533
27.00000000000002; 0.0032169744095019563
27.100000000000023; 0.003411758376787514
27.200000000000024; 0.0036154186747182895
27.300000000000022; 0.003828199473412173
27.400000000000023; 0.004050344785901555
27.500000000000025; 0.00428209822086633
27.600000000000023; 0.004523702736277068
27.700000000000024; 0.004775400394438763
27.800000000000026; 0.00503743211891235
27.900000000000023; 0.005310037453777478
28.000000000000025; 0.005593454325677008
28.100000000000023; 0.0058879188090730766
28.200000000000024; 0.006193664895121027
28.300000000000026; 0.00651092426455
28.400000000000023; 0.006839926064920192
28.500000000000025; 0.0071808966926035535
28.600000000000023; 0.007534059579819072
28.700000000000024; 0.007899634987026862
28.800000000000026; 0.008277839800969081
28.900000000000023; 0.008668887338624072
29.000000000000025; 0.00907298715731589
29.100000000000026; 0.009490344871202911
29.200000000000024; 0.009921161974348305
29.300000000000026; 0.010365635670556145
29.400000000000027; 0.010823958710128092
29.500000000000025; 0.0112963192336912
29.600000000000026; 0.01178290062320806
29.700000000000024; 0.012283881360281444
29.800000000000026; 0.01279943489182841
29.900000000000027; 0.013329729503194972
30.000000000000025; 0.013874928198757424
30.100000000000026; 0.014435413614251347
30.200000000000024; 0.015011129229047585
30.300000000000026; 0.015602218961486955
30.400000000000027; 0.016208824216270165
30.500000000000025; 0.016831080652231625
30.600000000000026; 0.017469118107869525
30.700000000000028; 0.018123060534205385
30.800000000000026; 0.018793025934901394
30.900000000000027; 0.01947912631355196
31.00000000000003; 0.02018146762805993
31.100000000000026; 0.02090014975198464
31.200000000000028; 0.02163526644275783
31.300000000000026; 0.022386905316637052
31.400000000000027; 0.023155147830269424
31.50000000000003; 0.02394006926872495
31.600000000000026; 0.02474173873985338
31.700000000000028; 0.025560219174813166
31.800000000000026; 0.0263955673346174
31.900000000000027; 0.027247833822524156
32.00000000000003; 0.028117063102114606
32.10000000000002; 0.029003293520881313
32.20000000000003; 0.029906557339149247
32.300000000000026; 0.030826880764157284
32.40000000000003; 0.031764283989113594
32.50000000000003; 0.03271878123704899
32.60000000000003; 0.033690380809274216
32.70000000000003; 0.03467908513826562
32.800000000000026; 0.03568489084479017
32.90000000000003; 0.03670778879908032
33.00000000000003; 0.037747764185878385
33.10000000000003; 0.038804796573161
33.20000000000003; 0.039878859984362594
33.300000000000026; 0.04096992297390997
33.40000000000003; 0.04207794870589484
33.50000000000003; 0.04320289503569176
33.60000000000003; 0.04434471459436106
33.70000000000003; 0.04550335487564037
33.800000000000026; 0.046678758325372015
33.90000000000003; 0.04787086243318024
34.00000000000003; 0.049079599826246795
34.10000000000003; 0.05030489836500059
34.20000000000003; 0.05154668124058157
34.30000000000003; 0.05280486707390954
34.40000000000003; 0.05407937001620397
34.50000000000003; 0.055370099850812295
34.60000000000003; 0.05667696209618957
34.70000000000003; 0.0579998581099025
34.80000000000003; 0.059338685193497255
34.90000000000003; 0.060693336698123795
35.00000000000003; 0.06206370213076032
35.10000000000003; 0.06344966726092742
35.20000000000003; 0.06485111422776886
35.30000000000003; 0.066267921647368
35.400000000000034; 0.06769996472020798
35.50000000000003; 0.06914711533863901
35.60000000000003; 0.07060924219427427
35.70000000000003; 0.0720862108851905
35.80000000000003; 0.07357788402284757
35.900000000000034; 0.07508412133863526
36.00000000000003; 0.07660477978994538
36.10000000000003; 0.07813971366570087
36.20000000000003; 0.07968877469124523
36.30000000000003; 0.08125181213252362
36.400000000000034; 0.08282867289947875
36.50000000000003; 0.08441920164859261
36.60000000000003; 0.08602324088450511
36.70000000000003; 0.08764063106065322
36.80000000000003; 0.08927121067886387
36.900000000000034; 0.09091481638784508
37.00000000000003; 0.09257128308053615
37.10000000000003; 0.09424044399024673
37.20000000000003; 0.09592213078555871
37.30000000000003; 0.09761617366393628
37.400000000000034; 0.09932240144401205
37.500000000000036; 0.10104064165649866
37.60000000000003; 0.10277072063372139
37.70000000000003; 0.10451246359770425
37.80000000000003; 0.10626569474681313
37.900000000000034; 0.1080302373409081
38.000000000000036; 0.10980591378499693
38.10000000000003; 0.11159254571136375
38.20000000000003; 0.11338995406015165
38.30000000000003; 0.11519795915839406
38.400000000000034; 0.11701638079746383
38.500000000000036; 0.11884503830895297
38.60000000000004; 0.12068375063894583
38.70000000000003; 0.12253233642071094
38.80000000000003; 0.12439061404576972
38.900000000000034; 0.1262584017333712
39.000000000000036; 0.12813551759835032
39.10000000000004; 0.13002177971738108
39.20000000000003; 0.13191700619361418
39.30000000000003; 0.1338210152197208
39.400000000000034; 0.13573362513932424
39.500000000000036; 0.13765465450684308
39.60000000000004; 0.13958392214574886
39.70000000000003; 0.14152124720523349
39.80000000000003; 0.14346644921532256
39.900000000000034; 0.14541934814041724
40.000000000000036; 0.14737974969418996
40.10000000000004; 0.14934643865159616
40.20000000000003; 0.15132027881395768
40.30000000000003; 0.1533010938895674
40.400000000000034; 0.15528870827671892
40.500000000000036; 0.15728294710693372
40.60000000000004; 0.15928363628675907
40.70000000000004; 0.1612906025381309
40.80000000000003; 0.16330367343735472
40.900000000000034; 0.16532267745268311
41.000000000000036; 0.16734744398054877
41.10000000000004; 0.16937780338044953
41.20000000000004; 0.17141358700850318
41.30000000000003; 0.17345462724971072
41.400000000000034; 0.1755007575489379
41.500000000000036; 0.17755181244062493
41.60000000000004; 0.1796076275772829
41.70000000000004; 0.18166803975674656
41.80000000000004; 0.18373288694824902
41.900000000000034; 0.18580200831732738
42.000000000000036; 0.18787524424956012
42.10000000000004; 0.18995243637319442
42.20000000000004; 0.19203342758066294
42.30000000000004; 0.19411806204900206
42.400000000000034; 0.19620618525924044
42.500000000000036; 0.19829764401470953
42.60000000000004; 0.20039228645836935
42.70000000000004; 0.20248996208912548
42.80000000000004; 0.20459052177716774
42.900000000000034; 0.2066938177783737
43.000000000000036; 0.20879970374776755
43.10000000000004; 0.2109080347520832
43.20000000000004; 0.2130186672814351
43.30000000000004; 0.21513145926012656
43.400000000000034; 0.21724627005661906
43.500000000000036; 0.21936296049266849
43.60000000000004; 0.22148139285167584
43.70000000000004; 0.22360143088624831
43.80000000000004; 0.2257229398249988
43.90000000000004; 0.22784578637860645
44.000000000000036; 0.2299698387451692
44.10000000000004; 0.23209496661484125
44.20000000000004; 0.2342210411737908
44.30000000000004; 0.23634793510751267
44.40000000000004; 0.23847552260348204
44.500000000000036; 0.24060367935318788
44.60000000000004; 0.24273228255356916
44.70000000000004; 0.24486121090785856
44.80000000000004; 0.2469903446258545
44.90000000000004; 0.24911956542364777
45.00000000000004; 0.2512487565228102
45.10000000000004; 0.2533778026490706
45.20000000000004; 0.25550659003048304
45.30000000000004; 0.25763500639512205
45.40000000000004; 0.25976294096829966
45.50000000000004; 0.2618902844693336
45.60000000000004; 0.26401692910788777
45.70000000000004; 0.2661427685798834
45.80000000000004; 0.26826769806299783
45.90000000000004; 0.2703916142117954
46.00000000000004; 0.2725144151524503
46.10000000000004; 0.27463600047713604
46.20000000000004; 0.2767562712380474
46.30000000000004; 0.27887512994109626
46.40000000000004; 0.28099248053927744
46.50000000000004; 0.28310822842573163
46.60000000000004; 0.2852222804265119
46.70000000000004; 0.28733454479306575
46.80000000000004; 0.2894449311944412
46.90000000000004; 0.29155335070923566
47.00000000000004; 0.29365971581729633
47.100000000000044; 0.2957639403911883
47.20000000000004; 0.29786593968742064
47.30000000000004; 0.2999656303374813
47.40000000000004; 0.30206293033864207
47.50000000000004; 0.3041577590445835
47.600000000000044; 0.30625003715583676
47.70000000000004; 0.30833968671003525
47.80000000000004; 0.31042663107201984
47.90000000000004; 0.312510794923775
48.00000000000004; 0.31459210425422185
48.100000000000044; 0.3166704863488657
48.200000000000045; 0.3187458697793271
48.30000000000004; 0.32081818439274173
48.40000000000004; 0.3228873613010459
48.50000000000004; 0.32495333287015576
48.600000000000044; 0.3270160327090543
48.700000000000045; 0.32907539565878285
48.80000000000004; 0.3311313577813494
48.90000000000004; 0.333183856348558
49.00000000000004; 0.3352328298307673
49.100000000000044; 0.3372782178855968
49.200000000000045; 0.3393199613465553
49.30000000000004; 0.34135800221163887
49.40000000000004; 0.34339228363187474
49.50000000000004; 0.3454227498998149
49.600000000000044; 0.3474493464380248
49.700000000000045; 0.34947201978750697
49.80000000000004; 0.3514907175961346
49.90000000000004; 0.3535053886070502
50.00000000000004; 0.35551598264704487
50.100000000000044; 0.3575231831413189
50.200000000000045; 0.35952621424165265
50.30000000000005; 0.3615250193647232
50.40000000000004; 0.3635195510385111
50.50000000000004; 0.36550976283736875
50.600000000000044; 0.36749560937060305
50.700000000000045; 0.36947704627105776
50.80000000000005; 0.3714540301837047
50.90000000000004; 0.37342651875424526
51.00000000000004; 0.37539447061772235
51.100000000000044; 0.3773578453871487
51.200000000000045; 0.37931660364215775
51.30000000000005; 0.38127070691767484
51.40000000000005; 0.3832201176926254
51.50000000000004; 0.3851647993786524
51.600000000000044; 0.3871047163088942
51.700000000000045; 0.38903983372677725
51.80000000000005; 0.39097011777485646
51.90000000000005; 0.392895535483702
52.00000000000004; 0.3948160547608153
52.100000000000044; 0.39673164437961067
52.200000000000045; 0.3986422739684347
52.30000000000005; 0.4005479139996381
52.40000000000005; 0.4024485357787058
52.50000000000004; 0.40434411143344345
52.600000000000044; 0.4062346139032133
52.700000000000045; 0.4081200169282346
52.80000000000005; 0.41000029503895774
52.90000000000005; 0.41187542354548035
53.00000000000004; 0.413745378527043
53.100000000000044; 0.4156101368215885
53.200000000000045; 0.4174696760153874
53.30000000000005; 0.41932397443273556
53.40000000000005; 0.4211730111257197
53.50000000000005; 0.423016765864057
53.600000000000044; 0.424855219125015
53.700000000000045; 0.4266883520833855
53.80000000000005; 0.42851614660155846
53.90000000000005; 0.43033858521965834
54.00000000000005; 0.4321556511457622
54.100000000000044; 0.4339673282461893
54.200000000000045; 0.435773601035885
54.30000000000005; 0.43757445466886885
54.40000000000005; 0.43936987492876817
54.50000000000005; 0.44115984821944304
54.60000000000005; 0.442944361555672
54.700000000000045; 0.44472340255394216
54.80000000000005; 0.4464969594233096
54.90000000000005; 0.4482650209563418
55.00000000000005; 0.450027576520157
55.10000000000005; 0.45178461604752623
55.200000000000045; 0.45353613002807996
55.30000000000005; 0.45528210949959147
55.40000000000005; 0.45702254603933484
55.50000000000005; 0.45875743175554845
55.60000000000005; 0.4604867592789692
55.700000000000045; 0.4622105217544513
55.80000000000005; 0.46392871283267645
55.90000000000005; 0.4656413266619502
56.00000000000005; 0.4673483578800718
56.10000000000005; 0.46904980160631077
56.200000000000045; 0.4707456534334404
56.30000000000005; 0.47243590941988534
56.40000000000005; 0.4741205660819298
56.50000000000005; 0.4757996203860273
56.60000000000005; 0.4774730697411832
56.70000000000005; 0.47914091199143544
56.80000000000005; 0.4808031454084051
56.90000000000005; 0.4824597686839326
57.00000000000005; 0.4841107809228127
57.10000000000005; 0.4857561816355961
57.20000000000005; 0.487395970731476
57.30000000000005; 0.48903014851127186
57.40000000000005; 0.49065871566047725
57.50000000000005; 0.49228167324239347
57.60000000000005; 0.49389902269136376
57.70000000000005; 0.49551076580605774
57.800000000000054; 0.49711690474286174
57.90000000000005; 0.49871744200934154
58.00000000000005; 0.5003123804577736
58.10000000000005; 0.5019017232787815
58.20000000000005; 0.5034854739950215
58.300000000000054; 0.5050636364549678
58.40000000000005; 0.5066362148267702
58.50000000000005; 0.5082032135921875
58.60000000000005; 0.5097646375405905
58.70000000000005; 0.5113204917630655
58.800000000000054; 0.5128707816465595
58.90000000000005; 0.5144155128681334
59.00000000000005; 0.515954691389265
59.10000000000005; 0.5174883234502442
59.20000000000005; 0.5190164155646303
59.300000000000054; 0.5205389745137889
59.40000000000005; 0.5220560073414957
59.50000000000005; 0.5235675213486185
59.60000000000005; 0.5250735240878671
59.70000000000005; 0.5265740233586119
59.800000000000054; 0.5280690272017774
59.900000000000055; 0.5295585438948068
60.00000000000005; 0.5310425819466797
60.10000000000005; 0.532520885942055
60.20000000000005; 0.5339937312362928
60.300000000000054; 0.5354611277246201
60.400000000000055; 0.5369230854774218
60.50000000000005; 0.5383796147609684
60.60000000000005; 0.5398307260329368
60.70000000000005; 0.5412764299380092
60.800000000000054; 0.5427167373035261
60.900000000000055; 0.5441516591352163
61.00000000000006; 0.5455812066129782
61.10000000000005; 0.5470053910867313
61.20000000000005; 0.5484242240723279
61.300000000000054; 0.5498377172475283
61.400000000000055; 0.551245882448028
61.50000000000006; 0.5526487316635633
61.60000000000005; 0.5540462770340556
61.70000000000005; 0.5554385308458255
61.800000000000054; 0.5568255055278649
61.900000000000055; 0.5582072136481697
62.00000000000006; 0.5595836679101124
62.10000000000005; 0.5609548811488958
62.20000000000005; 0.5623208663280423
62.300000000000054; 0.5636816365359443
62.400000000000055; 0.5650372049824762
62.50000000000006; 0.5663875849956428
62.60000000000005; 0.5677327900183016
62.70000000000005; 0.5690728336049191
62.800000000000054; 0.5704077294183876
62.900000000000055; 0.571737491226896
63.00000000000006; 0.5730621329008383
63.10000000000006; 0.5743816684097873
63.20000000000005; 0.5756961118195051
63.300000000000054; 0.5770054772890066
63.400000000000055; 0.578309779067676
63.50000000000006; 0.5796090314924218
63.60000000000006; 0.5809032489848784
63.70000000000005; 0.5821924460486658
63.800000000000054; 0.5834766372666813
63.900000000000055; 0.5847558372984383
64.00000000000006; 0.5860300608774606
64.10000000000005; 0.5872993228087044
64.20000000000006; 0.5885636379660322
64.30000000000005; 0.5898230212897323
64.40000000000006; 0.591077487784072
64.50000000000006; 0.5923270525148958
64.60000000000005; 0.593571730607269
64.70000000000006; 0.5948115372431522
64.80000000000005; 0.5960464876591233
64.90000000000006; 0.5972765971441423
65.00000000000006; 0.5985018810373341
65.10000000000005; 0.5997223547258428
65.20000000000006; 0.6009380336426894
65.30000000000005; 0.6021489332646895
65.40000000000006; 0.6033550691104047
65.50000000000006; 0.6045564567381149
65.60000000000005; 0.6057531117438477
65.70000000000006; 0.6069450497594293
65.80000000000005; 0.60813228645057
65.90000000000006; 0.6093148375149908
66.00000000000006; 0.6104927186805827
66.10000000000005; 0.6116659457035887
66.20000000000006; 0.612834534366835
66.30000000000005; 0.6139985004779819
66.40000000000006; 0.6151578598678111
66.50000000000006; 0.616312628388544
66.60000000000005; 0.6174628219121904
66.70000000000006; 0.6186084563289326
66.80000000000005; 0.6197495475455272
66.90000000000006; 0.620886111483755
67.00000000000006; 0.6220181640788754
67.10000000000007; 0.6231457212781415
67.20000000000006; 0.6242687990393081
67.30000000000005; 0.6253874133292012
67.40000000000006; 0.6265015801222853
67.50000000000006; 0.6276113153992837
67.60000000000007; 0.6287166351458053
67.70000000000006; 0.6298175553510087
67.80000000000005; 0.6309140920062902
67.90000000000006; 0.6320062611039989
68.00000000000006; 0.6330940786361688
68.10000000000007; 0.6341775605932866
68.20000000000006; 0.6352567229630774
68.30000000000005; 0.636331581729316
68.40000000000006; 0.6374021528706628
68.50000000000006; 0.6384684523595217
68.60000000000007; 0.639530496160922
68.70000000000006; 0.6405883002314211
68.80000000000005; 0.6416418805180322
68.90000000000006; 0.6426912529571738
69.00000000000006; 0.6437364334736363
69.10000000000007; 0.6447774379795758
69.20000000000006; 0.6458142823735258
69.30000000000005; 0.6468469825394321
69.40000000000006; 0.6478755543456998
69.50000000000006; 0.6489000136442734
69.60000000000007; 0.6499203762697268
69.70000000000006; 0.6509366580383755
69.80000000000007; 0.6519488747474083
69.90000000000006; 0.6529570421740374
70.00000000000006; 0.6539611760746675
70.10000000000007; 0.6549612921840807
70.20000000000006; 0.6559574062146454
70.30000000000007; 0.6569495338555357
70.40000000000006; 0.6579376907719691
70.50000000000006; 0.6589218926044699
70.60000000000007; 0.6599021549681353
70.70000000000006; 0.6608784934519346
70.80000000000007; 0.661850923618004
70.90000000000006; 0.6628194610009805
71.00000000000006; 0.6637841211073331
71.10000000000007; 0.6647449194147194
71.20000000000006; 0.6657018713713544
71.30000000000007; 0.6666549923953935
71.40000000000006; 0.6676042978743311
71.50000000000006; 0.6685498031644165
71.60000000000007; 0.6694915235900781
71.70000000000006; 0.670429474443369
71.80000000000007; 0.6713636709834188
71.90000000000006; 0.6722941284359033
72.00000000000006; 0.6732208619925278
72.10000000000007; 0.6741438868105254
72.20000000000006; 0.6750632180121593
72.30000000000007; 0.6759788706842511
72.40000000000006; 0.6768908598777056
72.50000000000006; 0.6777992006070691
72.60000000000007; 0.678703907850074
72.70000000000006; 0.6796049965472204
72.80000000000007; 0.6805024816013507
72.90000000000006; 0.6813963778772452
73.00000000000006; 0.6822867002012267
73.10000000000007; 0.6831734633607746
73.20000000000006; 0.6840566821041544
73.30000000000007; 0.6849363711400518
73.40000000000006; 0.6858125451372231
73.50000000000007; 0.6866852187241519
73.60000000000007; 0.6875544064887155
73.70000000000006; 0.6884201229778681
73.80000000000007; 0.6892823826973248
73.90000000000006; 0.6901412001112621
74.00000000000007; 0.6909965896420243
74.10000000000007; 0.691848565669838
74.20000000000006; 0.6926971425325422
74.30000000000007; 0.6935423345253198
74.40000000000006; 0.6943841559004446
74.50000000000007; 0.695222620867029
74.60000000000007; 0.69605774359079
74.70000000000006; 0.6968895381938167
74.80000000000007; 0.6977180187543446
74.90000000000006; 0.6985431993065468
75.00000000000007; 0.6993650938403256
75.10000000000007; 0.7001837163011122
75.20000000000006; 0.7009990805896785
75.30000000000007; 0.7018112005619516
75.40000000000006; 0.7026200900288395
75.50000000000007; 0.7034257627560625
75.60000000000007; 0.7042282324639904
75.70000000000006; 0.705027512827488
75.80000000000007; 0.7058236174757709
75.90000000000006; 0.7066165599922573
76.00000000000007; 0.7074063539144443
76.10000000000007; 0.7081930127337679
76.20000000000007; 0.7089765498954935
76.30000000000007; 0.7097569787985903
76.40000000000006; 0.7105343127956321
76.50000000000007; 0.7113085651926859
76.60000000000007; 0.7120797492492192
76.70000000000007; 0.7128478781780091
76.80000000000007; 0.7136129651450546
76.90000000000006; 0.7143750232694984
77.00000000000007; 0.7151340656235535
77.10000000000007; 0.7158901052324272
77.20000000000007; 0.7166431550742682
77.30000000000007; 0.7173932280801005
77.40000000000006; 0.7181403371337693
77.50000000000007; 0.718884495071899
77.60000000000007; 0.719625714683841
77.70000000000007; 0.7203640087116425
77.80000000000007; 0.7210993898500063
77.90000000000006; 0.7218318707462652
78.00000000000007; 0.722561464000354
78.10000000000007; 0.7232881821647921
78.20000000000007; 0.7240120377446622
78.30000000000007; 0.7247330431976028
78.40000000000006; 0.7254512109337989
78.50000000000007; 0.7261665533159761
78.60000000000007; 0.7268790826594035
78.70000000000007; 0.7275888112318941
78.80000000000007; 0.7282957512538186
78.90000000000006; 0.7289999148981084
79.00000000000007; 0.7297013142902794
79.10000000000007; 0.7303999615084452
79.20000000000007; 0.7310958685833417
79.30000000000007; 0.7317890474983513
79.40000000000006; 0.7324795101895345
79.50000000000007; 0.7331672685456607
79.60000000000007; 0.7338523344082427
79.70000000000007; 0.7345347195715797
79.80000000000007; 0.7352144357827948
79.90000000000008; 0.7358914947418802
80.00000000000007; 0.736565908101751
80.10000000000007; 0.7372378569635247
80.20000000000007; 0.7379071846019989
80.30000000000007; 0.7385738999088736
80.40000000000008; 0.7392380142282144
80.50000000000007; 0.7398995388593134
80.60000000000007; 0.7405584850567272
80.70000000000007; 0.7412148640303242
80.80000000000007; 0.7418686869453256
80.90000000000008; 0.7425199649223555
81.00000000000007; 0.7431687090374905
81.10000000000007; 0.7438149303223117
81.20000000000007; 0.7444586397639636
81.30000000000007; 0.7450998483052086
81.40000000000008; 0.745738566844488
81.50000000000007; 0.7463748062359888
81.60000000000007; 0.7470085772897025
81.70000000000007; 0.7476398907714953
81.80000000000007; 0.7482687574031771
81.90000000000008; 0.7488951878625759
82.00000000000007; 0.7495191927836053
82.10000000000007; 0.7501407827563447
82.20000000000007; 0.7507599683271169
82.30000000000007; 0.7513767599985636
82.40000000000008; 0.7519911682297324
82.50000000000007; 0.7526032034361553
82.60000000000008; 0.7532128759899365
82.70000000000007; 0.7538201962198385
82.80000000000007; 0.7544251744113702
82.90000000000008; 0.755027820806877
83.00000000000007; 0.7556281456056329
83.10000000000008; 0.7562261589639364
83.20000000000007; 0.7568218709951999
83.30000000000007; 0.7574152917700523
83.40000000000008; 0.7580064313164314
83.50000000000007; 0.758595299619688
83.60000000000008; 0.7591819066226844
83.70000000000007; 0.7597662622258972
83.80000000000007; 0.7603483762875192
83.90000000000008; 0.7609282586235668
84.00000000000007; 0.7615059190079847
84.10000000000008; 0.7620813671727527
84.20000000000007; 0.7626546128079943
84.30000000000007; 0.7632256655620894
84.40000000000008; 0.763794535041779
84.50000000000007; 0.7643612308122816
84.60000000000008; 0.7649257623974064
84.70000000000007; 0.7654881392796651
84.80000000000007; 0.7660483709003861
84.90000000000008; 0.7666064666598337
85.00000000000007; 0.7671624359173211
85.10000000000008; 0.7677162879913342
85.20000000000007; 0.7682680321596407
85.30000000000007; 0.7688176776594199
85.40000000000008; 0.7693652336873753
85.50000000000007; 0.7699107093998596
85.60000000000008; 0.7704541139129978
85.70000000000007; 0.7709954563028044
85.80000000000007; 0.7715347456053122
85.90000000000008; 0.7720719908166942
86.00000000000007; 0.772607200893389
86.10000000000008; 0.7731403847522247
86.20000000000007; 0.7736715512705472
86.30000000000008; 0.7742007092863452
86.40000000000008; 0.7747278675983789
86.50000000000007; 0.7752530349663055
86.60000000000008; 0.7757762201108099
86.70000000000007; 0.776297431713733
86.80000000000008; 0.7768166784182009
86.90000000000008; 0.7773339688287523
87.00000000000007; 0.7778493115114739
87.10000000000008; 0.7783627149941265
87.20000000000007; 0.7788741877662794
87.30000000000008; 0.7793837382794396
87.40000000000008; 0.7798913749471843
87.50000000000007; 0.7803971061452943
87.60000000000008; 0.7809009402118864
87.70000000000007; 0.7814028854475432
87.80000000000008; 0.7819029501154512
87.90000000000008; 0.7824011424415322
88.00000000000007; 0.7828974706145752
88.10000000000008; 0.7833919427863744
88.20000000000007; 0.7838845670718597
88.30000000000008; 0.7843753515492324
88.40000000000008; 0.7848643042601036
88.50000000000007; 0.7853514332096215
88.60000000000008; 0.7858367463666146
88.70000000000007; 0.7863202516637209
88.80000000000008; 0.7868019569975278
88.90000000000008; 0.7872818702287026
89.00000000000009; 0.7877599991821342
89.10000000000008; 0.7882363516470631
89.20000000000007; 0.7887109353772226
89.30000000000008; 0.7891837580909695
89.40000000000008; 0.7896548274714241
89.50000000000009; 0.7901241511666045
89.60000000000008; 0.7905917367895625
89.70000000000007; 0.7910575919185209
89.80000000000008; 0.7915217240970086
89.90000000000008; 0.7919841408339964
90.00000000000009; 0.7924448496040364
90.10000000000008; 0.7929038578473914
90.20000000000007; 0.7933611729701796
90.30000000000008; 0.7938168023445025
90.40000000000008; 0.7942707533085865
90.50000000000009; 0.7947230331669171
90.60000000000008; 0.7951736491903736
90.70000000000007; 0.7956226086163668
90.80000000000008; 0.7960699186489735
90.90000000000008; 0.7965155864590713
91.00000000000009; 0.7969596191844779
91.10000000000008; 0.7974020239300809
91.20000000000007; 0.797842807767978
91.30000000000008; 0.7982819777376097
91.40000000000008; 0.7987195408458935
91.50000000000009; 0.7991555040673607
91.60000000000008; 0.799589874344291
91.70000000000007; 0.8000226585868451
91.80000000000008; 0.8004538636732013
91.90000000000008; 0.8008834964496865
92.00000000000009; 0.8013115637309147
92.10000000000008; 0.8017380722999162
92.20000000000007; 0.802163028908275
92.30000000000008; 0.8025864402762584
92.40000000000008; 0.8030083130929536
92.50000000000009; 0.8034286540163985
92.60000000000008; 0.8038474696737151
92.70000000000009; 0.8042647666612414
92.80000000000008; 0.8046805515446637
92.90000000000008; 0.8050948308591491
93.00000000000009; 0.8055076111094768
93.10000000000008; 0.8059188987701703
93.20000000000009; 0.8063287002856268
93.30000000000008; 0.8067370220702489
93.40000000000008; 0.8071438705085764
93.50000000000009; 0.8075492519554152
93.60000000000008; 0.8079531727359673
93.70000000000009; 0.8083556391459612
93.80000000000008; 0.8087566574517822
93.90000000000008; 0.8091562338905981
94.00000000000009; 0.809554374670493
94.10000000000008; 0.8099510859705915
94.20000000000009; 0.8103463739411898
94.30000000000008; 0.8107402447038811
94.40000000000008; 0.8111327043516847
94.50000000000009; 0.8115237589491753
94.60000000000008; 0.8119134145326036
94.70000000000009; 0.8123016771100311
94.80000000000008; 0.8126885526614486
94.90000000000008; 0.8130740471389083
95.00000000000009; 0.8134581664666443
95.10000000000008; 0.8138409165412024
95.20000000000009; 0.8142223032315605
95.30000000000008; 0.8146023323792579
95.40000000000009; 0.8149810097985143
95.50000000000009; 0.8153583412763568
95.60000000000008; 0.8157343325727431
95.70000000000009; 0.8161089894206837
95.80000000000008; 0.8164823175263649
95.90000000000009; 0.8168543225692717
96.00000000000009; 0.817225010202307
96.10000000000008; 0.8175943860519169
96.20000000000009; 0.8179624557182107
96.30000000000008; 0.8183292247750794
96.40000000000009; 0.8186946987703185
96.50000000000009; 0.8190588832257486
96.60000000000008; 0.8194217836373309
96.70000000000009; 0.8197834054752925
96.80000000000008; 0.82014375418424
96.90000000000009; 0.8205028351832802
97.00000000000009; 0.8208606538661385
97.10000000000008; 0.8212172156012746
97.20000000000009; 0.8215725257320031
97.30000000000008; 0.821926589576606
97.40000000000009; 0.8222794124284538
97.50000000000009; 0.8226309995561177
97.60000000000008; 0.822981356203486
97.70000000000009; 0.8233304875898826
97.80000000000008; 0.8236783989101767
97.90000000000009; 0.8240250953349011
98.00000000000009; 0.8243705820103645
98.10000000000008; 0.824714864058766
98.20000000000009; 0.8250579465783068
98.30000000000008; 0.825399834643304
98.40000000000009; 0.8257405333043043
98.50000000000009; 0.8260800475881922
98.60000000000008; 0.8264183824983057
98.70000000000009; 0.8267555430145449
98.80000000000008; 0.8270915340934831
98.90000000000009; 0.8274263606684769
99.00000000000009; 0.8277600276497767
99.1000000000001; 0.828092539924637
99.20000000000009; 0.8284239023574222
99.30000000000008; 0.8287541197897198
99.40000000000009; 0.8290831970404426
99.50000000000009; 0.8294111389059428
99.6000000000001; 0.8297379501601149
99.70000000000009; 0.8300636355545052
99.80000000000008; 0.8303881998184167
99.90000000000009; 0.8307116476590147
100.00000000000009; 0.8310339814987924
100.1000000000001; 0.8313551219461962
100.20000000000009; 0.831675160498124
100.30000000000008; 0.8319941017791258
100.40000000000009; 0.8323119503920711
100.50000000000009; 0.8326287109182524
100.6000000000001; 0.8329443879174873
100.70000000000009; 0.8332589859282249
100.80000000000008; 0.8335725094676479
100.90000000000009; 0.8338849630317735
101.00000000000009; 0.8341963510955591
101.1000000000001; 0.834506678113
101.20000000000009; 0.8348159485172336
101.30000000000008; 0.8351241667206399
101.40000000000009; 0.8354313371149406
101.50000000000009; 0.8357374640713009
101.6000000000001; 0.8360425519404283
101.70000000000009; 0.8363466050526718
101.8000000000001; 0.8366496277181198
101.90000000000009; 0.8369516242267014
102.00000000000009; 0.83725259884828
102.1000000000001; 0.8375525558327552
102.20000000000009; 0.8378514994101567
102.3000000000001; 0.8381494337907424
102.40000000000009; 0.838446363165094
102.50000000000009; 0.8387422917042134
102.6000000000001; 0.8390372235596175
102.70000000000009; 0.8393311628634347
102.8000000000001; 0.8396241137284969
102.90000000000009; 0.8399160802484346
103.00000000000009; 0.8402070664977733
103.1000000000001; 0.8404970765320218
103.20000000000009; 0.8407861143877694
103.3000000000001; 0.8410741840827763
103.40000000000009; 0.8413612896160664
103.50000000000009; 0.8416474349680176
103.6000000000001; 0.8419326241004557
103.70000000000009; 0.8422168609567424
103.8000000000001; 0.8425001494618671
103.90000000000009; 0.8427824935225365
104.00000000000009; 0.8430638970272648
104.1000000000001; 0.8433443638464618
104.20000000000009; 0.8436238978325235
104.3000000000001; 0.8439025028199176
104.40000000000009; 0.8441801826252737
104.50000000000009; 0.8444569410474719
104.6000000000001; 0.8447327818677252
104.70000000000009; 0.8450077088496725
104.8000000000001; 0.8452817257394589
104.90000000000009; 0.8455548362658274
105.00000000000009; 0.8458270441401989
105.1000000000001; 0.8460983530567626
105.20000000000009; 0.8463687666925559
105.3000000000001; 0.8466382887075522
105.40000000000009; 0.846906922744744
105.5000000000001; 0.8471746724302258
105.6000000000001; 0.8474415413732775
105.70000000000009; 0.8477075331664481
105.8000000000001; 0.8479726513856357
105.90000000000009; 0.8482368995901738
106.0000000000001; 0.8485002813229073
106.1000000000001; 0.8487628001102795
106.20000000000009; 0.8490244594624088
106.3000000000001; 0.8492852628731703
106.40000000000009; 0.8495452138202771
106.5000000000001; 0.8498043157653589
106.6000000000001; 0.8500625721540402
106.70000000000009; 0.8503199864160225
106.8000000000001; 0.8505765619651602
106.90000000000009; 0.8508323021995384
107.0000000000001; 0.8510872105015539
107.1000000000001; 0.8513412902379893
107.20000000000009; 0.851594544760092
107.3000000000001; 0.851846977403649
107.40000000000009; 0.852098591489067
107.5000000000001; 0.8523493903214427
107.6000000000001; 0.8525993771906454
107.70000000000009; 0.8528485553713848
107.8000000000001; 0.8530969281232923
107.90000000000009; 0.8533444986909909
108.0000000000001; 0.8535912703041733
108.1000000000001; 0.8538372461776705
108.2000000000001; 0.8540824295115316
108.3000000000001; 0.8543268234910915
108.40000000000009; 0.8545704312870464
108.5000000000001; 0.8548132560555258
108.6000000000001; 0.8550553009381642
108.7000000000001; 0.8552965690621716
108.8000000000001; 0.8555370635404075
108.90000000000009; 0.8557767874714501
109.0000000000001; 0.8560157439396662
109.1000000000001; 0.8562539360152829
109.2000000000001; 0.8564913667544581
109.3000000000001; 0.8567280391993474
109.40000000000009; 0.8569639563781756
109.5000000000001; 0.8571991213053052
109.6000000000001; 0.8574335369813046
109.7000000000001; 0.8576672063930167
109.8000000000001; 0.8579001325136261
109.90000000000009; 0.8581323183027266
110.0000000000001; 0.85836376670639
110.1000000000001; 0.858594480657231
110.2000000000001; 0.8588244630744745
110.3000000000001; 0.8590537168640227
110.40000000000009; 0.8592822449185188
110.5000000000001; 0.859510050117416
110.6000000000001; 0.859737135327039
110.7000000000001; 0.8599635034006506
110.8000000000001; 0.8601891571785172
110.90000000000009; 0.8604140994879714
111.0000000000001; 0.8606383331434766
111.1000000000001; 0.8608618609466914
111.2000000000001; 0.8610846856865318
111.3000000000001; 0.8613068101392343
111.40000000000009; 0.8615282370684189
111.5000000000001; 0.8617489692251519
111.6000000000001; 0.8619690093480064
111.7000000000001; 0.8621883601631264
111.8000000000001; 0.8624070243842864
111.9000000000001; 0.8626250047129522
112.0000000000001; 0.8628423038383436
112.1000000000001; 0.8630589244374938
112.2000000000001; 0.8632748691753086
112.3000000000001; 0.8634901407046285
112.4000000000001; 0.8637047416662861
112.5000000000001; 0.8639186746891676
112.6000000000001; 0.8641319423902698
112.7000000000001; 0.8643445473747594
112.8000000000001; 0.8645564922360323
112.9000000000001; 0.8647677795557706
113.0000000000001; 0.8649784119040009
113.1000000000001; 0.8651883918391512
113.2000000000001; 0.8653977219081104
113.3000000000001; 0.8656064046462815
113.4000000000001; 0.8658144425776411
113.5000000000001; 0.8660218382147954
113.6000000000001; 0.866228594059035
113.7000000000001; 0.866434712600392
113.8000000000001; 0.8666401963176948
113.9000000000001; 0.8668450476786234
114.0000000000001; 0.8670492691397651
114.1000000000001; 0.8672528631466678
114.2000000000001; 0.8674558321338957
114.3000000000001; 0.8676581785250822
114.4000000000001; 0.8678599047329854
114.5000000000001; 0.8680610131595399
114.60000000000011; 0.8682615061959112
114.7000000000001; 0.8684613862225479
114.8000000000001; 0.8686606556092354
114.9000000000001; 0.8688593167151483
115.0000000000001; 0.8690573718889013
115.10000000000011; 0.8692548234686026
115.2000000000001; 0.8694516737819049
115.3000000000001; 0.8696479251460568
115.4000000000001; 0.8698435798679549
115.5000000000001; 0.870038640244193
115.60000000000011; 0.8702331085611141
115.7000000000001; 0.8704269870948607
115.8000000000001; 0.8706202781114233
115.9000000000001; 0.8708129838666936
116.0000000000001; 0.8710051066065095
116.10000000000011; 0.8711966485667092
116.2000000000001; 0.871387611973177
116.3000000000001; 0.8715779990418933
116.4000000000001; 0.8717678119789827
116.5000000000001; 0.8719570529807642
116.60000000000011; 0.8721457242337967
116.7000000000001; 0.8723338279149276
116.8000000000001; 0.8725213661913425
116.9000000000001; 0.8727083412206094
117.0000000000001; 0.8728947551507286
117.10000000000011; 0.8730806101201763
117.2000000000001; 0.8732659082579556
117.3000000000001; 0.8734506516836394
117.4000000000001; 0.8736348425074176
117.5000000000001; 0.8738184828301436
117.60000000000011; 0.8740015747433788
117.7000000000001; 0.8741841203294402
117.8000000000001; 0.8743661216614425
117.9000000000001; 0.8745475808033457
118.0000000000001; 0.8747284998099992
118.10000000000011; 0.8749088807271855
118.2000000000001; 0.8750887255916657
118.30000000000011; 0.8752680364312222
118.4000000000001; 0.8754468152647032
118.5000000000001; 0.8756250641020679
118.60000000000011; 0.8758027849444269
118.7000000000001; 0.8759799797840873
118.80000000000011; 0.8761566506045951
118.9000000000001; 0.8763327993807786
119.0000000000001; 0.8765084280787901
119.10000000000011; 0.8766835386561479
119.2000000000001; 0.8768581330617801
119.30000000000011; 0.8770322132360635
119.4000000000001; 0.8772057811108689
119.5000000000001; 0.8773788386095992
119.60000000000011; 0.8775513876472332
119.7000000000001; 0.8777234301303648
119.80000000000011; 0.8778949679572443
119.9000000000001; 0.878066003017819
120.0000000000001; 0.8782365371937747
120.10000000000011; 0.8784065723585739
120.2000000000001; 0.8785761103774965
120.30000000000011; 0.878745153107681
120.4000000000001; 0.8789137023981607
120.5000000000001; 0.8790817600899077
120.60000000000011; 0.8792493280158673
120.7000000000001; 0.8794164080009996
120.80000000000011; 0.879583001862319
120.9000000000001; 0.8797491114089294
121.00000000000011; 0.8799147384420666
121.10000000000011; 0.8800798847551322
121.2000000000001; 0.8802445521337363
121.30000000000011; 0.8804087423557306
121.4000000000001; 0.8805724571912492
121.50000000000011; 0.8807356984027439
121.60000000000011; 0.8808984677450237
121.7000000000001; 0.8810607669652886
121.80000000000011; 0.8812225978031698
121.9000000000001; 0.8813839619907633
122.00000000000011; 0.8815448612526682
122.10000000000011; 0.8817052973060223
122.2000000000001; 0.881865271860538
122.30000000000011; 0.8820247866185388
122.4000000000001; 0.8821838432749933
122.50000000000011; 0.8823424435175535
122.60000000000011; 0.8825005890265872
122.7000000000001; 0.8826582814752144
122.80000000000011; 0.8828155225293425
122.9000000000001; 0.882972313847701
123.00000000000011; 0.8831286570818753
123.10000000000011; 0.8832845538763416
123.2000000000001; 0.8834400058685009
123.30000000000011; 0.8835950146887136
123.4000000000001; 0.8837495819603334
123.50000000000011; 0.8839037092997392
123.60000000000011; 0.8840573983163711
123.7000000000001; 0.8842106506127625
123.80000000000011; 0.8843634677845734
123.9000000000001; 0.8845158514206225
124.00000000000011; 0.8846678031029218
124.10000000000011; 0.8848193244067085
124.2000000000001; 0.8849704169004767
124.30000000000011; 0.8851210821460108
124.4000000000001; 0.8852713216984173
124.50000000000011; 0.8854211371061562
124.60000000000011; 0.8855705299110739
124.70000000000012; 0.885719501648434
124.80000000000011; 0.8858680538469499
124.9000000000001; 0.8860161880288137
125.00000000000011; 0.8861639057097307
125.10000000000011; 0.8863112083989478
125.20000000000012; 0.886458097599286
125.30000000000011; 0.8866045748071691
125.4000000000001; 0.8867506415126574
125.50000000000011; 0.8868962991994743
125.60000000000011; 0.88704154934504
125.70000000000012; 0.8871863934204991
125.80000000000011; 0.8873308328907519
125.9000000000001; 0.8874748692144832
126.00000000000011; 0.8876185038441925
126.10000000000011; 0.887761738226224
126.20000000000012; 0.8879045738007947
126.30000000000011; 0.8880470120020239
126.4000000000001; 0.8881890542579629
126.50000000000011; 0.8883307019906229
126.60000000000011; 0.8884719566160046
126.70000000000012; 0.8886128195441264
126.80000000000011; 0.888753292179052
126.9000000000001; 0.8888933759189206
127.00000000000011; 0.8890330721559726
127.10000000000011; 0.8891723822765795
127.20000000000012; 0.8893113076612711
127.30000000000011; 0.8894498496847629
127.40000000000012; 0.889588009715984
127.50000000000011; 0.8897257891181042
127.60000000000011; 0.8898631892485617
127.70000000000012; 0.8900002114590898
127.80000000000011; 0.8901368570957441
127.90000000000012; 0.8902731274989298
128.0000000000001; 0.8904090240034271
128.1000000000001; 0.8905445479384195
128.2000000000001; 0.8906797006275186
128.30000000000013; 0.8908144833887912
128.40000000000012; 0.8909488975347861
128.5000000000001; 0.8910829443725591
128.6000000000001; 0.8912166252036987
128.7000000000001; 0.8913499413243536
128.80000000000013; 0.891482894025256
128.90000000000012; 0.891615484591749
129.0000000000001; 0.8917477143038108
129.1000000000001; 0.8918795844360812
129.2000000000001; 0.8920110962578846
129.30000000000013; 0.8921422510332573
129.40000000000012; 0.8922730500209713
129.5000000000001; 0.8924034944745587
129.6000000000001; 0.8925335856423366
129.7000000000001; 0.8926633247674329
129.80000000000013; 0.8927927130878076
129.90000000000012; 0.8929217518362801
130.0000000000001; 0.8930504422405514
130.1000000000001; 0.8931787855232299
130.2000000000001; 0.8933067829018527
130.30000000000013; 0.8934344355889117
130.40000000000012; 0.8935617447918759
130.5000000000001; 0.8936887117132153
130.6000000000001; 0.8938153375504245
130.7000000000001; 0.8939416234960456
130.80000000000013; 0.8940675707376917
130.90000000000012; 0.894193180458069
131.0000000000001; 0.8943184538350007
131.1000000000001; 0.8944433920414504
131.2000000000001; 0.8945679962455423
131.30000000000013; 0.894692267610587
131.40000000000012; 0.8948162072951007
131.5000000000001; 0.89493981645283
131.6000000000001; 0.8950630962327735
131.7000000000001; 0.8951860477792022
131.80000000000013; 0.8953086722316848
131.90000000000012; 0.8954309707251065
132.0000000000001; 0.8955529443896918
132.1000000000001; 0.8956745943510271
132.2000000000001; 0.895795921730081
132.30000000000013; 0.8959169276432264
132.40000000000012; 0.8960376132022614
132.5000000000001; 0.8961579795144312
132.6000000000001; 0.8962780276824479
132.70000000000013; 0.8963977588045134
132.80000000000013; 0.8965171739743387
132.90000000000012; 0.8966362742811655
133.0000000000001; 0.8967550608097863
133.1000000000001; 0.8968735346405655
133.20000000000013; 0.8969916968494602
133.30000000000013; 0.8971095485080395
133.40000000000012; 0.8972270906835057
133.5000000000001; 0.8973443244387138
133.6000000000001; 0.8974612508321923
133.70000000000013; 0.8975778709181628
133.80000000000013; 0.8976941857465593
133.90000000000012; 0.8978101963630492
134.0000000000001; 0.8979259038090519
134.1000000000001; 0.8980413091217586
134.20000000000013; 0.8981564133341526
134.30000000000013; 0.8982712174750268
134.40000000000012; 0.8983857225690055
134.5000000000001; 0.8984999296365612
134.6000000000001; 0.8986138396940354
134.70000000000013; 0.8987274537536561
134.80000000000013; 0.8988407728235585
134.90000000000012; 0.898953797907802
135.0000000000001; 0.8990665300063898
135.1000000000001; 0.8991789701152876
135.20000000000013; 0.8992911192264418
135.30000000000013; 0.8994029783277975
135.40000000000012; 0.8995145484033182
135.5000000000001; 0.8996258304330024
135.6000000000001; 0.8997368253929026
135.70000000000013; 0.899847534255144
135.80000000000013; 0.8999579579879402
135.90000000000012; 0.900068097555614
136.0000000000001; 0.9001779539186132
136.1000000000001; 0.9002875280335284
136.20000000000013; 0.9003968208531116
136.30000000000013; 0.9005058333262929
136.40000000000012; 0.9006145663981978
136.5000000000001; 0.9007230210101655
136.6000000000001; 0.9008311980997655
136.70000000000013; 0.9009390986008141
136.80000000000013; 0.9010467234433931
136.90000000000012; 0.9011540735538651
137.0000000000001; 0.9012611498548915
137.1000000000001; 0.901367953265449
137.20000000000013; 0.9014744847008465
137.30000000000013; 0.901580745072741
137.40000000000012; 0.9016867352891554
137.5000000000001; 0.9017924562544937
137.6000000000001; 0.9018979088695589
137.70000000000013; 0.9020030940315678
137.80000000000013; 0.9021080126341678
137.90000000000012; 0.9022126655674539
138.0000000000001; 0.9023170537179832
138.1000000000001; 0.9024211779687923
138.20000000000013; 0.9025250391994126
138.30000000000013; 0.902628638285886
138.40000000000012; 0.902731976100781
138.5000000000001; 0.9028350535132085
138.60000000000014; 0.9029378713888367
138.70000000000013; 0.903040430589907
138.80000000000013; 0.9031427319752506
138.90000000000012; 0.9032447764003012
139.0000000000001; 0.9033465647171133
139.10000000000014; 0.9034480977743752
139.20000000000013; 0.9035493764174253
139.30000000000013; 0.9036504014882669
139.40000000000012; 0.903751173825583
139.5000000000001; 0.9038516942647514
139.60000000000014; 0.9039519636378593
139.70000000000013; 0.9040519827737188
139.80000000000013; 0.9041517524978804
139.90000000000012; 0.904251273632649
140.0000000000001; 0.9043505469970973
140.10000000000014; 0.9044495734070807
140.20000000000013; 0.9045483536752519
140.30000000000013; 0.9046468886110753
140.40000000000012; 0.9047451790208407
140.5000000000001; 0.9048432257076784
140.60000000000014; 0.9049410294715721
140.70000000000013; 0.9050385911093737
140.80000000000013; 0.905135911414818
140.90000000000012; 0.9052329911785351
141.0000000000001; 0.9053298311880654
141.10000000000014; 0.9054264322278726
141.20000000000013; 0.9055227950793578
141.30000000000013; 0.9056189205208742
141.40000000000012; 0.9057148093277381
141.5000000000001; 0.9058104622722453
141.60000000000014; 0.9059058801236817
141.70000000000013; 0.9060010636483395
141.80000000000013; 0.9060960136095286
141.90000000000012; 0.9061907307675906
142.0000000000001; 0.9062852158799115
142.10000000000014; 0.9063794697009355
142.20000000000013; 0.9064734929821774
142.30000000000013; 0.9065672864722362
142.40000000000012; 0.9066608509168073
142.5000000000001; 0.9067541870586961
142.60000000000014; 0.9068472956378302
142.70000000000013; 0.9069401773912723
142.80000000000013; 0.9070328330532339
142.90000000000012; 0.9071252633550856
143.0000000000001; 0.9072174690253719
143.10000000000014; 0.9073094507898227
143.20000000000013; 0.9074012093713657
143.30000000000013; 0.9074927454901391
143.40000000000012; 0.9075840598635035
143.5000000000001; 0.9076751532060546
143.60000000000014; 0.9077660262296351
143.70000000000013; 0.9078566796433466
143.80000000000013; 0.9079471141535623
143.90000000000012; 0.9080373304639385
144.0000000000001; 0.9081273292754267
144.10000000000014; 0.9082171112862858
144.20000000000013; 0.9083066771920931
144.30000000000013; 0.9083960276857571
144.40000000000012; 0.9084851634575284
144.5000000000001; 0.908574085195012
144.60000000000014; 0.9086627935831781
144.70000000000013; 0.9087512893043748
144.80000000000013; 0.9088395730383381
144.90000000000012; 0.9089276454622052
145.0000000000001; 0.9090155072505239
145.10000000000014; 0.9091031590752655
145.20000000000013; 0.9091906016058351
145.30000000000013; 0.9092778355090836
145.40000000000012; 0.9093648614493177
145.50000000000014; 0.9094516800883126
145.60000000000014; 0.9095382920853213
145.70000000000013; 0.9096246980970872
145.80000000000013; 0.909710898777854
145.90000000000012; 0.909796894779377
146.00000000000014; 0.9098826867509336
146.10000000000014; 0.9099682753393349
146.20000000000013; 0.9100536611889353
146.30000000000013; 0.9101388449416442
146.40000000000012; 0.9102238272369361
146.50000000000014; 0.910308608711861
146.60000000000014; 0.9103931900010555
146.70000000000013; 0.910477571736753
146.80000000000013; 0.9105617545487942
146.90000000000012; 0.910645739064637
147.00000000000014; 0.9107295259093676
147.10000000000014; 0.91081311570571
147.20000000000013; 0.9108965090740372
147.30000000000013; 0.9109797066323803
147.40000000000012; 0.9110627089964396
147.50000000000014; 0.9111455167795937
147.60000000000014; 0.9112281305929102
147.70000000000013; 0.9113105510451561
147.80000000000013; 0.9113927787428062
147.90000000000012; 0.9114748142900552
148.00000000000014; 0.9115566582888248
148.10000000000014; 0.9116383113387763
148.20000000000013; 0.9117197740373184
148.30000000000013; 0.9118010469796175
148.40000000000012; 0.9118821307586081
148.50000000000014; 0.9119630259650007
148.60000000000014; 0.9120437331872928
148.70000000000013; 0.9121242530117784
148.80000000000013; 0.9122045860225566
148.90000000000012; 0.9122847328015414
149.00000000000014; 0.9123646939284715
149.10000000000014; 0.9124444699809191
149.20000000000013; 0.9125240615342992
149.30000000000013; 0.9126034691618796
149.40000000000012; 0.9126826934347889
149.50000000000014; 0.9127617349220265
149.60000000000014; 0.9128405941904719
149.70000000000013; 0.9129192718048925
149.80000000000013; 0.9129977683279545
149.90000000000012; 0.9130760843202301
150.00000000000014; 0.9131542203402078
150.10000000000014; 0.9132321786506342
150.20000000000013; 0.9133099581158212
150.30000000000013; 0.913387559261903
150.40000000000012; 0.9134649826375101
150.50000000000014; 0.9135422287892514
150.60000000000014; 0.9136192982617247
150.70000000000013; 0.9136961915975235
150.80000000000013; 0.9137729093372461
150.90000000000012; 0.9138494520195045
151.00000000000014; 0.9139258201809316
151.10000000000014; 0.9140020143561909
151.20000000000013; 0.9140780350779829
151.30000000000013; 0.9141538828770557
151.40000000000015; 0.914229558282211
151.50000000000014; 0.914305061820314
151.60000000000014; 0.9143803940163004
151.70000000000013; 0.9144555553931847
151.80000000000013; 0.9145305464720683
151.90000000000015; 0.9146053677721486
152.00000000000014; 0.9146800198107244
152.10000000000014; 0.9147545031032066
152.20000000000013; 0.9148288181631248
152.30000000000013; 0.9149029655021347
152.40000000000015; 0.9149769456300268
152.50000000000014; 0.9150507590547341
152.60000000000014; 0.9151244062823394
152.70000000000013; 0.9151978878170834
152.80000000000013; 0.9152712041613721
152.90000000000015; 0.9153443558157847
153.00000000000014; 0.9154173432790813
153.10000000000014; 0.9154901670482098
153.20000000000013; 0.9155628276183144
153.30000000000013; 0.9156353254827423
153.40000000000015; 0.9157076611330516
153.50000000000014; 0.9157798350590187
153.60000000000014; 0.9158518477486456
153.70000000000013; 0.9159236996881676
153.80000000000013; 0.9159953913620593
153.90000000000015; 0.9160669232530447
154.00000000000014; 0.9161382958421008
154.10000000000014; 0.9162095096084684
154.20000000000013; 0.9162805650296562
154.30000000000013; 0.9163514625814505
154.40000000000015; 0.9164222027379206
154.50000000000014; 0.916492785971427
154.60000000000014; 0.9165632127526276
154.70000000000013; 0.9166334835504854
154.80000000000013; 0.9167035988322749
154.90000000000015; 0.9167735590635899
155.00000000000014; 0.9168433647083499
155.10000000000014; 0.9169130162288065
155.20000000000013; 0.9169825140855514
155.30000000000013; 0.9170518587375227
155.40000000000015; 0.9171210506420111
155.50000000000014; 0.9171900902546677
155.60000000000014; 0.9172589780295106
155.70000000000013; 0.9173277144189307
155.80000000000013; 0.9173962998736995
155.90000000000015; 0.917464734842975
156.00000000000014; 0.9175330197743088
156.10000000000014; 0.9176011551136524
156.20000000000013; 0.917669141305364
156.30000000000013; 0.9177369787922146
156.40000000000015; 0.9178046680153953
156.50000000000014; 0.9178722094145225
156.60000000000014; 0.9179396034276464
156.70000000000013; 0.9180068504912549
156.80000000000013; 0.9180739510402816
156.90000000000015; 0.9181409055081122
157.00000000000014; 0.9182077143265902
157.10000000000014; 0.9182743779260233
157.20000000000013; 0.91834089673519
157.30000000000013; 0.9184072711813452
157.40000000000015; 0.9184735016902276
157.50000000000014; 0.9185395886860647
157.60000000000014; 0.9186055325915792
157.70000000000013; 0.9186713338279957
157.80000000000013; 0.9187369928150464
157.90000000000015; 0.918802509970977
158.00000000000014; 0.9188678857125534
158.10000000000014; 0.9189331204550669
158.20000000000013; 0.9189982146123402
158.30000000000015; 0.9190631685967348
158.40000000000015; 0.9191279828191551
158.50000000000014; 0.919192657689055
158.60000000000014; 0.9192571936144445
158.70000000000013; 0.9193215910018944
158.80000000000015; 0.9193858502565427
158.90000000000015; 0.919449971782101
159.00000000000014; 0.9195139559808586
159.10000000000014; 0.9195778032536901
159.20000000000013; 0.91964151400006
159.30000000000015; 0.919705088618029
159.40000000000015; 0.919768527504259
159.50000000000014; 0.9198318310540194
159.60000000000014; 0.9198949996611929
159.70000000000013; 0.9199580337182793
159.80000000000015; 0.9200209336164041
159.90000000000015; 0.9200836997453214
160.00000000000014; 0.9201463324934208
