energy (keV); transmission
1.0; 0.0
1.1; 0.0
1.2000000000000002; 0.0
1.3000000000000003; 0.0
1.4000000000000004; 0.0
1.5000000000000004; 0.0
1.6000000000000005; 0.0
1.7000000000000006; 0.0
1.8000000000000007; 0.0
1.9000000000000008; 0.0
2.000000000000001; 0.0
2.100000000000001; 0.0
2.200000000000001; 0.0
2.300000000000001; 0.0
2.4000000000000012; 0.0
2.5000000000000013; 0.0
2.6000000000000014; 0.0
2.7000000000000015; 0.0
2.8000000000000016; 2.969874144578126e-305
2.9000000000000017; 7.01175774541061e-282
3.0000000000000018; 2.413357878027211e-258
3.100000000000002; 7.801080377952988e-237
3.200000000000002; 9.993242207656029e-218
3.300000000000002; 1.08829095149481e-200
3.400000000000002; 1.909072701362931e-185
3.500000000000002; 9.237826263385853e-172
3.6000000000000023; 1.9437989156739795e-159
3.7000000000000024; 2.6188238891467626e-148
3.8000000000000025; 3.143674729361064e-138
3.9000000000000026; 4.463966194296464e-129
4.000000000000003; 9.570652814884073e-121
4.100000000000003; 5.0236252764942163e-113
4.200000000000003; 5.671007032917587e-106
4.3000000000000025; 1.6238034472475536e-99
4.400000000000003; 1.3620092246271733e-93
4.5000000000000036; 3.796256960901255e-88
4.600000000000003; 3.927746367896138e-83
4.700000000000003; 1.6629912932029193e-78
4.800000000000003; 3.140455110197872e-74
4.900000000000004; 2.854733865148244e-70
5.0000000000000036; 1.7020091367151445e-68
5.100000000000003; 5.215322901785267e-65
5.200000000000004; 9.520933930354197e-62
5.300000000000004; 1.0740390118594861e-58
5.400000000000004; 7.7376711654149885e-56
5.5000000000000036; 3.669267933828404e-53
5.600000000000004; 1.177933407932414e-50
5.700000000000005; 2.6280788985117002e-48
5.800000000000004; 4.176686401432089e-46
5.900000000000004; 4.838849960080466e-44
6.000000000000004; 1.972826045001907e-72
6.100000000000005; 9.103541857636129e-71
6.200000000000005; 6.349859435297358e-69
6.300000000000004; 6.2037869054958e-67
6.400000000000005; 7.840440624699936e-65
6.500000000000005; 1.1852416585082357e-62
6.600000000000005; 1.9722226667749198e-60
6.700000000000005; 3.444116009647398e-58
6.800000000000005; 5.894272658855981e-56
6.900000000000006; 9.403549151388886e-54
7.000000000000005; 1.3418653123230722e-51
7.100000000000005; 1.656960693246242e-49
7.2000000000000055; 7.299429457715185e-70
7.300000000000006; 3.320639595387733e-67
7.400000000000006; 1.1488376974636534e-64
7.500000000000005; 3.0149650768545734e-62
7.600000000000006; 6.007506374721711e-60
7.700000000000006; 9.122231700444e-58
7.800000000000006; 1.0617744852659363e-55
7.900000000000006; 9.543182951288122e-54
8.000000000000007; 6.679653987364103e-52
8.100000000000007; 3.7199068242982807e-50
8.200000000000006; 1.6607598843069056e-48
8.300000000000006; 6.055685766678288e-47
8.400000000000006; 6.416112522342692e-98
8.500000000000007; 4.994795645065904e-95
8.600000000000007; 2.907193629712108e-92
8.700000000000006; 1.2900231411981203e-89
8.800000000000008; 4.442129372466838e-87
8.900000000000007; 1.2063922479826576e-84
9.000000000000007; 2.62256635575423e-82
9.100000000000007; 4.626031470909422e-80
9.200000000000006; 6.7043966710522e-78
9.300000000000008; 8.075581859338896e-76
9.400000000000007; 8.17063622723583e-74
9.500000000000007; 7.012267850586927e-72
9.600000000000009; 5.1512719786081806e-70
9.700000000000008; 3.266370852865751e-68
9.800000000000008; 1.801721181289364e-66
9.900000000000007; 8.707910420114446e-65
10.000000000000007; 3.7124047385827545e-63
10.100000000000009; 1.4074998004673817e-61
10.200000000000008; 4.756371869415991e-60
10.300000000000008; 1.4385787828741984e-58
10.40000000000001; 3.9097510996881454e-57
10.500000000000009; 9.584804847718702e-56
10.600000000000009; 2.1273239350419603e-54
10.700000000000008; 4.289794327790716e-53
10.800000000000008; 7.886227223849063e-52
10.90000000000001; 1.3260289200957634e-50
11.000000000000009; 2.045757530589208e-49
11.100000000000009; 2.904605008039926e-48
11.20000000000001; 3.80641259421954e-47
11.30000000000001; 4.616962490226861e-46
11.40000000000001; 5.197302906937231e-45
11.500000000000009; 5.443846501301305e-44
11.600000000000009; 5.318902828732537e-43
11.70000000000001; 4.859232501708117e-42
11.80000000000001; 4.1604889303738697e-41
11.90000000000001; 3.3459223541590674e-40
12.00000000000001; 2.5328499947116012e-39
12.10000000000001; 1.8084960989100715e-38
12.20000000000001; 1.2203909522923753e-37
12.30000000000001; 7.797946368815074e-37
12.40000000000001; 4.726688470197926e-36
12.50000000000001; 2.722670387872807e-35
12.60000000000001; 1.492903874664853e-34
12.70000000000001; 7.805077758748157e-34
12.800000000000011; 3.8968602586595075e-33
12.900000000000011; 1.860813962465854e-32
13.00000000000001; 8.510903034599584e-32
13.10000000000001; 3.733736030945913e-31
13.20000000000001; 1.573240739052463e-30
13.300000000000011; 6.375249331231186e-30
13.400000000000011; 2.4876869748993744e-29
13.50000000000001; 9.35873521108396e-29
13.600000000000012; 3.3983545923932064e-28
13.700000000000012; 1.1924474423198123e-27
13.800000000000011; 4.0476237889657706e-27
13.900000000000011; 1.3304721208773483e-26
14.00000000000001; 4.2393016449681225e-26
14.100000000000012; 1.3106547406478443e-25
14.200000000000012; 3.9354577936951886e-25
14.300000000000011; 1.1487044256044608e-24
14.400000000000013; 3.2621704287163503e-24
14.500000000000012; 9.021032001012244e-24
14.600000000000012; 2.4311408206040833e-23
14.700000000000012; 6.390121115789683e-23
14.800000000000011; 1.6393891711723406e-22
14.900000000000013; 4.1081524511055703e-22
15.000000000000012; 1.006257465218537e-21
15.100000000000012; 2.411889542174442e-21
15.200000000000014; 5.658420567812781e-21
15.300000000000013; 1.3002134403618932e-20
15.400000000000013; 2.928172964364315e-20
15.500000000000012; 6.467132795801385e-20
15.600000000000012; 1.4015865350291397e-19
15.700000000000014; 2.982438413898019e-19
15.800000000000013; 6.23458421549141e-19
15.900000000000013; 1.2810321904231217e-18
16.000000000000014; 2.5885269358258407e-18
16.100000000000016; 5.1463679482267214e-18
16.200000000000014; 1.0071915437979664e-17
16.30000000000001; 1.9412725717171685e-17
16.400000000000013; 3.6865246120527447e-17
16.500000000000014; 6.900650554826065e-17
16.600000000000016; 1.2737516272508794e-16
16.700000000000014; 2.3193940205938e-16
16.800000000000015; 4.167989281440082e-16
16.900000000000013; 7.394390151534833e-16
17.000000000000014; 1.2955605594541566e-15
17.100000000000016; 2.2425556101636317e-15
17.200000000000014; 3.8362271937412085e-15
17.300000000000015; 6.487562554581438e-15
17.400000000000013; 1.0849526247630141e-14
17.500000000000014; 1.7948298487453292e-14
17.600000000000016; 2.937961190488934e-14
17.700000000000014; 4.759944447512905e-14
17.800000000000015; 7.63500903732557e-14
17.900000000000016; 1.2127854951368291e-13
18.000000000000014; 1.908255032823763e-13
18.100000000000016; 2.9749143752168007e-13
18.200000000000017; 4.596236535110086e-13
18.300000000000015; 7.039163112236275e-13
18.400000000000016; 1.068878093795623e-12
18.500000000000014; 1.6096019275740062e-12
18.600000000000016; 2.404272403004244e-12
18.700000000000017; 3.5629737480601393e-12
18.800000000000015; 5.239519758724507e-12
18.900000000000016; 7.647223109293308e-12
19.000000000000014; 5.237792003445488e-13
19.100000000000016; 7.834745896663352e-13
19.200000000000017; 1.1629773516067188e-12
19.300000000000015; 1.7134484692736234e-12
19.400000000000016; 2.506140538252943e-12
19.500000000000018; 3.6395942471379735e-12
19.600000000000016; 5.249160328060646e-12
19.700000000000017; 7.519514725996394e-12
19.80000000000002; 1.0701001337918632e-11
19.900000000000016; 1.5130838084767294e-11
20.000000000000018; 2.1260463965547232e-11
20.100000000000016; 5.533938325326951e-12
20.200000000000017; 7.842526680683548e-12
20.30000000000002; 1.1045297665694799e-11
20.400000000000016; 1.546173291504731e-11
20.500000000000018; 2.1515738681808462e-11
20.600000000000016; 2.9766530435168344e-11
20.700000000000017; 4.0947658483820464e-11
20.80000000000002; 5.601604470551316e-11
20.900000000000016; 7.621326127094379e-11
21.000000000000018; 1.0314169747312169e-10
21.10000000000002; 1.388587356714716e-10
21.200000000000017; 1.8599259719129734e-10
21.30000000000002; 2.4788412894342123e-10
21.40000000000002; 3.287594864991599e-10
21.500000000000018; 4.3393943399962676e-10
21.60000000000002; 5.700918297697616e-10
21.700000000000017; 7.455348024309754e-10
21.80000000000002; 9.705991485181308e-10
21.90000000000002; 1.2580596010918383e-09
22.000000000000018; 1.6236458305597063e-09
22.10000000000002; 2.08664534370961e-09
22.200000000000017; 2.6706118433219343e-09
22.30000000000002; 3.4041940958203545e-09
22.40000000000002; 4.3221019238134834e-09
22.500000000000018; 5.466227588092364e-09
22.60000000000002; 6.886942541988599e-09
22.70000000000002; 8.644591320533663e-09
22.80000000000002; 1.0811206156419154e-08
22.90000000000002; 1.3472467781415321e-08
23.00000000000002; 1.6729939760954692e-08
23.10000000000002; 2.070360560474534e-08
23.20000000000002; 2.553473977959133e-08
23.30000000000002; 3.138914560268387e-08
23.40000000000002; 3.846079479391429e-08
23.50000000000002; 4.6975905192205265e-08
23.60000000000002; 5.7197494771039545e-08
23.70000000000002; 6.94304515985777e-08
23.80000000000002; 8.40271607542704e-08
23.90000000000002; 1.0139373041267486e-07
24.00000000000002; 1.2199686031222495e-07
24.10000000000002; 1.463713966184077e-07
24.20000000000002; 1.7512861774484665e-07
24.300000000000022; 2.0896529598924952e-07
24.40000000000002; 2.486735798551434e-07
24.50000000000002; 2.951517416440317e-07
24.600000000000023; 3.4941583430076307e-07
24.70000000000002; 4.126123005612172e-07
24.800000000000022; 4.860315761740141e-07
24.90000000000002; 5.711227273373341e-07
25.00000000000002; 6.695091604995189e-07
25.100000000000023; 7.8300544031493e-07
25.20000000000002; 9.136352488239377e-07
25.300000000000022; 1.0636505158371392e-06
25.40000000000002; 1.2355517470589663e-06
25.50000000000002; 1.432109572686474e-06
25.600000000000023; 1.6563875350857965e-06
25.70000000000002; 1.9117661296866146e-06
25.800000000000022; 2.201968108471649e-06
25.900000000000023; 2.531085050385385e-06
26.00000000000002; 2.903605197675898e-06
26.100000000000023; 3.3244425516347764e-06
26.200000000000024; 3.798967215451001e-06
26.300000000000022; 4.3330369659628935e-06
26.400000000000023; 4.933030030019499e-06
26.50000000000002; 5.605879034994847e-06
26.600000000000023; 6.3591060967312595e-06
26.700000000000024; 7.2008590019176134e-06
26.800000000000022; 8.139948435612691e-06
26.900000000000023; 9.18588619838807e-06
27.00000000000002; 1.034892435139046e-05
27.100000000000023; 1.164009522157977e-05
27.200000000000024; 1.3071252193501753e-05
27.300000000000022; 1.4655111208233241e-05
27.400000000000023; 1.6405292884679908e-05
27.500000000000025; 1.8336365173146593e-05
27.600000000000023; 2.0463886446200637e-05
27.700000000000024; 2.2804448927205892e-05
27.800000000000026; 2.5375722352649772e-05
27.900000000000023; 2.819649776051961e-05
28.000000000000025; 3.128673129343484e-05
28.100000000000023; 3.4667587902236515e-05
28.200000000000024; 3.8361484833054564e-05
28.300000000000026; 4.239213477870597e-05
28.400000000000023; 4.678458857357463e-05
28.500000000000025; 5.156527730984465e-05
28.600000000000023; 5.676205375226353e-05
28.700000000000024; 6.24042329282589e-05
28.800000000000026; 6.852263177050785e-05
28.900000000000023; 7.514960768975675e-05
29.000000000000025; 8.231909595681909e-05
29.100000000000026; 9.006664577436741e-05
29.200000000000024; 9.842945492125476e-05
29.300000000000026; 0.00010744640285470593
29.400000000000027; 0.00011715808215855777
29.500000000000025; 0.0001276068282294617
29.600000000000026; 0.00013883674709639688
29.700000000000024; 0.0001508937412734699
29.800000000000026; 0.00016382553355015454
29.900000000000027; 0.00017768168862834647
30.000000000000025; 0.00019251363252067392
30.100000000000026; 0.00020838116621451315
30.200000000000024; 0.00022533400073116672
30.300000000000026; 0.0002434292365221831
30.400000000000027; 0.00026272598247394617
30.500000000000025; 0.00028328527592192575
30.600000000000026; 0.0003051700874666949
30.700000000000028; 0.0003284453231264728
30.800000000000026; 0.00035317782378987647
30.900000000000027; 0.00037943636193931243
31.00000000000003; 0.0004072916356224308
31.100000000000026; 0.00043681625965538365
31.200000000000028; 0.0004680847540491231
31.300000000000026; 0.0005011735296560723
31.400000000000027; 0.0005361608710416307
31.50000000000003; 0.0005731269165913487
31.600000000000026; 0.0006121536358711614
31.700000000000028; 0.0006533248042644867
31.800000000000026; 0.0006967259749163211
31.900000000000027; 0.0007424444480198912
32.00000000000003; 0.0007905692374882947
32.10000000000002; 0.0008411910350583961
32.20000000000003; 0.0008944021718798217
32.300000000000026; 0.0009502965776475704
32.40000000000003; 0.0010089697373410582
32.50000000000003; 0.001070518645637869
32.60000000000003; 0.0011350417590739123
32.70000000000003; 0.0012026389460270755
32.800000000000026; 0.0012734114346045896
32.90000000000003; 0.0013474617585178864
33.00000000000003; 0.001424893701032683
33.10000000000003; 0.001505812237084408
33.20000000000003; 0.001590323473652396
33.300000000000026; 0.001678534588488116
33.40000000000003; 0.0017705537672959174
33.50000000000003; 0.0018664901394649996
33.60000000000003; 0.001966453712455339
33.70000000000003; 0.002070555304938464
33.800000000000026; 0.002178906478798487
33.90000000000003; 0.0022916194700964673
34.00000000000003; 0.002408807119104524
34.10000000000003; 0.0025305827995130395
34.20000000000003; 0.002657060346918124
34.30000000000003; 0.0027883539866932557
34.40000000000003; 0.002924578261349501
34.50000000000003; 0.0030658479574889237
34.60000000000003; 0.003212278032452909
34.70000000000003; 0.003363983540768822
34.80000000000003; 0.00352107956049297
34.90000000000003; 0.0036836811195518205
35.00000000000003; 0.0038519031221757425
35.10000000000003; 0.004025860275522404
35.20000000000003; 0.004205667016583125
35.30000000000003; 0.004391437439461705
35.400000000000034; 0.004583285223117405
35.50000000000003; 0.004781323559655048
35.60000000000003; 0.004985665083249681
35.70000000000003; 0.005196421799784157
35.80000000000003; 0.005413705017279606
35.900000000000034; 0.005637625277194903
36.00000000000003; 0.005868292286666026
36.10000000000003; 0.006105814851757718
36.20000000000003; 0.006350300811792047
36.30000000000003; 0.0066018569748189145
36.400000000000034; 0.006860589054288846
36.50000000000003; 0.007126601606985742
36.60000000000003; 0.0073999979722735925
36.70000000000003; 0.0076808802127095325
36.80000000000003; 0.007969349056070099
36.900000000000034; 0.008265503838835585
37.00000000000003; 0.00856944245117676
37.10000000000003; 0.00888126128347883
37.20000000000003; 0.009201055174441829
37.30000000000003; 0.009528917360787767
37.400000000000034; 0.009864939428605488
37.500000000000036; 0.01020921126635697
37.60000000000003; 0.010561821019574409
37.70000000000003; 0.010922855047261456
37.80000000000003; 0.011292397880022866
37.900000000000034; 0.011670532179932934
38.000000000000036; 0.012057338702158178
38.10000000000003; 0.012452896258342807
38.20000000000003; 0.0128572816817633
38.30000000000003; 0.013270569794259028
38.400000000000034; 0.013692833374937062
38.500000000000036; 0.0141241431306565
38.60000000000004; 0.014564567668283259
38.70000000000003; 0.015014173468718287
38.80000000000003; 0.015473024862683642
38.900000000000034; 0.015941184008265347
39.000000000000036; 0.016418710870197143
39.10000000000004; 0.01690566320087517
39.20000000000003; 0.017402096523086042
39.30000000000003; 0.01790806411443675
39.400000000000034; 0.018423616993462594
39.500000000000036; 0.018948803907398334
39.60000000000004; 0.019483671321590477
39.70000000000003; 0.02002826341052481
39.80000000000003; 0.02058262205045273
39.900000000000034; 0.021146786813583868
40.000000000000036; 0.021720790619922083
40.10000000000004; 0.02230435873791498
40.20000000000003; 0.022897826780333887
40.30000000000003; 0.023501225387737957
40.400000000000034; 0.02411458291825191
40.500000000000036; 0.02473792545064251
40.60000000000004; 0.02537127678873255
40.70000000000004; 0.02601465846711332
40.80000000000003; 0.02666808975813419
40.900000000000034; 0.0273315876801239
41.000000000000036; 0.028005167006822908
41.10000000000004; 0.02868884027798622
41.20000000000004; 0.02938261781112169
41.30000000000003; 0.030086507714336085
41.400000000000034; 0.030800515900251086
41.500000000000036; 0.03152464610095085
41.60000000000004; 0.03225889988393996
41.70000000000004; 0.03300327666905885
41.80000000000004; 0.03375777374633806
41.900000000000034; 0.03452238629475219
42.000000000000036; 0.035297107401831875
42.10000000000004; 0.03608192808411247
42.20000000000004; 0.036876837308377715
42.30000000000004; 0.037681822013660216
42.400000000000034; 0.03849686713398338
42.500000000000036; 0.03932195562178447
42.60000000000004; 0.040157068472013155
42.70000000000004; 0.04100218474685547
42.80000000000004; 0.04185728160105375
42.900000000000034; 0.04272233430779955
43.000000000000036; 0.043597316285155494
43.10000000000004; 0.044482199122985934
43.20000000000004; 0.04537695261035874
43.30000000000004; 0.04628154476339149
43.400000000000034; 0.04719594185351346
43.500000000000036; 0.04812010843610803
43.60000000000004; 0.049054007379518365
43.70000000000004; 0.04999759989437769
43.80000000000004; 0.050950845563240026
43.90000000000004; 0.051913702370485565
44.000000000000036; 0.05288612673247914
44.10000000000004; 0.053868073527944274
44.20000000000004; 0.05485949612853461
44.30000000000004; 0.055860346429585025
44.40000000000004; 0.05687057488100387
44.500000000000036; 0.05789013051829165
44.60000000000004; 0.05891896099366573
44.70000000000004; 0.059957012607262786
44.80000000000004; 0.06100423033839838
44.90000000000004; 0.06206055787686712
45.00000000000004; 0.06312593765425835
45.10000000000004; 0.06420031087527138
45.20000000000004; 0.06528361754900533
45.30000000000004; 0.06637579652021458
45.40000000000004; 0.06747678550050033
45.50000000000004; 0.06858652109942846
45.60000000000004; 0.06970493885555944
45.70000000000004; 0.07083197326736536
45.80000000000004; 0.07196755782401977
45.90000000000004; 0.07311162503606039
46.00000000000004; 0.07426410646588204
46.10000000000004; 0.07542493275807748
46.20000000000004; 0.07659403366958766
46.30000000000004; 0.07777133809966333
46.40000000000004; 0.07895677411961623
46.50000000000004; 0.08015026900235625
46.60000000000004; 0.08135174925169977
46.70000000000004; 0.0825611406314383
46.80000000000004; 0.08377836819415481
46.90000000000004; 0.08500335630978256
47.00000000000004; 0.08623602869389524
47.100000000000044; 0.08747630843572238
47.20000000000004; 0.08872411802587012
47.30000000000004; 0.08997937938376248
47.40000000000004; 0.09124201388476733
47.50000000000004; 0.0925119423870229
47.600000000000044; 0.09378908525795139
47.70000000000004; 0.09507336240044269
47.80000000000004; 0.09636469327872392
47.90000000000004; 0.09766299694388975
48.00000000000004; 0.09896819205909918
48.100000000000044; 0.10028019692442712
48.200000000000045; 0.10159892950137978
48.30000000000004; 0.10292430743705525
48.40000000000004; 0.10425624808795217
48.50000000000004; 0.10559466854342225
48.600000000000044; 0.10693948564876928
48.700000000000045; 0.10829061602798448
48.80000000000004; 0.10964797610612001
48.90000000000004; 0.11101148213129652
49.00000000000004; 0.11238105019634417
49.100000000000044; 0.11375659626008411
49.200000000000045; 0.11513803616822776
49.30000000000004; 0.11652528567392123
49.40000000000004; 0.11791826045791393
49.50000000000004; 0.11931687614835008
49.600000000000044; 0.12072104834021057
49.700000000000045; 0.12213069261435967
49.80000000000004; 0.12354572455624564
49.90000000000004; 0.12496605977422161
50.00000000000004; 0.1263916139174939
50.100000000000044; 0.12782282648350105
50.200000000000045; 0.12925909872693472
50.30000000000005; 0.1307003396266635
50.40000000000004; 0.13214646398724064
50.50000000000004; 0.13359738672942956
50.600000000000044; 0.13505302290667087
50.700000000000045; 0.13651328772118537
50.80000000000005; 0.1379780965397166
50.90000000000004; 0.13944736490891468
51.00000000000004; 0.14092100857036
51.100000000000044; 0.14239894347523124
51.200000000000045; 0.1438810857986218
51.30000000000005; 0.14536735195350353
51.40000000000005; 0.14685765860434963
51.50000000000004; 0.14835192268039754
51.600000000000044; 0.14985006138858945
51.700000000000045; 0.15135199222615847
51.80000000000005; 0.15285763299288513
51.90000000000005; 0.15436690180302493
52.00000000000004; 0.15587971709689516
52.100000000000044; 0.15739599765214987
52.200000000000045; 0.15891566259472456
52.30000000000005; 0.1604386314094615
52.40000000000005; 0.16196482395042425
52.50000000000004; 0.16349416045090093
52.600000000000044; 0.16502656153309278
52.700000000000045; 0.16656194821750248
52.80000000000005; 0.16810024193203238
52.90000000000005; 0.1696413645207688
53.00000000000004; 0.1711852382524861
53.100000000000044; 0.1727317858288595
53.200000000000045; 0.17428093039239256
53.30000000000005; 0.17583259553406547
53.40000000000005; 0.1773867053007056
53.50000000000005; 0.17894318420208644
53.600000000000044; 0.1805019572177645
53.700000000000045; 0.18206294980363516
53.80000000000005; 0.18362608789824836
53.90000000000005; 0.18519129792885716
54.00000000000005; 0.18675850681721773
54.100000000000044; 0.18832764198513577
54.200000000000045; 0.1898986313597827
54.30000000000005; 0.19147140337875795
54.40000000000005; 0.1930458869949214
54.50000000000005; 0.19462201168100202
54.60000000000005; 0.19619970743396187
54.700000000000045; 0.19777890477915572
54.80000000000005; 0.19935953477426055
54.90000000000005; 0.20094152901298956
55.00000000000005; 0.20252481962860577
55.10000000000005; 0.20410933929721067
55.200000000000045; 0.2056950212408475
55.30000000000005; 0.20728179923039802
55.40000000000005; 0.20886960758827594
55.50000000000005; 0.21045838119094673
55.60000000000005; 0.21204805547124733
55.700000000000045; 0.2136385664205221
55.80000000000005; 0.21522985059058397
55.90000000000005; 0.216821845095501
56.00000000000005; 0.21841448761319965
56.10000000000005; 0.2200077163869195
56.200000000000045; 0.22160147022647675
56.30000000000005; 0.2231956885093941
56.40000000000005; 0.22479031118184956
56.50000000000005; 0.2263852787594877
56.60000000000005; 0.2279805323280688
56.70000000000005; 0.22957601354398446
56.80000000000005; 0.23117166463461591
56.90000000000005; 0.23276742839855374
57.00000000000005; 0.23436324820569554
57.10000000000005; 0.2359590679971942
57.20000000000005; 0.23755483228527782
57.30000000000005; 0.23915048615295662
57.40000000000005; 0.24074597525358907
57.50000000000005; 0.24234124581033065
57.60000000000005; 0.24393624461548427
57.70000000000005; 0.2455309190297058
57.800000000000054; 0.24712521698112347
57.90000000000005; 0.24871908696434095
58.00000000000005; 0.250312478039324
58.10000000000005; 0.2519053398302105
58.20000000000005; 0.2534976225239915
58.300000000000054; 0.2550892768691158
58.40000000000005; 0.25668025417399726
58.50000000000005; 0.2582705063054265
58.60000000000005; 0.2598599856868896
58.70000000000005; 0.26144864529682316
58.800000000000054; 0.26303643866675297
58.90000000000005; 0.26462331987938476
59.00000000000005; 0.26620924356659165
59.10000000000005; 0.2677941649073446
59.20000000000005; 0.269378039625557
59.300000000000054; 0.270960823987867
59.40000000000005; 0.27254247480134375
59.50000000000005; 0.27412294941113613
59.60000000000005; 0.27570220569805204
59.70000000000005; 0.27728020207607595
59.800000000000054; 0.27885689748983156
59.900000000000055; 0.280432251411988
60.00000000000005; 0.2820062238405961
60.10000000000005; 0.2835784939645111
60.20000000000005; 0.2851493049996581
60.300000000000054; 0.28671861930412185
60.400000000000055; 0.2882863997185948
60.50000000000005; 0.2898526095901688
60.60000000000005; 0.2914172127692477
60.70000000000005; 0.2929801736064366
60.800000000000054; 0.2945414569493845
60.900000000000055; 0.29610102813960865
61.00000000000006; 0.2976588530092732
61.10000000000005; 0.29921489787794786
61.20000000000005; 0.3007691295493349
61.300000000000054; 0.3023215153079728
61.400000000000055; 0.30387202291590504
61.50000000000006; 0.30542062060934516
61.60000000000005; 0.3069672770952975
61.70000000000005; 0.30851196154816907
61.800000000000054; 0.31005464360636226
61.900000000000055; 0.31159529336885344
62.00000000000006; 0.3131338813917349
62.10000000000005; 0.3146703786847718
62.20000000000005; 0.31620475670792003
62.300000000000054; 0.31773698736784034
62.400000000000055; 0.3192670430144088
62.50000000000006; 0.32079489643719644
62.60000000000005; 0.3223205208619649
62.70000000000005; 0.323843889947132
62.800000000000054; 0.3253649777802404
62.900000000000055; 0.32688375887442495
63.00000000000006; 0.328400208164858
63.10000000000006; 0.32991430100521085
63.20000000000005; 0.3314260131640961
63.300000000000054; 0.3329353208215144
63.400000000000055; 0.33444220056530416
63.50000000000006; 0.3359466293875832
63.60000000000006; 0.33744858468118766
63.70000000000005; 0.3389480442361286
63.800000000000054; 0.34044498623603436
63.900000000000055; 0.34193938925459766
64.00000000000006; 0.3434312322520402
64.10000000000005; 0.3449204945715628
64.20000000000006; 0.3464071559358106
64.30000000000005; 0.347891196443348
64.40000000000006; 0.34937259656512976
64.50000000000006; 0.3508513371409841
64.60000000000005; 0.3523273993761083
64.70000000000006; 0.35380076483756173
64.80000000000005; 0.3552714154507774
64.90000000000006; 0.356739333496086
65.00000000000006; 0.35820450160522727
65.10000000000005; 0.3596669027579096
65.20000000000006; 0.361126520278342
65.30000000000005; 0.3625833378318036
65.40000000000006; 0.36403733942122124
65.50000000000006; 0.3654885093837442
65.60000000000005; 0.3669368323873544
65.70000000000006; 0.36838229342747614
65.80000000000005; 0.36982487782359824
65.90000000000006; 0.3712645712159197
66.00000000000006; 0.3727013595620091
66.10000000000005; 0.3741352291334655
66.20000000000006; 0.37556616651261543
66.30000000000005; 0.3769941585892103
66.40000000000006; 0.37841919255714557
66.50000000000006; 0.37984125591119555
66.60000000000005; 0.38126033644376534
66.70000000000006; 0.3826764222416649
66.80000000000005; 0.3840895016828858
66.90000000000006; 0.3854995634334179
67.00000000000006; 0.38690659644405484
67.10000000000007; 0.38831058994725515
67.20000000000006; 0.38971153345398013
67.30000000000005; 0.39110941675058913
67.40000000000006; 0.3925042298957202
67.50000000000006; 0.3938959632172192
67.60000000000007; 0.3952846073090638
67.70000000000006; 0.3966701530283208
67.80000000000005; 0.39805259149212163
67.90000000000006; 0.39943191407465606
68.00000000000006; 0.4008081124041796
68.10000000000007; 0.4021811783600516
68.20000000000006; 0.4035511040697881
68.30000000000005; 0.4049178819061332
68.40000000000006; 0.4062815044841558
68.50000000000006; 0.4076419646583627
68.60000000000007; 0.40899925551983507
68.70000000000006; 0.41035337039338127
68.80000000000005; 0.41170430283471665
68.90000000000006; 0.4130520466276619
69.00000000000006; 0.41439659578135735
69.10000000000007; 0.4157379445275057
69.20000000000006; 0.41707608731763207
69.30000000000005; 0.41841101882036835
69.40000000000006; 0.41974273391874783
69.50000000000006; 0.4210712277075382
69.60000000000007; 0.42239649549058317
69.70000000000006; 0.423718532778169
69.80000000000007; 0.42503733528441184
69.90000000000006; 0.42635289892466766
70.00000000000006; 0.42766521981296235
70.10000000000007; 0.4289742942594408
70.20000000000006; 0.4302801187678452
70.30000000000007; 0.4315826900330056
70.40000000000006; 0.4328820049383513
70.50000000000006; 0.4341780605534565
70.60000000000007; 0.4354708541315889
70.70000000000006; 0.4367603831072988
70.80000000000007; 0.438046645094005
70.90000000000006; 0.43932963788163043
71.00000000000006; 0.4406093594342346
71.10000000000007; 0.44188580788768167
71.20000000000006; 0.4431589815473232
71.30000000000007; 0.4444288788857022
71.40000000000006; 0.4456954985402786
71.50000000000006; 0.44695883931118
71.60000000000007; 0.4482189001589642
71.70000000000006; 0.4494756802024119
71.80000000000007; 0.45072917871633217
71.90000000000006; 0.45197939512939084
72.00000000000006; 0.45322632902196225
72.10000000000007; 0.4544699801240024
72.20000000000006; 0.4557103483129321
72.30000000000007; 0.45694743361155543
72.40000000000006; 0.4581812361859796
72.50000000000006; 0.45941175634358195
72.60000000000007; 0.46063899453096163
72.70000000000006; 0.46186295133194755
72.80000000000007; 0.46308362746559667
72.90000000000006; 0.46430102378422944
73.00000000000006; 0.4655151412714787
73.10000000000007; 0.46672598104035556
73.20000000000006; 0.46793354433134415
73.30000000000007; 0.46913783251050273
73.40000000000006; 0.4703388470675957
73.50000000000007; 0.47153658961423633
73.60000000000007; 0.4727310618820498
73.70000000000006; 0.47392226572086316
73.80000000000007; 0.4751102030969013
73.90000000000006; 0.4762948760910131
74.00000000000007; 0.47747628689690813
74.10000000000007; 0.47865443781941214
74.20000000000006; 0.47982933127274907
74.30000000000007; 0.4810009697788305
74.40000000000006; 0.4821693559655729
74.50000000000007; 0.4833344925652208
74.60000000000007; 0.48449638241270193
74.70000000000006; 0.48565502844399105
74.80000000000007; 0.48681043369448795
74.90000000000006; 0.48796260129742597
75.00000000000007; 0.48911153448228745
75.10000000000007; 0.49025723657323633
75.20000000000006; 0.4913997109875747
75.30000000000007; 0.4925389612342078
75.40000000000006; 0.49367499091213457
75.50000000000007; 0.4948078037089483
75.60000000000007; 0.4959374033993561
75.70000000000006; 0.4970637938437138
75.80000000000007; 0.49818697898658343
75.90000000000006; 0.4993069628552913
76.00000000000007; 0.500423749558528
76.10000000000007; 0.5015373432849307
76.20000000000007; 0.5026477483017172
76.30000000000007; 0.5037549689533026
76.40000000000006; 0.504859009659961
76.50000000000007; 0.5059598749164774
76.60000000000007; 0.507057569290831
76.70000000000007; 0.5081520974228897
76.80000000000007; 0.5092434640231168
76.90000000000006; 0.5103316738712964
77.00000000000007; 0.5114167318152729
77.10000000000007; 0.5124986427696957
77.20000000000007; 0.5135774117148016
77.30000000000007; 0.514653043695187
77.40000000000006; 0.5157255438186038
77.50000000000007; 0.5167949172547792
77.60000000000007; 0.5178611692342289
77.70000000000007; 0.5189243050471074
77.80000000000007; 0.5199843300420514
77.90000000000006; 0.5210412496250529
78.00000000000007; 0.5220950692583349
78.10000000000007; 0.5231457944592494
78.20000000000007; 0.524193430799178
78.30000000000007; 0.5252379839024585
78.40000000000006; 0.5262794594453152
78.50000000000007; 0.5273178631548044
78.60000000000007; 0.5283532008077759
78.70000000000007; 0.5293854782298408
78.80000000000007; 0.5304147012943641
78.90000000000006; 0.5314408759214494
79.00000000000007; 0.5324640080769611
79.10000000000007; 0.5334841037715383
79.20000000000007; 0.534501169059631
79.30000000000007; 0.5355152100385442
79.40000000000006; 0.5365262328475003
79.50000000000007; 0.537534243666705
79.60000000000007; 0.5385392487164272
79.70000000000007; 0.5395412542560992
79.80000000000007; 0.5405402665834134
79.90000000000008; 0.5415362920334387
80.00000000000007; 0.5425293369777572
80.10000000000007; 0.5435196577401705
80.20000000000007; 0.5445070130872484
80.30000000000007; 0.5454914056266027
80.40000000000008; 0.5464728416800737
80.50000000000007; 0.5474513276042245
80.60000000000007; 0.5484268697895148
80.70000000000007; 0.549399474659492
80.80000000000007; 0.5503691486699815
80.90000000000008; 0.551335898308296
81.00000000000007; 0.5522997300924503
81.10000000000007; 0.5532606505703853
81.20000000000007; 0.554218666319211
81.30000000000007; 0.5551737839444448
81.40000000000008; 0.5561260100792709
81.50000000000007; 0.5570753513838099
81.60000000000007; 0.5580218145443854
81.70000000000007; 0.5589654062728134
81.80000000000007; 0.5599061333056947
81.90000000000008; 0.5608440024037229
82.00000000000007; 0.5617790203509874
82.10000000000007; 0.5627111939543014
82.20000000000007; 0.5636405300425334
82.30000000000007; 0.564567035465939
82.40000000000008; 0.5654907170955178
82.50000000000007; 0.5664115818223628
82.60000000000008; 0.5673296365570314
82.70000000000007; 0.5682448882289158
82.80000000000007; 0.5691573437856264
82.90000000000008; 0.5700670101923816
83.00000000000007; 0.5709738944314076
83.10000000000008; 0.5718780035013488
83.20000000000007; 0.572779344416675
83.30000000000007; 0.5736779242071135
83.40000000000008; 0.5745737499170719
83.50000000000007; 0.5754668286050842
83.60000000000008; 0.5763571673432543
83.70000000000007; 0.5772447732167107
83.80000000000007; 0.5781296533230669
83.90000000000008; 0.5790118147718939
84.00000000000007; 0.5798912646841954
84.10000000000008; 0.580768010191892
84.20000000000007; 0.5816420584373118
84.30000000000007; 0.5825134165726942
84.40000000000008; 0.5833820917596872
84.50000000000007; 0.584248091168866
84.60000000000008; 0.5851114219792534
84.70000000000007; 0.5859720913778439
84.80000000000007; 0.5868301065591356
84.90000000000008; 0.5876854747246748
85.00000000000007; 0.5885382030825979
85.10000000000008; 0.5893882988471932
85.20000000000007; 0.5902357692384468
85.30000000000007; 0.5910806214816237
85.40000000000008; 0.5919228628068297
85.50000000000007; 0.592762500448595
85.60000000000008; 0.5935995416454626
85.70000000000007; 0.5944339936395696
85.80000000000007; 0.5952658636762539
85.90000000000008; 0.5960951590036535
86.00000000000007; 0.5969218868723175
86.10000000000008; 0.5977460545348179
86.20000000000007; 0.598567669245375
86.30000000000008; 0.59938673825948
86.40000000000008; 0.6002032688335313
86.50000000000007; 0.6010172682244678
86.60000000000008; 0.6018287436894159
86.70000000000007; 0.602637702485338
86.80000000000008; 0.6034441518686866
86.90000000000008; 0.6042480990950597
87.00000000000007; 0.605049551418874
87.10000000000008; 0.6058485160930277
87.20000000000007; 0.6066450003685814
87.30000000000008; 0.6074390114944341
87.40000000000008; 0.6082305567170095
87.50000000000007; 0.6090196432799498
87.60000000000008; 0.6098062784238082
87.70000000000007; 0.6105904693857463
87.80000000000008; 0.6113722233992458
87.90000000000008; 0.6121515476938149
88.00000000000007; 0.6129284494946995
88.10000000000008; 0.6137029360226101
88.20000000000007; 0.6144750144934369
88.30000000000008; 0.615244692117982
88.40000000000008; 0.6160119761016964
88.50000000000007; 0.6167768736444066
88.60000000000008; 0.6175393919400669
88.70000000000007; 0.6182995381764974
88.80000000000008; 0.6190573195351395
88.90000000000008; 0.6198127431908036
89.00000000000009; 0.6205658163114361
89.10000000000008; 0.6213165460578725
89.20000000000007; 0.6220649395836133
89.30000000000008; 0.622811004034586
89.40000000000008; 0.6235547465489245
89.50000000000009; 0.6242961742567473
89.60000000000008; 0.625035294279937
89.70000000000007; 0.6257721137319291
89.80000000000008; 0.6265066397175011
89.90000000000008; 0.6272388793325634
90.00000000000009; 0.6279688396639638
90.10000000000008; 0.6286965277892762
90.20000000000007; 0.6294219507766193
90.30000000000008; 0.630145115684451
90.40000000000008; 0.6308660295613896
90.50000000000009; 0.6315846994460247
90.60000000000008; 0.6323011323667354
90.70000000000007; 0.6330153353415123
90.80000000000008; 0.6337273153777833
90.90000000000008; 0.6344370794722382
91.00000000000009; 0.6351446346106681
91.10000000000008; 0.6358499877677893
91.20000000000007; 0.6365531459070907
91.30000000000008; 0.6372541159806695
91.40000000000008; 0.6379529049290749
91.50000000000009; 0.6386495196811574
91.60000000000008; 0.639343967153919
91.70000000000007; 0.6400362542523638
91.80000000000008; 0.6407263878693558
91.90000000000008; 0.6414143748854749
92.00000000000009; 0.6421002221688837
92.10000000000008; 0.6427839365751857
92.20000000000007; 0.6434655249472979
92.30000000000008; 0.6441449941153161
92.40000000000008; 0.644822350896391
92.50000000000009; 0.6454976020946018
92.60000000000008; 0.6461707545008344
92.70000000000009; 0.646841814892661
92.80000000000008; 0.6475107900342242
92.90000000000008; 0.648177686676122
93.00000000000009; 0.648842511555296
93.10000000000008; 0.649505271394924
93.20000000000009; 0.6501659729043081
93.30000000000008; 0.6508246227787733
93.40000000000008; 0.6514812276995656
93.50000000000009; 0.6521357943337506
93.60000000000008; 0.6527883293341158
93.70000000000009; 0.6534388393390754
93.80000000000008; 0.6540873309725792
93.90000000000008; 0.6547338108440163
94.00000000000009; 0.6553782855481329
94.10000000000008; 0.6560207616649405
94.20000000000009; 0.6566612457596347
94.30000000000008; 0.6572997443825089
94.40000000000008; 0.6579362640688776
94.50000000000009; 0.6585708113389992
94.60000000000008; 0.6592033926979913
94.70000000000009; 0.6598340146357692
94.80000000000008; 0.6604626836269601
94.90000000000008; 0.6610894061308437
95.00000000000009; 0.6617141885912746
95.10000000000008; 0.6623370374366244
95.20000000000009; 0.6629579590797073
95.30000000000008; 0.663576959917727
95.40000000000009; 0.664194046332206
95.50000000000009; 0.6648092246889318
95.60000000000008; 0.6654225013378985
95.70000000000009; 0.6660338826132495
95.80000000000008; 0.6666433748332238
95.90000000000009; 0.6672509843001038
96.00000000000009; 0.6678567173001607
96.10000000000008; 0.668460580103611
96.20000000000009; 0.6690625789645658
96.30000000000008; 0.6696627201209825
96.40000000000009; 0.6702610097946226
96.50000000000009; 0.6708574541910104
96.60000000000008; 0.6714520594993847
96.70000000000009; 0.6720448318926678
96.80000000000008; 0.6726357775274192
96.90000000000009; 0.673224902543801
97.00000000000009; 0.6738122130655444
97.10000000000008; 0.6743977151999104
97.20000000000009; 0.6749814150376628
97.30000000000008; 0.6755633186530307
97.40000000000009; 0.6761434321036832
97.50000000000009; 0.6767217614306973
97.60000000000008; 0.6772983126585291
97.70000000000009; 0.6778730917949939
97.80000000000008; 0.6784461048312322
97.90000000000009; 0.6790173577416928
98.00000000000009; 0.6795868564841071
98.10000000000008; 0.6801546069994688
98.20000000000009; 0.6807206152120122
98.30000000000008; 0.6812848870291937
98.40000000000009; 0.6818474283416769
98.50000000000009; 0.6824082450233099
98.60000000000008; 0.6829673429311159
98.70000000000009; 0.6835247279052751
98.80000000000008; 0.6840804057691114
98.90000000000009; 0.6846343823290805
99.00000000000009; 0.6851866633747592
99.1000000000001; 0.6857372546788366
99.20000000000009; 0.6862861619970999
99.30000000000008; 0.6868333910684332
99.40000000000009; 0.6873789476148016
99.50000000000009; 0.6879228373412531
99.6000000000001; 0.6884650659359094
99.70000000000009; 0.6890056390699625
99.80000000000008; 0.6895445623976707
99.90000000000009; 0.6900818415563551
100.00000000000009; 0.6906174784057352
100.1000000000001; 0.6911513387861747
100.20000000000009; 0.6916835725895804
100.30000000000008; 0.6922141853952544
100.40000000000009; 0.6927431827654534
100.50000000000009; 0.6932705702453906
100.6000000000001; 0.6937963533632375
100.70000000000009; 0.6943205376301336
100.80000000000008; 0.694843128540192
100.90000000000009; 0.6953641315705021
101.00000000000009; 0.6958835521811453
101.1000000000001; 0.6964013958151943
101.20000000000009; 0.6969176678987284
101.30000000000008; 0.6974323738408431
101.40000000000009; 0.6979455190336575
101.50000000000009; 0.698457108852329
101.6000000000001; 0.6989671486550638
101.70000000000009; 0.6994756437831299
101.8000000000001; 0.6999825995608685
101.90000000000009; 0.7004880212957137
102.00000000000009; 0.7009919142781987
102.1000000000001; 0.7014942837819805
102.20000000000009; 0.7019951350638478
102.3000000000001; 0.7024944733637419
102.40000000000009; 0.7029923039047727
102.50000000000009; 0.703488631893236
102.6000000000001; 0.7039834625186316
102.70000000000009; 0.7044768009536856
102.8000000000001; 0.7049686523543639
102.90000000000009; 0.7054590218598947
103.00000000000009; 0.7059479145927936
103.1000000000001; 0.7064353356588753
103.20000000000009; 0.7069212901472833
103.3000000000001; 0.7074057831305081
103.40000000000009; 0.7078888196644103
103.50000000000009; 0.7083704047882434
103.6000000000001; 0.7088505435246791
103.70000000000009; 0.7093292408798287
103.8000000000001; 0.7098065018432683
103.90000000000009; 0.7102823313880643
104.00000000000009; 0.7107567344707986
104.1000000000001; 0.7112297160315935
104.20000000000009; 0.71170128099414
104.3000000000001; 0.712171434265721
104.40000000000009; 0.7126401807372406
104.50000000000009; 0.7131075252832534
104.6000000000001; 0.7135734727619857
104.70000000000009; 0.7140380280153729
104.8000000000001; 0.7145011958690779
104.90000000000009; 0.7149629811325302
105.00000000000009; 0.7154233885989459
105.1000000000001; 0.7158824230453661
105.20000000000009; 0.7163400892326781
105.3000000000001; 0.7167963919056526
105.40000000000009; 0.7172513357929717
105.5000000000001; 0.7177049256072603
105.6000000000001; 0.7181571660451165
105.70000000000009; 0.7186080617871446
105.8000000000001; 0.7190576174979849
105.90000000000009; 0.7195058378263505
106.0000000000001; 0.7199527274050529
106.1000000000001; 0.7203982908510423
106.20000000000009; 0.7208425327654354
106.3000000000001; 0.72128545773355
106.40000000000009; 0.7217270703249404
106.5000000000001; 0.7221673750934298
106.6000000000001; 0.722606376577143
106.70000000000009; 0.7230440792985446
106.8000000000001; 0.7234804877644719
106.90000000000009; 0.7239156064661666
107.0000000000001; 0.7243494398793163
107.1000000000001; 0.7247819924640845
107.20000000000009; 0.7252132686651483
107.3000000000001; 0.725643272911733
107.40000000000009; 0.7260720096176518
107.5000000000001; 0.7264994831813352
107.6000000000001; 0.7269256979858765
107.70000000000009; 0.727350658399058
107.8000000000001; 0.7277743687733976
107.90000000000009; 0.7281968334461787
108.0000000000001; 0.7286180567394922
108.1000000000001; 0.7290380429602681
108.2000000000001; 0.7294567964003202
108.3000000000001; 0.7298743213363786
108.40000000000009; 0.7302906220301284
108.5000000000001; 0.73070570272825
108.6000000000001; 0.7311195676624545
108.7000000000001; 0.7315322210495221
108.8000000000001; 0.7319436670913432
108.90000000000009; 0.7323539099749554
109.0000000000001; 0.7327629538725801
109.1000000000001; 0.733170802941664
109.2000000000001; 0.7335774613249196
109.3000000000001; 0.7339829331503585
109.40000000000009; 0.7343872225313356
109.5000000000001; 0.7347903335665873
109.6000000000001; 0.7351922703402703
109.7000000000001; 0.7355930369220016
109.8000000000001; 0.7359926373668971
109.90000000000009; 0.7363910757156121
110.0000000000001; 0.736788355994382
110.1000000000001; 0.7371844822150602
110.2000000000001; 0.7375794583751593
110.3000000000001; 0.7379732884578925
110.40000000000009; 0.7383659764322094
110.5000000000001; 0.7387575262528429
110.6000000000001; 0.7391479418603434
110.7000000000001; 0.7395372271811209
110.8000000000001; 0.7399253861274878
110.90000000000009; 0.7403124225976968
111.0000000000001; 0.7406983404759818
111.1000000000001; 0.7410831436326006
111.2000000000001; 0.7414668359238733
111.3000000000001; 0.7418494211922229
111.40000000000009; 0.7422309032662178
111.5000000000001; 0.7426112859606117
111.6000000000001; 0.7429905730763834
111.7000000000001; 0.743368768400781
111.8000000000001; 0.7437458757073591
111.9000000000001; 0.7441218987560209
112.0000000000001; 0.7444968412930604
112.1000000000001; 0.7448707070512036
112.2000000000001; 0.7452434997496461
112.3000000000001; 0.745615223094099
112.4000000000001; 0.745985880776826
112.5000000000001; 0.7463554764766879
112.6000000000001; 0.7467240138591805
112.7000000000001; 0.7470914965764778
112.8000000000001; 0.7474579282674726
112.9000000000001; 0.7478233125578178
113.0000000000001; 0.7481876530599675
113.1000000000001; 0.7485509533732166
113.2000000000001; 0.748913217083747
113.3000000000001; 0.7492744477646619
113.4000000000001; 0.7496346489760314
113.5000000000001; 0.7499938242649333
113.6000000000001; 0.7503519771654923
113.7000000000001; 0.7507091111989239
113.8000000000001; 0.7510652298735727
113.9000000000001; 0.7514203366849547
114.0000000000001; 0.7517744351158008
114.1000000000001; 0.752127528636093
114.2000000000001; 0.7524796207031095
114.3000000000001; 0.7528307147614635
114.4000000000001; 0.7531808142431463
114.5000000000001; 0.7535299225675669
114.60000000000011; 0.7538780431415925
114.7000000000001; 0.7542251793595895
114.8000000000001; 0.7545713346034667
114.9000000000001; 0.7549165122427143
115.0000000000001; 0.7552607156344441
115.10000000000011; 0.7556039481234315
115.2000000000001; 0.755946213042156
115.3000000000001; 0.7562875137108417
115.4000000000001; 0.7566278534374994
115.5000000000001; 0.7569672355179643
115.60000000000011; 0.7573056632359398
115.7000000000001; 0.7576431398630367
115.8000000000001; 0.7579796686588121
115.9000000000001; 0.7583152528708144
116.0000000000001; 0.7586498957346172
116.10000000000011; 0.7589836004738661
116.2000000000001; 0.7593163703003163
116.3000000000001; 0.7596482084138705
116.4000000000001; 0.759979118002623
116.5000000000001; 0.7603091022428993
116.60000000000011; 0.7606381642992937
116.7000000000001; 0.7609663073247106
116.8000000000001; 0.7612935344604068
116.9000000000001; 0.7616198488360276
117.0000000000001; 0.7619452535696503
117.10000000000011; 0.7622697517678194
117.2000000000001; 0.7625933465255921
117.3000000000001; 0.7629160409265744
117.4000000000001; 0.7632378380429604
117.5000000000001; 0.7635587409355741
117.60000000000011; 0.763878752653906
117.7000000000001; 0.7641978762361571
117.8000000000001; 0.7645161147092725
117.9000000000001; 0.7648334710889846
118.0000000000001; 0.765149948379852
118.10000000000011; 0.7654655495752967
118.2000000000001; 0.7657802776576456
118.30000000000011; 0.7660941355981672
118.4000000000001; 0.7664071263571115
118.5000000000001; 0.7667192528837503
118.60000000000011; 0.767030518116414
118.7000000000001; 0.76734092498253
118.80000000000011; 0.7676504763986627
118.9000000000001; 0.7679591752705519
119.0000000000001; 0.7682670244931517
119.10000000000011; 0.7685740269506655
119.2000000000001; 0.7688801855165903
119.30000000000011; 0.769185503053748
119.4000000000001; 0.7694899824143296
119.5000000000001; 0.7697936264399291
119.60000000000011; 0.7700964379615846
119.7000000000001; 0.7703984197998134
119.80000000000011; 0.7706995747646509
119.9000000000001; 0.7709999056556885
120.0000000000001; 0.7712994152621123
120.10000000000011; 0.7715981063627384
120.2000000000001; 0.771895981726051
120.30000000000011; 0.7721930441102416
120.4000000000001; 0.7724892962632426
120.5000000000001; 0.7727847409227699
120.60000000000011; 0.7730793808163542
120.7000000000001; 0.7733732186613808
120.80000000000011; 0.7736662571651283
120.9000000000001; 0.7739584990248009
121.00000000000011; 0.7742499469275703
121.10000000000011; 0.7745406035506067
121.2000000000001; 0.7748304715611221
121.30000000000011; 0.7751195536163993
121.4000000000001; 0.7754078523638344
121.50000000000011; 0.775695370440969
121.60000000000011; 0.7759821104755305
121.7000000000001; 0.7762680750854626
121.80000000000011; 0.7765532668789671
121.9000000000001; 0.7768376884545353
122.00000000000011; 0.777121342400986
122.10000000000011; 0.7774042312975012
122.2000000000001; 0.7776863577136606
122.30000000000011; 0.7779677242094788
122.4000000000001; 0.778248333335438
122.50000000000011; 0.7785281876325272
122.60000000000011; 0.7788072896322734
122.7000000000001; 0.7790856418567789
122.80000000000011; 0.7793632468187561
122.9000000000001; 0.7796401070215631
123.00000000000011; 0.7799162249592364
123.10000000000011; 0.7801916031165279
123.2000000000001; 0.7804662439689368
123.30000000000011; 0.7807401499827481
123.4000000000001; 0.781013323615064
123.50000000000011; 0.7812857673138378
123.60000000000011; 0.7815574835179109
123.7000000000001; 0.7818284746570449
123.80000000000011; 0.7820987431519562
123.9000000000001; 0.7823682914143487
124.00000000000011; 0.7826371218469501
124.10000000000011; 0.7829052368435441
124.2000000000001; 0.7831726387890035
124.30000000000011; 0.7834393300593252
124.4000000000001; 0.7837053130216626
124.50000000000011; 0.7839705900343586
124.60000000000011; 0.7842351634469801
124.70000000000012; 0.7844990356003504
124.80000000000011; 0.7847622088265825
124.9000000000001; 0.7850246854491101
125.00000000000011; 0.7852864677827245
125.10000000000011; 0.7855475581336032
125.20000000000012; 0.7858079587993451
125.30000000000011; 0.7860676720690011
125.4000000000001; 0.7863267002231095
125.50000000000011; 0.7865850455337235
125.60000000000011; 0.786842710264449
125.70000000000012; 0.7870996966704725
125.80000000000011; 0.7873560069985954
125.9000000000001; 0.7876116434872641
126.00000000000011; 0.7878666083666028
126.10000000000011; 0.7881209038584465
126.20000000000012; 0.7883745321763708
126.30000000000011; 0.7886274955257228
126.4000000000001; 0.7888797961036546
126.50000000000011; 0.7891314360991528
126.60000000000011; 0.7893824176930716
126.70000000000012; 0.7896327430581622
126.80000000000011; 0.7898824143591032
126.9000000000001; 0.7901314337525355
127.00000000000011; 0.7903798033870868
127.10000000000011; 0.7906275254034075
127.20000000000012; 0.7908746019341999
127.30000000000011; 0.7911210351042474
127.40000000000012; 0.7913668270304455
127.50000000000011; 0.7916119798218332
127.60000000000011; 0.7918564955796215
127.70000000000012; 0.7921003763972246
127.80000000000011; 0.7923436243602892
127.90000000000012; 0.7925862415467257
128.0000000000001; 0.7928282300267357
128.1000000000001; 0.793069591862844
128.2000000000001; 0.793310329109926
128.30000000000013; 0.793550443815239
128.40000000000012; 0.7937899380184509
128.5000000000001; 0.7940288137516692
128.6000000000001; 0.79426707303947
128.7000000000001; 0.7945047178989286
128.80000000000013; 0.7947417503396459
128.90000000000012; 0.7949781723637794
129.0000000000001; 0.7952139859660711
129.1000000000001; 0.7954491931338767
129.2000000000001; 0.7956837958471931
129.30000000000013; 0.7959177960786874
129.40000000000012; 0.796151195793727
129.5000000000001; 0.7963839969504036
129.6000000000001; 0.7966162014995664
129.7000000000001; 0.7968478113848474
129.80000000000013; 0.7970788285426884
129.90000000000012; 0.7973092549023713
130.0000000000001; 0.7975390923860444
130.1000000000001; 0.7977683429087519
130.2000000000001; 0.7979970083784579
130.30000000000013; 0.798225090696077
130.40000000000012; 0.7984525917555015
130.5000000000001; 0.7986795134436264
130.6000000000001; 0.7989058576403794
130.7000000000001; 0.7991316262187457
130.80000000000013; 0.7993568210447973
130.90000000000012; 0.7995814439777167
131.0000000000001; 0.7998054968698265
131.1000000000001; 0.8000289815666157
131.2000000000001; 0.8002518999067646
131.30000000000013; 0.8004742537221742
131.40000000000012; 0.8006960448379886
131.5000000000001; 0.8009172750726252
131.6000000000001; 0.8011379462377991
131.7000000000001; 0.8013580601385482
131.80000000000013; 0.8015776185732624
131.90000000000012; 0.8017966233337064
132.0000000000001; 0.8020150762050464
132.1000000000001; 0.802232978965877
132.2000000000001; 0.8024503333882455
132.30000000000013; 0.8026671412376782
132.40000000000012; 0.8028834042732054
132.5000000000001; 0.8030991242473876
132.6000000000001; 0.8033143029063388
132.70000000000013; 0.8035289419897547
132.80000000000013; 0.8037430432309348
132.90000000000012; 0.8039566083568095
133.0000000000001; 0.8041696390879635
133.1000000000001; 0.8043821371386617
133.20000000000013; 0.8045941042168738
133.30000000000013; 0.8048055420242984
133.40000000000012; 0.8050164522563877
133.5000000000001; 0.8052268366023717
133.6000000000001; 0.8054366967452832
133.70000000000013; 0.8056460343619821
133.80000000000013; 0.8058548511231781
133.90000000000012; 0.806063148693457
134.0000000000001; 0.8062709287313027
134.1000000000001; 0.806478192889122
134.20000000000013; 0.8066849428132693
134.30000000000013; 0.8068911801440669
134.40000000000012; 0.8070969065158341
134.5000000000001; 0.8073021235569054
134.6000000000001; 0.8075068328896575
134.70000000000013; 0.8077110361305302
134.80000000000013; 0.8079147348900519
134.90000000000012; 0.8081179307728613
135.0000000000001; 0.8083206253777306
135.1000000000001; 0.8085228202975892
135.20000000000013; 0.8087245171195464
135.30000000000013; 0.8089257174249126
135.40000000000012; 0.8091264227892255
135.5000000000001; 0.8093266347822691
135.6000000000001; 0.8095263549680984
135.70000000000013; 0.8097255849050624
135.80000000000013; 0.8099243261458232
135.90000000000012; 0.8101225802373823
136.0000000000001; 0.8103203487211009
136.1000000000001; 0.8105176331327212
136.20000000000013; 0.8107144350023903
136.30000000000013; 0.8109107558546811
136.40000000000012; 0.8111065972086139
136.5000000000001; 0.8113019605776791
136.6000000000001; 0.811496847469859
136.70000000000013; 0.8116912593876474
136.80000000000013; 0.8118851978280746
136.90000000000012; 0.8120786642827249
137.0000000000001; 0.8122716602377612
137.1000000000001; 0.8124641871739446
137.20000000000013; 0.8126562465666567
137.30000000000013; 0.8128478398859189
137.40000000000012; 0.8130389685964153
137.5000000000001; 0.8132296341575129
137.6000000000001; 0.8134198380232831
137.70000000000013; 0.8136095816425212
137.80000000000013; 0.8137988664587679
137.90000000000012; 0.8139876939103304
138.0000000000001; 0.8141760654303017
138.1000000000001; 0.8143639824465827
138.20000000000013; 0.8145514463819012
138.30000000000013; 0.8147384586538329
138.40000000000012; 0.8149250206748211
138.5000000000001; 0.815111133852198
138.60000000000014; 0.8152967995882034
138.70000000000013; 0.8154820192800046
138.80000000000013; 0.8156667943197193
138.90000000000012; 0.8158511260944302
139.0000000000001; 0.8160350159862098
139.10000000000014; 0.8162184653721369
139.20000000000013; 0.8164014756243181
139.30000000000013; 0.8165840481099059
139.40000000000012; 0.8167661841911192
139.5000000000001; 0.8169478852252617
139.60000000000014; 0.8171291525647418
139.70000000000013; 0.8173099875570923
139.80000000000013; 0.8174903915449884
139.90000000000012; 0.8176703658662678
140.0000000000001; 0.817849911853949
140.10000000000014; 0.8180290308362502
140.20000000000013; 0.8182077241366085
140.30000000000013; 0.8183859930736994
140.40000000000012; 0.8185638389614531
140.5000000000001; 0.8187412631090766
140.60000000000014; 0.8189182668210686
140.70000000000013; 0.81909485139724
140.80000000000013; 0.8192710181327333
140.90000000000012; 0.8194467683180378
141.0000000000001; 0.819622103239011
141.10000000000014; 0.8197970241768943
141.20000000000013; 0.8199715324083328
141.30000000000013; 0.8201456292053935
141.40000000000012; 0.820319315835581
141.5000000000001; 0.8204925935618587
141.60000000000014; 0.8206654636426624
141.70000000000013; 0.8208379273319226
141.80000000000013; 0.8210099858790791
141.90000000000012; 0.8211816405290999
142.0000000000001; 0.8213528925224978
142.10000000000014; 0.821523743095349
142.20000000000013; 0.8216941934793095
142.30000000000013; 0.8218642449016336
142.40000000000012; 0.8220338985851889
142.5000000000001; 0.8222031557484769
142.60000000000014; 0.8223720176056462
142.70000000000013; 0.8225404853665126
142.80000000000013; 0.8227085602365756
142.90000000000012; 0.8228762434170335
143.0000000000001; 0.8230435361048017
143.10000000000014; 0.8232104394925298
143.20000000000013; 0.8233769547686172
143.30000000000013; 0.8235430831172305
143.40000000000012; 0.8237088257183195
143.5000000000001; 0.8238741837476348
143.60000000000014; 0.8240391583767426
143.70000000000013; 0.8242037507730421
143.80000000000013; 0.8243679620997819
143.90000000000012; 0.8245317935160759
144.0000000000001; 0.8246952461769194
144.10000000000014; 0.8248583212332056
144.20000000000013; 0.8250210198317414
144.30000000000013; 0.8251833431152629
144.40000000000012; 0.8253452922224521
144.5000000000001; 0.825506868287953
144.60000000000014; 0.8256680724423855
144.70000000000013; 0.8258289058123633
144.80000000000013; 0.8259893695205086
144.90000000000012; 0.8261494646854681
145.0000000000001; 0.8263091924219274
145.10000000000014; 0.8264685538406276
145.20000000000013; 0.8266275500483804
145.30000000000013; 0.8267861821480842
145.40000000000012; 0.8269444512387369
145.50000000000014; 0.8271023584154544
145.60000000000014; 0.8272599047694833
145.70000000000013; 0.8274170913882171
145.80000000000013; 0.827573919355211
145.90000000000012; 0.8277303897501966
146.00000000000014; 0.8278865036490977
146.10000000000014; 0.8280422621240436
146.20000000000013; 0.8281976662433854
146.30000000000013; 0.8283527170717102
146.40000000000012; 0.8285074156698555
146.50000000000014; 0.828661763094924
146.60000000000014; 0.8288157604002979
146.70000000000013; 0.8289694086356544
146.80000000000013; 0.8291227088469785
146.90000000000012; 0.8292756620765789
147.00000000000014; 0.8294282693631015
147.10000000000014; 0.8295805317415431
147.20000000000013; 0.8297324502432675
147.30000000000013; 0.8298840258960176
147.40000000000012; 0.8300352597239311
147.50000000000014; 0.8301861527475528
147.60000000000014; 0.8303367059838498
147.70000000000013; 0.8304869204462261
147.80000000000013; 0.8306367971445338
147.90000000000012; 0.8307863370850905
148.00000000000014; 0.8309355412706894
148.10000000000014; 0.8310844107006156
148.20000000000013; 0.8312329463706588
148.30000000000013; 0.8313811492731267
148.40000000000012; 0.8315290203968592
148.50000000000014; 0.8316765607272405
148.60000000000014; 0.8318237712462138
148.70000000000013; 0.8319706529322947
148.80000000000013; 0.8321172067605839
148.90000000000012; 0.8322634337027798
149.00000000000014; 0.8324093347271935
149.10000000000014; 0.8325549107987603
149.20000000000013; 0.8327001628790535
149.30000000000013; 0.8328450919262979
149.40000000000012; 0.8329896988953809
149.50000000000014; 0.8331339847378679
149.60000000000014; 0.8332779504020138
149.70000000000013; 0.8334215968327753
149.80000000000013; 0.8335649249718252
149.90000000000012; 0.8337079357575641
150.00000000000014; 0.8338506301251327
150.10000000000014; 0.8339930121229838
150.20000000000013; 0.834135079593523
150.30000000000013; 0.8342768334144163
150.40000000000012; 0.8344182745049465
150.50000000000014; 0.834559403781233
150.60000000000014; 0.8347002221562462
150.70000000000013; 0.8348407305398183
150.80000000000013; 0.834980929838655
150.90000000000012; 0.8351208209563487
151.00000000000014; 0.8352604047933886
151.10000000000014; 0.8353996822471744
151.20000000000013; 0.8355386542120261
151.30000000000013; 0.8356773215791976
151.40000000000015; 0.8358156852368867
151.50000000000014; 0.8359537460702482
151.60000000000014; 0.8360915049614048
151.70000000000013; 0.8362289627894578
151.80000000000013; 0.8363661204305
151.90000000000015; 0.8365029787576272
152.00000000000014; 0.8366395386409473
152.10000000000014; 0.8367758009475945
152.20000000000013; 0.8369117665417396
152.30000000000013; 0.8370474362846003
152.40000000000015; 0.8371828110344531
152.50000000000014; 0.8373178916466452
152.60000000000014; 0.8374526789736041
152.70000000000013; 0.8375871738648508
152.80000000000013; 0.837721377167008
152.90000000000015; 0.8378552897238138
153.00000000000014; 0.8379889123761314
153.10000000000014; 0.8381222459619592
153.20000000000013; 0.8382552913164433
153.30000000000013; 0.8383880492718874
153.40000000000015; 0.8385205206577635
153.50000000000014; 0.8386527063007234
153.60000000000014; 0.8387846070246083
153.70000000000013; 0.8389162236504605
153.80000000000013; 0.8390475569965322
153.90000000000015; 0.8391786078782997
154.00000000000014; 0.8393093771084686
154.10000000000014; 0.83943986549699
154.20000000000013; 0.839570073851066
154.30000000000013; 0.8397000029751635
154.40000000000015; 0.8398296536710226
154.50000000000014; 0.8399590267376679
154.60000000000014; 0.8400881229714185
154.70000000000013; 0.8402169431658978
154.80000000000013; 0.8403454881120443
154.90000000000015; 0.8404737585981216
155.00000000000014; 0.8406017554097285
155.10000000000014; 0.8407294793298076
155.20000000000013; 0.8408569311386586
155.30000000000013; 0.8409841116139453
155.40000000000015; 0.8411110215307063
155.50000000000014; 0.8412376616613655
155.60000000000014; 0.8413640327757422
155.70000000000013; 0.8414901356410592
155.80000000000013; 0.8416159710219548
155.90000000000015; 0.8417415396804904
156.00000000000014; 0.8418668423761622
156.10000000000014; 0.8419918798659092
156.20000000000013; 0.8421166529041242
156.30000000000013; 0.8422411622426618
156.40000000000015; 0.8423654086308499
156.50000000000014; 0.8424893928154972
156.60000000000014; 0.8426131155409047
156.70000000000013; 0.8427365775488731
156.80000000000013; 0.8428597795787134
156.90000000000015; 0.8429827223672564
157.00000000000014; 0.8431054066488611
157.10000000000014; 0.843227833155425
157.20000000000013; 0.8433500026163929
157.30000000000013; 0.843471915758765
157.40000000000015; 0.8435935733071085
157.50000000000014; 0.8437149759835649
157.60000000000014; 0.8438361245078589
157.70000000000013; 0.8439570195973086
157.80000000000013; 0.8440776619668346
157.90000000000015; 0.8441980523289674
158.00000000000014; 0.8443181913938582
158.10000000000014; 0.8444380798692864
158.20000000000013; 0.844557718460669
158.30000000000015; 0.8446771078710701
158.40000000000015; 0.8447962488012091
158.50000000000014; 0.8449151419494683
158.60000000000014; 0.8450337880119043
158.70000000000013; 0.8451521876822544
158.80000000000015; 0.845270341651946
158.90000000000015; 0.8453882506101063
159.00000000000014; 0.8455059152435683
159.10000000000014; 0.8456233362368822
159.20000000000013; 0.8457405142723226
159.30000000000015; 0.8458574500298967
159.40000000000015; 0.8459741441873528
159.50000000000014; 0.8460905974201902
159.60000000000014; 0.846206810401666
159.70000000000013; 0.8463227838028028
159.80000000000015; 0.8464385182923998
159.90000000000015; 0.8465540145370387
160.00000000000014; 0.8466692732010929
