energy (keV); transmission
1.0; 0.0
1.1; 0.0
1.2000000000000002; 0.0
1.3000000000000003; 0.0
1.4000000000000004; 0.0
1.5000000000000004; 0.0
1.6000000000000005; 0.0
1.7000000000000006; 0.0
1.8000000000000007; 0.0
1.9000000000000008; 0.0
2.000000000000001; 0.0
2.100000000000001; 0.0
2.200000000000001; 0.0
2.300000000000001; 0.0
2.4000000000000012; 0.0
2.5000000000000013; 0.0
2.6000000000000014; 0.0
2.7000000000000015; 0.0
2.8000000000000016; 0.0
2.9000000000000017; 0.0
3.0000000000000018; 0.0
3.100000000000002; 0.0
3.200000000000002; 0.0
3.300000000000002; 1.135318010334624e-300
3.400000000000002; 8.34129923444591e-278
3.500000000000002; 2.8077257517872228e-257
3.6000000000000023; 8.569924646554705e-239
3.7000000000000024; 4.2379852506340865e-222
3.8000000000000025; 5.5738644887274765e-207
3.9000000000000026; 2.9825061339505606e-193
4.000000000000003; 9.362942214887472e-181
4.100000000000003; 3.56062187305733e-169
4.200000000000003; 1.3504865984259712e-158
4.3000000000000025; 6.543350565021103e-149
4.400000000000003; 5.026550770275199e-140
4.5000000000000036; 7.396621607984043e-132
4.600000000000003; 2.4615867951555433e-124
4.700000000000003; 2.144544009721831e-117
4.800000000000003; 5.565303905873825e-111
4.900000000000004; 4.823346262309063e-105
5.0000000000000036; 2.220459369194879e-102
5.100000000000003; 3.7663597828020565e-97
5.200000000000004; 2.9377803872248195e-92
5.300000000000004; 1.1130894962376565e-87
5.400000000000004; 2.1523624352045984e-83
5.5000000000000036; 2.2226400635712327e-79
5.600000000000004; 1.2784422323402473e-75
5.700000000000005; 4.26047085559028e-72
5.800000000000004; 8.535870201283219e-69
5.900000000000004; 1.0644205093716327e-65
6.000000000000004; 2.770978711052859e-108
6.100000000000005; 8.685915301272519e-106
6.200000000000005; 5.059949324012332e-103
6.300000000000004; 4.886358283345986e-100
6.400000000000005; 6.942417146435137e-97
6.500000000000005; 1.290358423608786e-93
6.600000000000005; 2.769707574872187e-90
6.700000000000005; 6.391704040525293e-87
6.800000000000005; 1.4310187775832428e-83
6.900000000000006; 2.883617804625807e-80
7.000000000000005; 4.915451208241271e-77
7.100000000000005; 6.744788086391345e-74
7.2000000000000055; 1.9721201650345652e-104
7.300000000000006; 1.9135182701852156e-100
7.400000000000006; 1.2313684354751764e-96
7.500000000000005; 5.2350812800071965e-93
7.600000000000006; 1.472452726286324e-89
7.700000000000006; 2.7551906019610763e-86
7.800000000000006; 3.459779550346245e-83
7.900000000000006; 2.9480841413618934e-80
8.000000000000007; 1.7263583482478668e-77
8.100000000000007; 7.174606601688597e-75
8.200000000000006; 2.1402291203512346e-72
8.300000000000006; 4.712430920029412e-70
8.400000000000006; 1.6252042810222509e-146
8.500000000000007; 3.530015290599163e-142
8.600000000000007; 4.9569089017429035e-138
8.700000000000006; 4.633362202413826e-134
8.800000000000008; 2.9606481924867285e-130
8.900000000000007; 1.3250516486088173e-126
9.000000000000007; 4.247073022872267e-123
9.100000000000007; 9.949766168630434e-120
9.200000000000006; 1.7359593552931736e-116
9.300000000000008; 2.2948839874433403e-113
9.400000000000007; 2.33552119520665e-110
9.500000000000007; 1.856896702527904e-107
9.600000000000009; 1.1691540025034188e-104
9.700000000000008; 5.9033459863606715e-102
9.800000000000008; 2.418418054130163e-99
9.900000000000007; 8.12588981460664e-97
10.000000000000007; 2.2619498792654688e-94
10.100000000000009; 5.280469189399012e-92
10.200000000000008; 1.0373222726330147e-89
10.300000000000008; 1.725442440483111e-87
10.40000000000001; 2.4446892663097513e-85
10.500000000000009; 2.9673919365280934e-83
10.600000000000009; 3.1027761157340195e-81
10.700000000000008; 2.809666063942192e-79
10.800000000000008; 2.214644025902594e-77
10.90000000000001; 1.526966446212219e-75
11.000000000000009; 9.252971782950192e-74
11.100000000000009; 4.950289783796834e-72
11.20000000000001; 2.3484093048027768e-70
11.30000000000001; 9.920521880424503e-69
11.40000000000001; 3.74685635260254e-67
11.500000000000009; 1.2701610960164998e-65
11.600000000000009; 3.879118836422052e-64
11.70000000000001; 1.0711530263224996e-62
11.80000000000001; 2.683592418455741e-61
11.90000000000001; 6.12031517931596e-60
12.00000000000001; 1.2747182538170414e-58
12.10000000000001; 2.4320716450483145e-57
12.20000000000001; 4.263325274528752e-56
12.30000000000001; 6.886053077886132e-55
12.40000000000001; 1.0276269118661547e-53
12.50000000000001; 1.4206680119114123e-52
12.60000000000001; 1.8240963226043825e-51
12.70000000000001; 2.1805490042525297e-50
12.800000000000011; 2.4326086596491055e-49
12.900000000000011; 2.5383671229994875e-48
13.00000000000001; 2.4829242142839145e-47
13.10000000000001; 2.281473434344461e-46
13.20000000000001; 1.973298455217014e-45
13.300000000000011; 1.6097030300497782e-44
13.400000000000011; 1.240776611319772e-43
13.50000000000001; 9.053692495132887e-43
13.600000000000012; 6.264739809032522e-42
13.700000000000012; 4.117739511035428e-41
13.800000000000011; 2.575136233010208e-40
13.900000000000011; 1.5346476121014024e-39
14.00000000000001; 8.728537446842736e-39
14.100000000000012; 4.744958889486048e-38
14.200000000000012; 2.4688396786925888e-37
14.300000000000011; 1.231154172831721e-36
14.400000000000013; 5.891962442696239e-36
14.500000000000012; 2.709469927617162e-35
14.600000000000012; 1.1987128840538934e-34
14.700000000000012; 5.108149914766762e-34
14.800000000000011; 2.099051495280144e-33
14.900000000000013; 8.326640747584281e-33
15.000000000000012; 3.192005808711824e-32
15.100000000000012; 1.1845028818128225e-31
15.200000000000014; 4.256403930328274e-31
15.300000000000013; 1.4825931067949765e-30
15.400000000000013; 5.010661790697467e-30
15.500000000000012; 1.6446279557960967e-29
15.600000000000012; 5.247227269479637e-29
15.700000000000014; 1.6287604932232322e-28
15.800000000000013; 4.922789249598433e-28
15.900000000000013; 1.4499067261962019e-27
16.000000000000014; 4.164655024333573e-27
16.100000000000016; 1.1674848413830805e-26
16.200000000000014; 3.1964514046594364e-26
16.30000000000001; 8.553222655782282e-26
16.400000000000013; 2.238338199994705e-25
16.500000000000014; 5.73238107165573e-25
16.600000000000016; 1.4375637990070797e-24
16.700000000000014; 3.532334311032666e-24
16.800000000000015; 8.50922270350027e-24
16.900000000000013; 2.010729003522033e-23
17.000000000000014; 4.663227222217958e-23
17.100000000000016; 1.0619763177512616e-22
17.200000000000014; 2.376054945636597e-22
17.300000000000015; 5.225433650188246e-22
17.400000000000013; 1.1300981454570153e-21
17.500000000000014; 2.404556161978671e-21
17.600000000000016; 5.035807054717198e-21
17.700000000000014; 1.0384912131836948e-20
17.800000000000015; 2.1096690577468053e-20
17.900000000000016; 4.223533966965301e-20
18.000000000000014; 8.335940857369804e-20
18.100000000000016; 1.622600873347898e-19
18.200000000000017; 3.116043816349537e-19
18.300000000000015; 5.905838181847625e-19
18.400000000000016; 1.105076299487841e-18
18.500000000000014; 2.042103384919685e-18
18.600000000000016; 3.72799659691057e-18
18.700000000000017; 6.7254126082849594e-18
18.800000000000015; 1.1993259307080805e-17
18.900000000000016; 2.1147334824740755e-17
19.000000000000014; 3.7907258113659615e-19
19.100000000000016; 6.934854816768454e-19
19.200000000000017; 1.2541713791367247e-18
19.300000000000015; 2.2428827552219254e-18
19.400000000000016; 3.9674195795698795e-18
19.500000000000018; 6.943516227992089e-18
19.600000000000016; 1.2026375419487093e-17
19.700000000000017; 2.0619812947636455e-17
19.80000000000002; 3.500552758810911e-17
19.900000000000016; 5.88565058781314e-17
20.000000000000018; 9.803002351194353e-17
20.100000000000016; 1.3018215967547109e-17
20.200000000000017; 2.1962612913840417e-17
20.30000000000002; 3.670845757565398e-17
20.400000000000016; 6.079771406622524e-17
20.500000000000018; 9.980088475529743e-17
20.600000000000016; 1.6240235580920593e-16
20.700000000000017; 2.620255303697158e-16
20.80000000000002; 4.1924574159109935e-16
20.900000000000016; 6.653433478486154e-16
21.000000000000018; 1.0474936813545952e-15
21.10000000000002; 1.6362882430660124e-15
21.200000000000017; 2.5365503558709893e-15
21.30000000000002; 3.902771116408513e-15
21.40000000000002; 5.9609769178625465e-15
21.500000000000018; 9.039484767791118e-15
21.60000000000002; 1.361185222140208e-14
21.700000000000017; 2.0356442482693324e-14
21.80000000000002; 3.023847319832707e-14
21.90000000000002; 4.462228695431764e-14
22.000000000000018; 6.542397879321035e-14
22.10000000000002; 9.531756973737072e-14
22.200000000000017; 1.3801177960001742e-13
22.30000000000002; 1.9861931109363796e-13
22.40000000000002; 2.8414662781138493e-13
22.500000000000018; 4.0413974637516994e-13
22.60000000000002; 5.715308656041367e-13
22.70000000000002; 8.037420675939078e-13
22.80000000000002; 1.124116243271463e-12
22.90000000000002; 1.563762270472308e-12
23.00000000000002; 2.1639218183055713e-12
23.10000000000002; 2.978989544141237e-12
23.20000000000002; 4.080347533135322e-12
23.30000000000002; 5.5612093192432405e-12
23.40000000000002; 7.5427095077726e-12
23.50000000000002; 1.0181522752205683e-11
23.60000000000002; 1.3679351554514886e-11
23.70000000000002; 1.8294687061440672e-11
23.80000000000002; 2.435732178973072e-11
23.90000000000002; 3.228617916413905e-11
24.00000000000002; 4.2611123081530324e-11
24.10000000000002; 5.599952265786729e-11
24.20000000000002; 7.32884741433515e-11
24.300000000000022; 9.552372499759623e-11
24.40000000000002; 1.2400650560333128e-10
24.50000000000002; 1.603496533541635e-10
24.600000000000023; 2.065446131426007e-10
24.70000000000002; 2.65041118810181e-10
24.800000000000022; 3.388416030414941e-10
24.90000000000002; 4.3161264953014103e-10
25.00000000000002; 5.478160919346122e-10
25.100000000000023; 6.928626799454888e-10
25.20000000000002; 8.732915742958343e-10
25.300000000000022; 1.0969793001497607e-09
25.40000000000002; 1.3733821821641434e-09
25.50000000000002; 1.713816704528732e-09
25.600000000000023; 2.131782685083232e-09
25.70000000000002; 2.6433346234888163e-09
25.800000000000022; 3.267507078402133e-09
25.900000000000023; 4.0268004462948665e-09
26.00000000000002; 4.947734053285271e-09
26.100000000000023; 6.061474029004546e-09
26.200000000000024; 7.404544005674921e-09
26.300000000000022; 9.019627273358552e-09
26.400000000000023; 1.0956469620543092e-08
26.50000000000002; 1.327289269431476e-08
26.600000000000023; 1.6035928322252833e-08
26.700000000000024; 1.9323084844743653e-08
26.800000000000022; 2.322375710684858e-08
26.900000000000023; 2.7840792348397043e-08
27.00000000000002; 3.329222480429471e-08
27.100000000000023; 3.971319237882917e-08
27.200000000000024; 4.725804928233855e-08
27.300000000000022; 5.610268901015538e-08
27.400000000000023; 6.644709249665114e-08
27.500000000000025; 7.851811668508645e-08
27.600000000000023; 9.257253911154103e-08
27.700000000000024; 1.0890037440193744e-07
27.800000000000026; 1.2782847881984005e-07
27.900000000000023; 1.4972445917371205e-07
28.000000000000025; 1.750009024895573e-07
28.100000000000023; 2.0411994287477243e-07
28.200000000000024; 2.3759818193520776e-07
28.300000000000026; 2.7601197895675063e-07
28.400000000000023; 3.2000312682096076e-07
28.500000000000025; 3.702849292874482e-07
28.600000000000023; 4.2764869484244613e-07
28.700000000000024; 4.929706617786482e-07
28.800000000000026; 5.672193685370579e-07
28.900000000000023; 6.514634826042985e-07
29.000000000000025; 7.468801004180734e-07
29.100000000000026; 8.547635297912179e-07
29.200000000000024; 9.765345653205825e-07
29.300000000000026; 1.1137502661036845e-06
29.400000000000027; 1.2681142438420228e-06
29.500000000000025; 1.4414874680787986e-06
29.600000000000026; 1.6358995938863147e-06
29.700000000000024; 1.8535608158123073e-06
29.800000000000026; 2.0968742502942535e-06
29.900000000000027; 2.3684488470867746e-06
30.000000000000025; 2.671112828506325e-06
30.100000000000026; 3.008068323726556e-06
30.200000000000024; 3.3825178046738435e-06
30.300000000000026; 3.7980362498466945e-06
30.400000000000027; 4.2584792669670735e-06
30.500000000000025; 4.767997326631622e-06
30.600000000000026; 5.331052300944563e-06
30.700000000000028; 5.95243447319772e-06
30.800000000000026; 6.637280002115186e-06
30.900000000000027; 7.39108882217049e-06
31.00000000000003; 8.21974295949366e-06
31.100000000000026; 9.12952524089933e-06
31.200000000000028; 1.0127138371645539e-05
31.300000000000026; 1.121972435561529e-05
31.400000000000027; 1.2414884229774978e-05
31.50000000000003; 1.372069808296763e-05
31.600000000000026; 1.51457453273756e-05
31.700000000000028; 1.669912518934219e-05
31.800000000000026; 1.839047738468069e-05
31.900000000000027; 2.023000294210167e-05
32.00000000000003; 2.222848513704901e-05
32.10000000000002; 2.4397310496932626e-05
32.20000000000003; 2.6748489837583505e-05
32.300000000000026; 2.9294679289728377e-05
32.40000000000003; 3.20492012733227e-05
32.50000000000003; 3.502606537680741e-05
32.60000000000003; 3.82399890976286e-05
32.70000000000003; 4.1706418399866955e-05
32.800000000000026; 4.5441548044372424e-05
32.90000000000003; 4.946234164651192e-05
33.00000000000003; 5.3786551416525196e-05
33.10000000000003; 5.843273753743696e-05
33.20000000000003; 6.3420287135629e-05
33.300000000000026; 6.876943279940179e-05
33.40000000000003; 7.450127060130648e-05
33.50000000000003; 8.063777758046008e-05
33.60000000000003; 8.720182864185368e-05
33.70000000000003; 9.42172128302547e-05
33.800000000000026; 0.00010170864893742185
33.90000000000003; 0.00010970180040218538
34.00000000000003; 0.00011822328946426448
34.10000000000003; 0.000127300710533722
34.20000000000003; 0.00013696264273957757
34.30000000000003; 0.00014723866162234315
34.40000000000003; 0.0001581593499368661
34.50000000000003; 0.00016975630753357054
34.60000000000003; 0.00018206216028775592
34.70000000000003; 0.00019511056804863902
34.80000000000003; 0.0002089362315813501
34.90000000000003; 0.00022357489847748028
35.00000000000003; 0.00023906336801126092
35.10000000000003; 0.00025543949492088205
35.20000000000003; 0.00027274219209639204
35.30000000000003; 0.00029101143215756644
35.400000000000034; 0.00031028824790769874
35.50000000000003; 0.0003306147316508195
35.60000000000003; 0.0003520340333627134
35.70000000000003; 0.00037459035770764205
35.80000000000003; 0.000398328959895307
35.900000000000034; 0.00042329614037465914
36.00000000000003; 0.00044953923836308594
36.10000000000003; 0.00047710662421213194
36.20000000000003; 0.000506047690612528
36.30000000000003; 0.0005364128426437772
36.400000000000034; 0.0005682534866754349
36.50000000000003; 0.0006016220181293132
36.60000000000003; 0.0006365718081137407
36.70000000000003; 0.0006731571889431474
36.80000000000003; 0.0007114334385578392
36.900000000000034; 0.0007514567638607662
37.00000000000003; 0.0007932842829902473
37.10000000000003; 0.000836974006548434
37.20000000000003; 0.0008825848178079512
37.30000000000003; 0.0009301764519199564
37.400000000000034; 0.0009798094741488175
37.500000000000036; 0.0010315452571594641
37.60000000000003; 0.0010854459573860485
37.70000000000003; 0.0011415744905099133
37.80000000000003; 0.0011999945060780697
37.900000000000034; 0.001260770361292861
38.000000000000036; 0.0013239670940056877
38.10000000000003; 0.0013896503949479898
38.20000000000003; 0.0014578865792335704
38.30000000000003; 0.0015287425571676703
38.400000000000034; 0.0016022858043978569
38.500000000000036; 0.0016785843314440073
38.60000000000004; 0.0017577066526431497
38.70000000000003; 0.0018397217545479017
38.80000000000003; 0.0019246990638146799
38.900000000000034; 0.0020127084146211592
39.000000000000036; 0.0021038200156503722
39.10000000000004; 0.0021981044166804278
39.20000000000003; 0.0022956324748178145
39.30000000000003; 0.0023964753204137753
39.400000000000034; 0.0025007043227011356
39.500000000000036; 0.002608391055190835
39.60000000000004; 0.0027196072608662446
39.70000000000003; 0.0028344248172124144
39.80000000000003; 0.0029529157011194546
39.900000000000034; 0.003075151953695737
40.000000000000036; 0.0032012046847240245
40.10000000000004; 0.0033310765439152124
40.20000000000003; 0.0034649055326338306
40.30000000000003; 0.003602763559685501
40.400000000000034; 0.0037447224320071707
40.500000000000036; 0.0038908538201886758
40.60000000000004; 0.004041229224147168
40.70000000000004; 0.0041959199389843965
40.80000000000003; 0.004354997021060411
40.900000000000034; 0.0045185312543108485
41.000000000000036; 0.004686593116840208
41.10000000000004; 0.0048592527478178715
41.20000000000004; 0.005036579914704303
41.30000000000003; 0.005218643980835709
41.400000000000034; 0.005405513873392171
41.500000000000036; 0.005597258051773101
41.60000000000004; 0.0057939444764075415
41.70000000000004; 0.005995640578017487
41.80000000000004; 0.006202413227360501
41.900000000000034; 0.006414328705471534
42.000000000000036; 0.006631452674422118
42.10000000000004; 0.00685385014861955
42.20000000000004; 0.00708158546666224
42.30000000000004; 0.0073147222637671445
42.400000000000034; 0.0075533234447907075
42.500000000000036; 0.007797451157850819
42.60000000000004; 0.008047166768572013
42.70000000000004; 0.008302530834962081
42.80000000000004; 0.00856360308293343
42.900000000000034; 0.008830442382483079
43.000000000000036; 0.009103106724538188
43.10000000000004; 0.009381653198479806
43.20000000000004; 0.009666137970351454
43.30000000000004; 0.00995661626176128
43.400000000000034; 0.01025314232948487
43.500000000000036; 0.010555769445772883
43.60000000000004; 0.010864549879372111
43.70000000000004; 0.011179534877260987
43.80000000000004; 0.01150077464710403
43.90000000000004; 0.011828318340428207
44.000000000000036; 0.012162214036524809
44.10000000000004; 0.01250250872707404
44.20000000000004; 0.012849248301494916
44.30000000000004; 0.013202477533022738
44.40000000000004; 0.013562240065507858
44.500000000000036; 0.013928578400937244
44.60000000000004; 0.014301533887677187
44.70000000000004; 0.014681146709432108
44.80000000000004; 0.015067455874916027
44.90000000000004; 0.015460499208234283
45.00000000000004; 0.015860313339968842
45.10000000000004; 0.016266933698963496
45.20000000000004; 0.016680394504800553
45.30000000000004; 0.017100728760966803
45.40000000000004; 0.017527968248697085
45.50000000000004; 0.01796214352149127
45.60000000000004; 0.01840328390029789
45.70000000000004; 0.018851417469352906
45.80000000000004; 0.019306571072665476
45.90000000000004; 0.019768770311147883
46.00000000000004; 0.02023803954036914
46.10000000000004; 0.020714401868935316
46.20000000000004; 0.021197879157476538
46.30000000000004; 0.02168849201823654
46.40000000000004; 0.02218625981525039
46.50000000000004; 0.022691200665102915
46.60000000000004; 0.02320333143825559
46.70000000000004; 0.023722667760930603
46.80000000000004; 0.024249224017539695
46.90000000000004; 0.024783013353648155
47.00000000000004; 0.02532404767946149
47.100000000000044; 0.0258723376738242
47.20000000000004; 0.026427892788713426
47.30000000000004; 0.026990721254225677
47.40000000000004; 0.02756083008403189
47.50000000000004; 0.028138225081298505
47.600000000000044; 0.02872291084505956
47.70000000000004; 0.029314890777022148
47.80000000000004; 0.02991416708880278
47.90000000000004; 0.0305207408095732
48.00000000000004; 0.03113461179410798
48.100000000000044; 0.03175577873121835
48.200000000000045; 0.03238423915256584
48.30000000000004; 0.033019989441836435
48.40000000000004; 0.033663024844266094
48.50000000000004; 0.034313339476504466
48.600000000000044; 0.03497092633680738
48.700000000000045; 0.03563577731554232
48.80000000000004; 0.03630788320599648
48.90000000000004; 0.03698723371547442
49.00000000000004; 0.03767381747667396
49.100000000000044; 0.0383676220593325
49.200000000000045; 0.03906863398212134
49.30000000000004; 0.039776838724790244
49.40000000000004; 0.04049222074054127
49.50000000000004; 0.041214763468618736
49.600000000000044; 0.04194444934711937
49.700000000000045; 0.04268125982598744
49.80000000000004; 0.04342517538020917
49.90000000000004; 0.04417617552317807
50.00000000000004; 0.04493423882022377
50.100000000000044; 0.04569962380250176
50.200000000000045; 0.046472034421582875
50.30000000000005; 0.04725144281450542
50.40000000000004; 0.048037823259968485
50.50000000000004; 0.04883114913916604
50.600000000000044; 0.04963139295042901
50.700000000000045; 0.05043852632397463
50.80000000000005; 0.051252520036754005
50.90000000000004; 0.05207334402738892
51.00000000000004; 0.05290096741118581
51.100000000000044; 0.05373535849521965
51.200000000000045; 0.05457648479347912
51.30000000000005; 0.05542431304206274
51.40000000000005; 0.05627880921442226
51.50000000000004; 0.05713993853663265
51.600000000000044; 0.05800766550270029
51.700000000000045; 0.05888195388988118
51.80000000000005; 0.059762766774014084
51.90000000000005; 0.060650066544859514
52.00000000000004; 0.06154381492142816
52.100000000000044; 0.06244397296730676
52.200000000000045; 0.0633505011059615
52.30000000000005; 0.0642633591360166
52.40000000000005; 0.06518250624650411
52.50000000000004; 0.06610790103207635
52.600000000000044; 0.06703950150817081
52.700000000000045; 0.06797726512612683
52.80000000000005; 0.06892114878825345
52.90000000000005; 0.06987110886282487
53.00000000000004; 0.07082710119901692
53.100000000000044; 0.07178908114176963
53.200000000000045; 0.07275700354657241
53.30000000000005; 0.073730822794168
53.40000000000005; 0.07471049280516884
53.50000000000005; 0.07569596705458281
53.600000000000044; 0.07668719858624742
53.700000000000045; 0.07768414002715324
53.80000000000005; 0.07868674360167643
53.90000000000005; 0.07969496114569663
54.00000000000005; 0.080708744120605
54.100000000000044; 0.08172804362719424
54.200000000000045; 0.08275281041943855
54.30000000000005; 0.08378299491814302
54.40000000000005; 0.08481854722447171
54.50000000000005; 0.08585941713335353
54.60000000000005; 0.08690555414674586
54.700000000000045; 0.08795690748677826
54.80000000000005; 0.0890134261087529
54.90000000000005; 0.09007505871400712
55.00000000000005; 0.09114175376264337
55.10000000000005; 0.09221345948610458
55.200000000000045; 0.09329012389961767
55.30000000000005; 0.09437169481448641
55.40000000000005; 0.09545811985023066
55.50000000000005; 0.09654934644658894
55.60000000000005; 0.09764532187536178
55.700000000000045; 0.09874599325210251
55.80000000000005; 0.09985130754765888
55.90000000000005; 0.10096121159956094
56.00000000000005; 0.10207565212324614
56.10000000000005; 0.10319457572314206
56.200000000000045; 0.10431792890357389
56.30000000000005; 0.10544565807953307
56.40000000000005; 0.10657770958727168
56.50000000000005; 0.10771402969474922
56.60000000000005; 0.10885456461191206
56.70000000000005; 0.10999926050082286
56.80000000000005; 0.11114806348562029
56.90000000000005; 0.11230091966232007
57.00000000000005; 0.11345777510846627
57.10000000000005; 0.11461857589261103
57.20000000000005; 0.11578326808363597
57.30000000000005; 0.11695179775992323
57.40000000000005; 0.11812411101835504
57.50000000000005; 0.11930015398315574
57.60000000000005; 0.12047987281458915
57.70000000000005; 0.12166321371747467
57.800000000000054; 0.12285012294956422
57.90000000000005; 0.12404054682975507
58.00000000000005; 0.12523443174613838
58.10000000000005; 0.12643172416390971
58.20000000000005; 0.1276323706331029
58.300000000000054; 0.1288363177961837
58.40000000000005; 0.13004351239548723
58.50000000000005; 0.13125390128049905
58.60000000000005; 0.13246743141498035
58.70000000000005; 0.13368404988395893
58.800000000000054; 0.13490370390054493
58.90000000000005; 0.13612634081262182
59.00000000000005; 0.13735190810937048
59.10000000000005; 0.13858035342765995
59.20000000000005; 0.13981162455828353
59.300000000000054; 0.14104566945205557
59.40000000000005; 0.1422824362257597
59.50000000000005; 0.1435218731679613
59.60000000000005; 0.14476392874467425
59.70000000000005; 0.1460085516048882
59.800000000000054; 0.14725569058596114
59.900000000000055; 0.14850529471887475
60.00000000000005; 0.1497573132333435
60.10000000000005; 0.15101147084009517
60.20000000000005; 0.15226794133620314
60.300000000000054; 0.1535266752322311
60.400000000000055; 0.1547876232380853
60.50000000000005; 0.15605073628861643
60.60000000000005; 0.1573159655477178
60.70000000000005; 0.15858326241231016
60.800000000000054; 0.15985257851619694
60.900000000000055; 0.16112386573381143
61.00000000000006; 0.16239707618383442
61.10000000000005; 0.1636721622327032
61.20000000000005; 0.16494907649800347
61.300000000000054; 0.16622777185174942
61.400000000000055; 0.16750820142354542
61.50000000000006; 0.16879031860365298
61.60000000000005; 0.17007407704593086
61.70000000000005; 0.17135943067067883
61.800000000000054; 0.17264633366737464
61.900000000000055; 0.1739347404973117
62.00000000000006; 0.17522460589611716
62.10000000000005; 0.1765158848761942
62.20000000000005; 0.17780853272904545
62.300000000000054; 0.1791025050275049
62.400000000000055; 0.18039775762788157
62.50000000000006; 0.181694246671991
62.60000000000005; 0.18299192858911553
62.70000000000005; 0.184290760097854
62.800000000000054; 0.1855906982078911
62.900000000000055; 0.18689170022168136
63.00000000000006; 0.1881937237360328
63.10000000000006; 0.18949672664362177
63.20000000000005; 0.19080066713441024
63.300000000000054; 0.1921055036969865
63.400000000000055; 0.1934111951198284
63.50000000000006; 0.19471770049248066
63.60000000000006; 0.19602497920665074
63.70000000000005; 0.19733299095724308
63.800000000000054; 0.19864169574330295
63.900000000000055; 0.1999510538688889
64.00000000000006; 0.20126102594388443
64.10000000000005; 0.20257157288472227
64.20000000000006; 0.20388265591504728
64.30000000000005; 0.20519423656631527
64.40000000000006; 0.206506276678315
64.50000000000006; 0.2078187383996291
64.60000000000005; 0.20913158418803504
64.70000000000006; 0.21044477681083307
64.80000000000005; 0.211758279345121
64.90000000000006; 0.2130720551780116
65.00000000000006; 0.2143860680067693
65.10000000000005; 0.21570028183892428
65.20000000000006; 0.21701466099229366
65.30000000000005; 0.21832917009497108
65.40000000000006; 0.2196437740852588
65.50000000000006; 0.22095843821153166
65.60000000000005; 0.22227312803207064
65.70000000000006; 0.2235878094148322
65.80000000000005; 0.22490244853716754
65.90000000000006; 0.2262170118855009
66.00000000000006; 0.22753146625496032
66.10000000000005; 0.22884577874895
66.20000000000006; 0.23015991677869588
66.30000000000005; 0.23147384806273363
66.40000000000006; 0.23278754062635879
66.50000000000006; 0.23410096280103448
66.60000000000005; 0.23541408322375848
66.70000000000006; 0.23672687083639515
66.80000000000005; 0.23803929488495554
66.90000000000006; 0.23935132491886
67.00000000000006; 0.2406629307901373
67.10000000000007; 0.24197408265262293
67.20000000000006; 0.24328475096108332
67.30000000000005; 0.24459490647034346
67.40000000000006; 0.24590452023434942
67.50000000000006; 0.24721356360522684
67.60000000000007; 0.2485220082322856
67.70000000000006; 0.2498298260610075
67.80000000000005; 0.2511369893320027
67.90000000000006; 0.25244347057993716
68.00000000000006; 0.2537492426324261
68.10000000000007; 0.255054278608911
68.20000000000006; 0.2563585519195054
68.30000000000005; 0.2576620362638141
68.40000000000006; 0.2589647056297327
68.50000000000006; 0.26026653429221963
68.60000000000007; 0.26156749681204783
68.70000000000006; 0.2628675680345309
68.80000000000005; 0.26416672308823297
68.90000000000006; 0.26546493738365695
69.00000000000006; 0.2667621866119071
69.10000000000007; 0.2680584467433401
69.20000000000006; 0.2693536940261945
69.30000000000005; 0.2706479049852048
69.40000000000006; 0.2719410564201883
69.50000000000006; 0.27323312540463246
69.60000000000007; 0.2745240892842537
69.70000000000006; 0.2758139256755452
69.80000000000007; 0.2771026124643092
69.90000000000006; 0.27839012780417727
70.00000000000006; 0.27967645011511605
70.10000000000007; 0.2809615580819174
70.20000000000006; 0.2822454306526853
70.30000000000007; 0.2835280470373011
70.40000000000006; 0.2848093867058789
70.50000000000006; 0.28608942938722165
70.60000000000007; 0.28736815506725005
70.70000000000006; 0.28864554398744147
70.80000000000007; 0.2899215766432352
70.90000000000006; 0.2911962337824583
71.00000000000006; 0.29246949640371844
71.10000000000007; 0.2937413457548051
71.20000000000006; 0.2950117633310766
71.30000000000007; 0.29628073087384105
71.40000000000006; 0.2975482303687326
71.50000000000006; 0.2988142440440854
71.60000000000007; 0.3000787543692941
71.70000000000006; 0.3013417440531788
71.80000000000007; 0.3026031960423382
71.90000000000006; 0.30386309351950064
72.00000000000006; 0.30512141990187447
72.10000000000007; 0.3063781588394972
72.20000000000006; 0.30763329421356994
72.30000000000007; 0.308886810134806
72.40000000000006; 0.31013869094175783
72.50000000000006; 0.31138892119916944
72.60000000000007; 0.31263748569629246
72.70000000000006; 0.31388436944523723
72.80000000000007; 0.3151295576792939
72.90000000000006; 0.3163730358512706
73.00000000000006; 0.3176147896318251
73.10000000000007; 0.3188548049077949
73.20000000000006; 0.32009306778053653
73.30000000000007; 0.32132956456425316
73.40000000000006; 0.32256428178433494
73.50000000000007; 0.3237972061756925
73.60000000000007; 0.325028324681093
73.70000000000006; 0.32625762444950657
73.80000000000007; 0.32748509283444205
73.90000000000006; 0.3287107173922967
74.00000000000007; 0.3299344858807003
74.10000000000007; 0.33115638625686294
74.20000000000006; 0.3323764066759339
74.30000000000007; 0.33359453548935286
74.40000000000006; 0.33481076124321535
74.50000000000007; 0.3360250726766284
74.60000000000007; 0.33723745872008576
74.70000000000006; 0.3384479084938378
74.80000000000007; 0.3396564113062614
74.90000000000006; 0.34086295665224886
75.00000000000007; 0.34206753421159064
75.10000000000007; 0.3432701338473622
75.20000000000006; 0.3444707456043236
75.30000000000007; 0.3456693597073159
75.40000000000006; 0.34686596655967056
75.50000000000007; 0.348060556741619
75.60000000000007; 0.34925312100870953
75.70000000000006; 0.35044365029022884
75.80000000000007; 0.35163213568763624
75.90000000000006; 0.3528185684729877
76.00000000000007; 0.3540029400873933
76.10000000000007; 0.355185242139445
76.20000000000007; 0.3563654664036899
76.30000000000007; 0.35754360481907377
76.40000000000006; 0.35871964948742374
76.50000000000007; 0.3598935926719104
76.60000000000007; 0.36106542679553355
76.70000000000007; 0.36223514443961197
76.80000000000007; 0.3634027383422753
76.90000000000006; 0.3645682013969695
77.00000000000007; 0.36573152665096664
77.10000000000007; 0.3668927073038736
77.20000000000007; 0.3680517367061719
77.30000000000007; 0.3692086083577393
77.40000000000006; 0.37036331590638866
77.50000000000007; 0.3715158531464258
77.60000000000007; 0.37266621401719147
77.70000000000007; 0.3738143926016375
77.80000000000007; 0.37496038312488755
77.90000000000006; 0.37610417995282375
78.00000000000007; 0.37724577759066874
78.10000000000007; 0.3783851706815864
78.20000000000007; 0.37952235400527845
78.30000000000007; 0.3806573224766022
78.40000000000006; 0.38179007114418906
78.50000000000007; 0.38292059518906996
78.60000000000007; 0.3840488899233157
78.70000000000007; 0.38517495078867764
78.80000000000007; 0.3862987733552486
78.90000000000006; 0.3874203533201128
79.00000000000007; 0.3885396865060285
79.10000000000007; 0.389656768860099
79.20000000000007; 0.39077159645246246
79.30000000000007; 0.3918841654749857
79.40000000000006; 0.3929944722399732
79.50000000000007; 0.3941025131788758
79.60000000000007; 0.39520828484101134
79.70000000000007; 0.3963117838923022
79.80000000000007; 0.39741300711400573
79.90000000000008; 0.39851195140146256
80.00000000000007; 0.3996086137628626
80.10000000000007; 0.40070326768991177
80.20000000000007; 0.4017956370232552
80.30000000000007; 0.40288571482041324
80.40000000000008; 0.4039734983132271
80.50000000000007; 0.40505898484228464
80.60000000000007; 0.40614217185572604
80.70000000000007; 0.407223056908067
80.80000000000007; 0.408301637659016
80.90000000000008; 0.40937791187231126
81.00000000000007; 0.41045187741456074
81.10000000000007; 0.411523532254088
81.20000000000007; 0.412592874459798
81.30000000000007; 0.41365990220003457
81.40000000000008; 0.4147246137414588
81.50000000000007; 0.41578700744793656
81.60000000000007; 0.4168470817794196
81.70000000000007; 0.41790483529085076
81.80000000000007; 0.41896026663106983
81.90000000000008; 0.420013374541735
82.00000000000007; 0.42106415785623663
82.10000000000007; 0.42211261549863693
82.20000000000007; 0.42315874648261176
82.30000000000007; 0.4242025499103914
82.40000000000008; 0.42524402497172764
82.50000000000007; 0.42628317094285023
82.60000000000008; 0.427319987185447
82.70000000000007; 0.4283544731456415
82.80000000000007; 0.42938662835298347
82.90000000000008; 0.43041645241944565
83.00000000000007; 0.43144394503843086
83.10000000000008; 0.4324691059837896
83.20000000000007; 0.433491935108832
83.30000000000007; 0.4345124323453688
83.40000000000008; 0.4355305977027394
83.50000000000007; 0.43654643126686554
83.60000000000008; 0.4375599331993013
83.70000000000007; 0.43857110373629604
83.80000000000007; 0.4395799431878602
83.90000000000008; 0.4405864519368485
84.00000000000007; 0.4415906304380408
84.10000000000008; 0.44259247921723616
84.20000000000007; 0.4435919988703528
84.30000000000007; 0.44458919006254116
84.40000000000008; 0.4455840535272907
84.50000000000007; 0.4465765900655605
84.60000000000008; 0.44756680054491094
84.70000000000007; 0.44855468589863956
84.80000000000007; 0.4495402471249259
84.90000000000008; 0.4505234852859899
85.00000000000007; 0.4515044015072488
85.10000000000008; 0.45248299697649436
85.20000000000007; 0.4534592729430533
85.30000000000007; 0.45443323071698855
85.40000000000008; 0.45540487166827676
85.50000000000007; 0.45637419722601236
85.60000000000008; 0.4573412088776166
85.70000000000007; 0.4583059081680383
85.80000000000007; 0.459268296698985
85.90000000000008; 0.4602283761281446
86.00000000000007; 0.4611861481684214
86.10000000000008; 0.4621416145871734
86.20000000000007; 0.46309477720546516
86.30000000000008; 0.4640456378973183
86.40000000000008; 0.4649941985889782
86.50000000000007; 0.46594046125817673
86.60000000000008; 0.4668844279334125
86.70000000000007; 0.4678261006932326
86.80000000000008; 0.4687654816655215
86.90000000000008; 0.46970257302679197
87.00000000000007; 0.47063737700149716
87.10000000000008; 0.4715698958613318
87.20000000000007; 0.47250013192455304
87.30000000000008; 0.4734280875552996
87.40000000000008; 0.47435376516291994
87.50000000000007; 0.47527716720131236
87.60000000000008; 0.47619829616826326
87.70000000000007; 0.477117154604792
87.80000000000008; 0.47803374509451296
87.90000000000008; 0.47894807026299285
88.00000000000007; 0.4798601327771136
88.10000000000008; 0.48076993534445456
88.20000000000007; 0.4816774807126624
88.30000000000008; 0.4825827716688414
88.40000000000008; 0.4834858110389495
88.50000000000007; 0.4843866016871843
88.60000000000008; 0.4852851465153998
88.70000000000007; 0.4861814484625058
88.80000000000008; 0.48707551050389164
88.90000000000008; 0.48796733565083833
89.00000000000009; 0.4888569269499574
89.10000000000008; 0.48974428748261173
89.20000000000007; 0.4906294203643671
89.30000000000008; 0.4915123287444245
89.40000000000008; 0.49239301580507855
89.50000000000009; 0.49327148476117116
89.60000000000008; 0.49414773885955066
89.70000000000007; 0.49502178137854264
89.80000000000008; 0.49589361562741985
89.90000000000008; 0.49676324494587887
90.00000000000009; 0.49763067270353095
90.10000000000008; 0.4984959022993768
90.20000000000007; 0.49935893716131735
90.30000000000008; 0.5002197807456374
90.40000000000008; 0.501078436536522
90.50000000000009; 0.5019349080455604
90.60000000000008; 0.5027891988112624
90.70000000000007; 0.5036413123985782
90.80000000000008; 0.5044912523984242
90.90000000000008; 0.5053390224272102
91.00000000000009; 0.5061846261263824
91.10000000000008; 0.5070280671619524
91.20000000000007; 0.5078693492240526
91.30000000000008; 0.5087084760264811
91.40000000000008; 0.5095454513062545
91.50000000000009; 0.510380278823173
91.60000000000008; 0.5112129623593825
91.70000000000007; 0.512043505718942
91.80000000000008; 0.5128719127274
91.90000000000008; 0.5136981872313691
92.00000000000009; 0.514522333098116
92.10000000000008; 0.515344354215141
92.20000000000007; 0.5161642544897777
92.30000000000008; 0.5169820378487829
92.40000000000008; 0.5177977082379435
92.50000000000009; 0.5186112696216788
92.60000000000008; 0.5194227259826512
92.70000000000009; 0.5202320813213799
92.80000000000008; 0.5210393396558604
92.90000000000008; 0.521844505021187
93.00000000000009; 0.5226475814691796
93.10000000000008; 0.5234485730680176
93.20000000000009; 0.5242474839018708
93.30000000000008; 0.5250443180705406
93.40000000000008; 0.5258390796891066
93.50000000000009; 0.5266317728875708
93.60000000000008; 0.5274224018105104
93.70000000000009; 0.5282109706167333
93.80000000000008; 0.5289974834789407
93.90000000000008; 0.5297819445833835
94.00000000000009; 0.5305643581295386
94.10000000000008; 0.5313447283297731
94.20000000000009; 0.5321230594090245
94.30000000000008; 0.5328993556044738
94.40000000000008; 0.5336736211652329
94.50000000000009; 0.5344458603520328
94.60000000000008; 0.5352160774369028
94.70000000000009; 0.5359842767028802
94.80000000000008; 0.5367504624436905
94.90000000000008; 0.5375146389634624
95.00000000000009; 0.5382768105764215
95.10000000000008; 0.5390369816066072
95.20000000000009; 0.5397951563875739
95.30000000000008; 0.5405513392621177
95.40000000000009; 0.5413055345819825
95.50000000000009; 0.5420577467075881
95.60000000000008; 0.5428079800077559
95.70000000000009; 0.5435562388594333
95.80000000000008; 0.5443025276474278
95.90000000000009; 0.5450468507641409
96.00000000000009; 0.5457892126093031
96.10000000000008; 0.54652961758972
96.20000000000009; 0.5472680701190155
96.30000000000008; 0.5480045746173746
96.40000000000009; 0.548739135511298
96.50000000000009; 0.5494717572333577
96.60000000000008; 0.550202444221945
96.70000000000009; 0.5509312009210416
96.80000000000008; 0.5516580317799729
96.90000000000009; 0.5523829412531762
97.00000000000009; 0.5531059337999725
97.10000000000008; 0.5538270138843319
97.20000000000009; 0.5545461859746541
97.30000000000008; 0.5552634545435394
97.40000000000009; 0.5559788240675748
97.50000000000009; 0.5566922990271111
97.60000000000008; 0.557403883906049
97.70000000000009; 0.5581135831916335
97.80000000000008; 0.5588214013742353
97.90000000000009; 0.559527342947151
98.00000000000009; 0.5602314124063974
98.10000000000008; 0.5609336142505104
98.20000000000009; 0.5616339529803446
98.30000000000008; 0.5623324330988785
98.40000000000009; 0.5630290591110246
98.50000000000009; 0.5637238355234306
98.60000000000008; 0.5644167668442984
98.70000000000009; 0.5651078575831947
98.80000000000008; 0.5657971122508668
98.90000000000009; 0.5664845353590616
99.00000000000009; 0.567170131420349
99.1000000000001; 0.5678539049479455
99.20000000000009; 0.5685358604555355
99.30000000000008; 0.5692160024571077
99.40000000000009; 0.5698943354667746
99.50000000000009; 0.5705708639986165
99.6000000000001; 0.5712455925665098
99.70000000000009; 0.5719185256839683
99.80000000000008; 0.5725896678639797
99.90000000000009; 0.5732590236188468
100.00000000000009; 0.5739265927721744
100.1000000000001; 0.574592205539857
100.20000000000009; 0.575256046247355
100.30000000000008; 0.5759181194166939
100.40000000000009; 0.5765784295683255
100.50000000000009; 0.5772369812209813
100.6000000000001; 0.5778937788915266
100.70000000000009; 0.578548827094825
100.80000000000008; 0.5792021303435994
100.90000000000009; 0.5798536931482895
101.00000000000009; 0.5805035200169275
101.1000000000001; 0.5811516154549944
101.20000000000009; 0.5817979839652954
101.30000000000008; 0.5824426300478319
101.40000000000009; 0.5830855581996698
101.50000000000009; 0.583726772914818
101.6000000000001; 0.5843662786841043
101.70000000000009; 0.5850040799950527
101.8000000000001; 0.5856401813317623
101.90000000000009; 0.5862745871747959
102.00000000000009; 0.5869073020010526
102.1000000000001; 0.5875383302836659
102.20000000000009; 0.5881676764918804
102.3000000000001; 0.5887953450909461
102.40000000000009; 0.5894213405420072
102.50000000000009; 0.5900456673019946
102.6000000000001; 0.5906683298235188
102.70000000000009; 0.5912893325547693
102.8000000000001; 0.5919086799394057
102.90000000000009; 0.5925263764164576
103.00000000000009; 0.5931424264202317
103.1000000000001; 0.5937568343802022
103.20000000000009; 0.5943696047209233
103.3000000000001; 0.5949807418619295
103.40000000000009; 0.5955902502176433
103.50000000000009; 0.5961981341972814
103.6000000000001; 0.5968043982047673
103.70000000000009; 0.5974090466386383
103.8000000000001; 0.5980120838919586
103.90000000000009; 0.5986135143522334
104.00000000000009; 0.5992133424013244
104.1000000000001; 0.5998115724153639
104.20000000000009; 0.6004082087646765
104.3000000000001; 0.6010032558136924
104.40000000000009; 0.6015967179208718
104.50000000000009; 0.6021885994386289
104.6000000000001; 0.6027789047132456
104.70000000000009; 0.6033676380848085
104.8000000000001; 0.6039548038871213
104.90000000000009; 0.6045404064476444
105.00000000000009; 0.6051244500874113
105.1000000000001; 0.6057069391209688
105.20000000000009; 0.6062878778562972
105.3000000000001; 0.6068672705947495
105.40000000000009; 0.6074451216309827
105.5000000000001; 0.6080214352528903
105.6000000000001; 0.6085962157415383
105.70000000000009; 0.6091694673711029
105.8000000000001; 0.6097411944088046
105.90000000000009; 0.6103114011148539
106.0000000000001; 0.6108800917423819
106.1000000000001; 0.6114472705373902
106.20000000000009; 0.6120129417386875
106.3000000000001; 0.612577109577833
106.40000000000009; 0.6131397782790837
106.5000000000001; 0.6137009520593374
106.6000000000001; 0.6142606351280772
106.70000000000009; 0.614818831687324
106.8000000000001; 0.6153755459315817
106.90000000000009; 0.6159307820477836
107.0000000000001; 0.6164845442152503
107.1000000000001; 0.6170368366056344
107.20000000000009; 0.6175876633828753
107.3000000000001; 0.6181370287031509
107.40000000000009; 0.6186849367148374
107.5000000000001; 0.6192313915584543
107.6000000000001; 0.6197763973666335
107.70000000000009; 0.6203199582640622
107.8000000000001; 0.6208620783674537
107.90000000000009; 0.6214027617854964
108.0000000000001; 0.6219420126188213
108.1000000000001; 0.6224798349599535
108.2000000000001; 0.6230162328932841
108.3000000000001; 0.6235512104950245
108.40000000000009; 0.6240847718331722
108.5000000000001; 0.6246169209674766
108.6000000000001; 0.6251476619494004
108.7000000000001; 0.6256769988220863
108.8000000000001; 0.6262049356203253
108.90000000000009; 0.626731476370523
109.0000000000001; 0.6272566250906639
109.1000000000001; 0.6277803857902852
109.2000000000001; 0.628302762470446
109.3000000000001; 0.6288237591236921
109.40000000000009; 0.629343379734033
109.5000000000001; 0.6298616282769107
109.6000000000001; 0.6303785087191736
109.7000000000001; 0.6308940250190483
109.8000000000001; 0.6314081811261142
109.90000000000009; 0.6319209809812769
110.0000000000001; 0.6324324285167464
110.1000000000001; 0.6329425276560093
110.2000000000001; 0.6334512823138079
110.3000000000001; 0.633958696396118
110.40000000000009; 0.6344647738001231
110.5000000000001; 0.6349695184141992
110.6000000000001; 0.6354729341178884
110.7000000000001; 0.6359750247818797
110.8000000000001; 0.6364757942679926
110.90000000000009; 0.6369752464291558
111.0000000000001; 0.6374733851093882
111.1000000000001; 0.6379702141437849
111.2000000000001; 0.6384657373584957
111.3000000000001; 0.6389599585707108
111.40000000000009; 0.6394528815886448
111.5000000000001; 0.6399445102115217
111.6000000000001; 0.6404348482295577
111.7000000000001; 0.6409238994239523
111.8000000000001; 0.6414116675668688
111.9000000000001; 0.6418981564214234
112.0000000000001; 0.6423833697416739
112.1000000000001; 0.6428673112726073
112.2000000000001; 0.6433499847501248
112.3000000000001; 0.6438313939010365
112.4000000000001; 0.6443115424430454
112.5000000000001; 0.6447904340847425
112.6000000000001; 0.6452680725255924
112.7000000000001; 0.6457444614559273
112.8000000000001; 0.6462196045569379
112.9000000000001; 0.6466935055006651
113.0000000000001; 0.6471661679499924
113.1000000000001; 0.6476375955586368
113.2000000000001; 0.6481077919711488
113.3000000000001; 0.648576760822897
113.4000000000001; 0.6490445057400682
113.5000000000001; 0.6495110303396618
113.6000000000001; 0.6499763382294814
113.7000000000001; 0.6504404330081354
113.8000000000001; 0.6509033182650277
113.9000000000001; 0.6513649975803568
114.0000000000001; 0.6518254745251149
114.1000000000001; 0.6522847526610791
114.2000000000001; 0.652742835540814
114.3000000000001; 0.6531997267076671
114.4000000000001; 0.6536554296957693
114.5000000000001; 0.6541099480300318
114.60000000000011; 0.6545632852261452
114.7000000000001; 0.6550154447905789
114.8000000000001; 0.6554664302205832
114.9000000000001; 0.6559162450041875
115.0000000000001; 0.6563648926202008
115.10000000000011; 0.6568123765382127
115.2000000000001; 0.657258700218595
115.3000000000001; 0.6577038671125035
115.4000000000001; 0.6581478806618808
115.5000000000001; 0.6585907442994554
115.60000000000011; 0.6590324614487482
115.7000000000001; 0.6594730355240731
115.8000000000001; 0.6599124699305393
115.9000000000001; 0.6603507680640601
116.0000000000001; 0.6607879333113476
116.10000000000011; 0.6612239690499263
116.2000000000001; 0.6616588786481332
116.3000000000001; 0.6620926654651204
116.4000000000001; 0.6625253328508637
116.5000000000001; 0.6629568841461689
116.60000000000011; 0.6633873226826731
116.7000000000001; 0.6638166517828521
116.8000000000001; 0.66424487476003
116.9000000000001; 0.6646719949183809
117.0000000000001; 0.6650980155529397
117.10000000000011; 0.6655229399496032
117.2000000000001; 0.665946771385145
117.3000000000001; 0.6663695131272185
117.4000000000001; 0.6667911684343636
117.5000000000001; 0.6672117405560181
117.60000000000011; 0.6676312327325219
117.7000000000001; 0.6680496481951312
117.8000000000001; 0.6684669901660211
117.9000000000001; 0.6688832618582972
118.0000000000001; 0.6692984664760062
118.10000000000011; 0.6697126072141427
118.2000000000001; 0.670125687258661
118.30000000000011; 0.6705377097864823
118.4000000000001; 0.6709486779655063
118.5000000000001; 0.6713585949546235
118.60000000000011; 0.671767463903722
118.7000000000001; 0.6721752879536995
118.80000000000011; 0.6725820702364741
118.9000000000001; 0.6729878138749967
119.0000000000001; 0.6733925219832617
119.10000000000011; 0.6737961976663149
119.2000000000001; 0.6741988440202725
119.30000000000011; 0.6746004641323234
119.4000000000001; 0.6750010610807509
119.5000000000001; 0.6754006379349367
119.60000000000011; 0.67579919775538
119.7000000000001; 0.676196743593705
119.80000000000011; 0.676593278492675
119.9000000000001; 0.676988805486206
120.0000000000001; 0.6773833275993808
120.10000000000011; 0.6777768478484594
120.2000000000001; 0.678169369240893
120.30000000000011; 0.6785608947753404
120.4000000000001; 0.6789514274416762
120.5000000000001; 0.6793409702210119
120.60000000000011; 0.6797295260857021
120.7000000000001; 0.680117097999363
120.80000000000011; 0.6805036889168884
120.9000000000001; 0.6808893017844573
121.00000000000011; 0.681273939539557
121.10000000000011; 0.6816576051109885
121.2000000000001; 0.6820403014188916
121.30000000000011; 0.6824220313747494
121.4000000000001; 0.6828027978814111
121.50000000000011; 0.683182603833102
121.60000000000011; 0.6835614521154444
121.7000000000001; 0.6839393456054659
121.80000000000011; 0.6843162871716216
121.9000000000001; 0.6846922796738045
122.00000000000011; 0.6850673259633644
122.10000000000011; 0.6854414288831231
122.2000000000001; 0.6858145912673889
122.30000000000011; 0.6861868159419757
122.4000000000001; 0.6865581057242147
122.50000000000011; 0.6869284634229764
122.60000000000011; 0.6872978918386812
122.7000000000001; 0.6876663937633187
122.80000000000011; 0.6880339719804651
122.9000000000001; 0.6884006292652988
123.00000000000011; 0.6887663683846161
123.10000000000011; 0.6891311920968501
123.2000000000001; 0.6894951031520844
123.30000000000011; 0.6898581042920747
123.4000000000001; 0.6902201982502635
123.50000000000011; 0.6905813877517942
123.60000000000011; 0.6909416755135344
123.7000000000001; 0.6913010642440893
123.80000000000011; 0.6916595566438203
123.9000000000001; 0.6920171554048603
124.00000000000011; 0.6923738632111351
124.10000000000011; 0.6927296827383789
124.2000000000001; 0.6930846166541509
124.30000000000011; 0.6934386676178557
124.4000000000001; 0.6937918382807591
124.50000000000011; 0.694144131286006
124.60000000000011; 0.6944955492686398
124.70000000000012; 0.6948460948556195
124.80000000000011; 0.6951957706658383
124.9000000000001; 0.695544579310139
125.00000000000011; 0.6958925233913378
125.10000000000011; 0.6962396055042366
125.20000000000012; 0.6965858282356455
125.30000000000011; 0.696931194164398
125.4000000000001; 0.6972757058613733
125.50000000000011; 0.6976193658895095
125.60000000000011; 0.6979621768038272
125.70000000000012; 0.6983041411514453
125.80000000000011; 0.6986452614716003
125.9000000000001; 0.6989855402956638
126.00000000000011; 0.6993249801471624
126.10000000000011; 0.6996635835417971
126.20000000000012; 0.7000013529874614
126.30000000000011; 0.7003382909842575
126.4000000000001; 0.7006744000245195
126.50000000000011; 0.7010096825928288
126.60000000000011; 0.7013441411660355
126.70000000000012; 0.7016777782132763
126.80000000000011; 0.702010596195991
126.9000000000001; 0.7023425975679481
127.00000000000011; 0.7026737847752553
127.10000000000011; 0.7030041602563847
127.20000000000012; 0.7033337264421905
127.30000000000011; 0.7036624857559268
127.40000000000012; 0.7039904406132673
127.50000000000011; 0.7043175934223252
127.60000000000011; 0.7046439465836715
127.70000000000012; 0.7049695024903545
127.80000000000011; 0.7052942635279187
127.90000000000012; 0.7056182320744258
128.0000000000001; 0.7059414105004704
128.1000000000001; 0.7062638011692033
128.2000000000001; 0.7065854064363472
128.30000000000013; 0.706906228650218
128.40000000000012; 0.707226270151745
128.5000000000001; 0.7075455332744877
128.6000000000001; 0.7078640203446561
128.7000000000001; 0.7081817336811321
128.80000000000013; 0.7084986755954851
128.90000000000012; 0.708814848391994
129.0000000000001; 0.7091302543676666
129.1000000000001; 0.709444895812258
129.2000000000001; 0.7097587750082895
129.30000000000013; 0.7100718942310691
129.40000000000012; 0.7103842557487122
129.5000000000001; 0.7106958618221565
129.6000000000001; 0.7110067147051862
129.7000000000001; 0.7113168166444501
129.80000000000013; 0.7116261698794781
129.90000000000012; 0.7119347766427045
130.0000000000001; 0.7122426391594849
130.1000000000001; 0.7125497596481186
130.2000000000001; 0.712856140319863
130.30000000000013; 0.7131617833789574
130.40000000000012; 0.7134666910226414
130.5000000000001; 0.7137708654411722
130.6000000000001; 0.7140743088178471
130.7000000000001; 0.7143770233290206
130.80000000000013; 0.7146790111441257
130.90000000000012; 0.7149802744256897
131.0000000000001; 0.7152808153293577
131.1000000000001; 0.7155806360039108
131.2000000000001; 0.7158797385912827
131.30000000000013; 0.7161781252265843
131.40000000000012; 0.7164757980381169
131.5000000000001; 0.7167727591473961
131.6000000000001; 0.7170690106691696
131.7000000000001; 0.7173645547114351
131.80000000000013; 0.7176593933754634
131.90000000000012; 0.7179535287558132
132.0000000000001; 0.7182469629403524
132.1000000000001; 0.718539698010278
132.2000000000001; 0.7188317360401342
132.30000000000013; 0.7191230790978324
132.40000000000012; 0.7194137292446693
132.5000000000001; 0.719703688535348
132.6000000000001; 0.7199929590179938
132.70000000000013; 0.720281542734178
132.80000000000013; 0.7205694417189324
132.90000000000012; 0.7208566580007717
133.0000000000001; 0.7211431936017105
133.1000000000001; 0.7214290505372836
133.20000000000013; 0.7217142308165652
133.30000000000013; 0.7219987364421864
133.40000000000012; 0.722282569410356
133.5000000000001; 0.7225657317108778
133.6000000000001; 0.722848225327171
133.70000000000013; 0.7231300522362889
133.80000000000013; 0.7234112144089362
133.90000000000012; 0.7236917138094904
134.0000000000001; 0.7239715523960187
134.1000000000001; 0.7242507321202973
134.20000000000013; 0.7245292549278319
134.30000000000013; 0.7248071227578723
134.40000000000012; 0.7250843375434366
134.5000000000001; 0.7253609012113259
134.6000000000001; 0.7256368156821449
134.70000000000013; 0.7259120828703188
134.80000000000013; 0.7261867046841146
134.90000000000012; 0.7264606830256579
135.0000000000001; 0.7267340197909513
135.1000000000001; 0.7270067168698939
135.20000000000013; 0.7272787761463005
135.30000000000013; 0.7275501994979167
135.40000000000012; 0.7278209887964425
135.5000000000001; 0.7280911459075461
135.6000000000001; 0.7283606726908849
135.70000000000013; 0.7286295710001246
135.80000000000013; 0.7288978426829535
135.90000000000012; 0.7291654895811059
136.0000000000001; 0.7294325135303777
136.1000000000001; 0.7296989163606439
136.20000000000013; 0.7299646998958788
136.30000000000013; 0.7302298659541736
136.40000000000012; 0.7304944163477536
136.5000000000001; 0.7307583528829974
136.6000000000001; 0.7310216773604558
136.70000000000013; 0.7312843915748666
136.80000000000013; 0.7315464973151776
136.90000000000012; 0.7318079963645593
137.0000000000001; 0.7320688905004265
137.1000000000001; 0.7323291814944551
137.20000000000013; 0.7325888711126008
137.30000000000013; 0.7328479611151149
137.40000000000012; 0.7331064532565639
137.5000000000001; 0.7333643492858468
137.6000000000001; 0.7336216509462143
137.70000000000013; 0.7338783599752835
137.80000000000013; 0.7341344781050576
137.90000000000012; 0.734390007061944
138.0000000000001; 0.7346449485667697
138.1000000000001; 0.7348993043348021
138.20000000000013; 0.7351530760757636
138.30000000000013; 0.7354062654938508
138.40000000000012; 0.735658874287751
138.5000000000001; 0.7359109041506612
138.60000000000014; 0.7361623567703034
138.70000000000013; 0.7364132338289423
138.80000000000013; 0.7366635370034061
138.90000000000012; 0.7369132679650976
139.0000000000001; 0.7371624283800172
139.10000000000014; 0.7374110199087768
139.20000000000013; 0.7376590442066184
139.30000000000013; 0.7379065029234307
139.40000000000012; 0.7381533977037663
139.5000000000001; 0.7383997301868586
139.60000000000014; 0.7386455020066383
139.70000000000013; 0.7388907147917526
139.80000000000013; 0.7391353701655797
139.90000000000012; 0.7393794697462468
140.0000000000001; 0.7396230151466465
140.10000000000014; 0.7398660079744542
140.20000000000013; 0.7401084498321437
140.30000000000013; 0.7403503423170074
140.40000000000012; 0.7405916870211665
140.5000000000001; 0.740832485531596
140.60000000000014; 0.7410727394301333
140.70000000000013; 0.7413124502935
140.80000000000013; 0.7415516196933174
140.90000000000012; 0.7417902491961214
141.0000000000001; 0.7420283403633808
141.10000000000014; 0.7422658947515123
141.20000000000013; 0.7425029139118978
141.30000000000013; 0.7427393993909016
141.40000000000012; 0.7429753527298838
141.5000000000001; 0.7432107754652205
141.60000000000014; 0.7434456691283153
141.70000000000013; 0.7436800352456204
141.80000000000013; 0.743913875338649
141.90000000000012; 0.744147190923994
142.0000000000001; 0.7443799835133416
142.10000000000014; 0.74461225461349
142.20000000000013; 0.7448440057263628
142.30000000000013; 0.7450752383490273
142.40000000000012; 0.7453059539737078
142.5000000000001; 0.7455361540878047
142.60000000000014; 0.7457658401739062
142.70000000000013; 0.7459950137098081
142.80000000000013; 0.7462236761685282
142.90000000000012; 0.74645182901832
143.0000000000001; 0.7466794737226905
143.10000000000014; 0.7469066117404158
143.20000000000013; 0.7471332445255554
143.30000000000013; 0.7473593735274693
143.40000000000012; 0.7475850001908315
143.5000000000001; 0.7478101259556477
143.60000000000014; 0.7480347522572686
143.70000000000013; 0.7482588805264063
143.80000000000013; 0.7484825121891503
143.90000000000012; 0.7487056486669809
144.0000000000001; 0.7489282913767863
144.10000000000014; 0.7491504417308771
144.20000000000013; 0.7493721011370009
144.30000000000013; 0.749593270998358
144.40000000000012; 0.749813952713616
144.5000000000001; 0.7500341476769262
144.60000000000014; 0.7502538572779359
144.70000000000013; 0.7504730829018063
144.80000000000013; 0.750691825929225
144.90000000000012; 0.7509100877364238
145.0000000000001; 0.7511278696951891
145.10000000000014; 0.7513451731728807
145.20000000000013; 0.7515619995324445
145.30000000000013; 0.7517783501324289
145.40000000000012; 0.7519942263269961
145.50000000000014; 0.7522096294659408
145.60000000000014; 0.7524245608947013
145.70000000000013; 0.7526390219543769
145.80000000000013; 0.7528530139817402
145.90000000000012; 0.7530665383092524
146.00000000000014; 0.7532795962650777
146.10000000000014; 0.7534921891730975
146.20000000000013; 0.7537043183529247
146.30000000000013; 0.753915985119919
146.40000000000012; 0.754127190785199
146.50000000000014; 0.7543379366556581
146.60000000000014; 0.7545482240339777
146.70000000000013; 0.7547580542186427
146.80000000000013; 0.7549674285039538
146.90000000000012; 0.7551763481800424
147.00000000000014; 0.7553848145328848
147.10000000000014; 0.7555928288443146
147.20000000000013; 0.7558003923920396
147.30000000000013; 0.7560075064496529
147.40000000000012; 0.756214172286648
147.50000000000014; 0.7564203911684317
147.60000000000014; 0.7566261643563383
147.70000000000013; 0.7568314931076451
147.80000000000013; 0.7570363786755814
147.90000000000012; 0.7572408223093481
148.00000000000014; 0.7574448252541255
148.10000000000014; 0.7576483887510912
148.20000000000013; 0.7578515140374315
148.30000000000013; 0.7580542023463546
148.40000000000012; 0.758256454907106
148.50000000000014; 0.7584582729449789
148.60000000000014; 0.7586596576813294
148.70000000000013; 0.7588606103335908
148.80000000000013; 0.7590611321152846
148.90000000000012; 0.7592612242360338
149.00000000000014; 0.7594608879015785
149.10000000000014; 0.7596601243137863
149.20000000000013; 0.7598589346706662
149.30000000000013; 0.7600573201663839
149.40000000000012; 0.76025528199127
149.50000000000014; 0.7604528213318374
149.60000000000014; 0.7606499393707928
149.70000000000013; 0.7608466372870479
149.80000000000013; 0.7610429162557353
149.90000000000012; 0.7612387774482186
150.00000000000014; 0.7614342220321065
150.10000000000014; 0.7616292554404772
150.20000000000013; 0.7618238746064976
150.30000000000013; 0.7620180806211428
150.40000000000012; 0.762211874633082
150.50000000000014; 0.7624052577873364
150.60000000000014; 0.7625982312252954
150.70000000000013; 0.7627907960847263
150.80000000000013; 0.7629829534997867
150.90000000000012; 0.763174704601038
151.00000000000014; 0.7633660505154546
151.10000000000014; 0.7635569923664393
151.20000000000013; 0.7637475312738311
151.30000000000013; 0.7639376683539214
151.40000000000015; 0.7641274047194624
151.50000000000014; 0.7643167414796814
151.60000000000014; 0.764505679740291
151.70000000000013; 0.7646942206035005
151.80000000000013; 0.7648823651680289
151.90000000000015; 0.7650701145291174
152.00000000000014; 0.7652574697785371
152.10000000000014; 0.7654444320046045
152.20000000000013; 0.7656310022921926
152.30000000000013; 0.7658171817227399
152.40000000000015; 0.7660029713742639
152.50000000000014; 0.7661883723213723
152.60000000000014; 0.7663733856352739
152.70000000000013; 0.7665580123837916
152.80000000000013; 0.7667422536313704
152.90000000000015; 0.7669261104390921
153.00000000000014; 0.7671095838646851
153.10000000000014; 0.7672926749625348
153.20000000000013; 0.7674753847836966
153.30000000000013; 0.767657714375906
153.40000000000015; 0.7678396647835892
153.50000000000014; 0.7680212370478762
153.60000000000014; 0.7682024322066091
153.70000000000013; 0.7683832512943559
153.80000000000013; 0.7685636953424183
153.90000000000015; 0.7687437653788473
154.00000000000014; 0.7689234624284477
154.10000000000014; 0.7691027875127958
154.20000000000013; 0.7692817416502449
154.30000000000013; 0.7694603258559394
154.40000000000015; 0.7696385411418235
154.50000000000014; 0.7698163885166536
154.60000000000014; 0.769993868986008
154.70000000000013; 0.7701709835522971
154.80000000000013; 0.7703477332147758
154.90000000000015; 0.7705241189695524
155.00000000000014; 0.7707001418096008
155.10000000000014; 0.7708758027247679
155.20000000000013; 0.7710511027017886
155.30000000000013; 0.7712260427242927
155.40000000000015; 0.7714006237728166
155.50000000000014; 0.7715748468248135
155.60000000000014; 0.771748712854665
155.70000000000013; 0.7719222228336888
155.80000000000013; 0.772095377730152
155.90000000000015; 0.7722681785092785
156.00000000000014; 0.7724406261332621
156.10000000000014; 0.7726127215612739
156.20000000000013; 0.7727844657494749
156.30000000000013; 0.7729558596510239
156.40000000000015; 0.7731269042160899
156.50000000000014; 0.77329760039186
156.60000000000014; 0.7734679491225516
156.70000000000013; 0.7736379513494201
156.80000000000013; 0.7738076080107702
156.90000000000015; 0.7739769200419663
157.00000000000014; 0.7741458883754412
157.10000000000014; 0.7743145139407065
157.20000000000013; 0.7744827976643631
157.30000000000013; 0.7746507404701088
157.40000000000015; 0.7748183432787517
157.50000000000014; 0.7749856070082166
157.60000000000014; 0.7751525325735559
157.70000000000013; 0.7753191208869594
157.80000000000013; 0.775485372857765
157.90000000000015; 0.7756512893924655
158.00000000000014; 0.7758168713947216
158.10000000000014; 0.7759821197653683
158.20000000000013; 0.7761470354024264
158.30000000000015; 0.7763116192011117
158.40000000000015; 0.7764758720538443
158.50000000000014; 0.7766397948502569
158.60000000000014; 0.7768033884772065
158.70000000000013; 0.7769666538187818
158.80000000000015; 0.7771295917563128
158.90000000000015; 0.7772922031683819
159.00000000000014; 0.7774544889308301
159.10000000000014; 0.7776164499167687
159.20000000000013; 0.777778086996588
159.30000000000015; 0.7779394010379662
159.40000000000015; 0.7781003929058773
159.50000000000014; 0.7782610634626028
159.60000000000014; 0.7784214135677396
159.70000000000013; 0.7785814440782068
159.80000000000015; 0.7787411558482594
159.90000000000015; 0.7789005497294932
160.00000000000014; 0.7790596265708557
