energy (keV); transmission
1.0; 0.0
1.1; 0.0
1.2000000000000002; 0.0
1.3000000000000003; 0.0
1.4000000000000004; 0.0
1.5000000000000004; 0.0
1.6000000000000005; 0.0
1.7000000000000006; 0.0
1.8000000000000007; 0.0
1.9000000000000008; 0.0
2.000000000000001; 0.0
2.100000000000001; 0.0
2.200000000000001; 0.0
2.300000000000001; 0.0
2.4000000000000012; 0.0
2.5000000000000013; 0.0
2.6000000000000014; 0.0
2.7000000000000015; 0.0
2.8000000000000016; 0.0
2.9000000000000017; 0.0
3.0000000000000018; 0.0
3.100000000000002; 0.0
3.200000000000002; 0.0
3.300000000000002; 0.0
3.400000000000002; 0.0
3.500000000000002; 0.0
3.6000000000000023; 3.77835e-318
3.7000000000000024; 6.858238562365774e-296
3.8000000000000025; 9.88269080402336e-276
3.9000000000000026; 1.9926994183821655e-257
4.000000000000003; 9.159739530304842e-241
4.100000000000003; 2.523681091863159e-225
4.200000000000003; 3.216032076740073e-211
4.3000000000000025; 2.6367376352930386e-198
4.400000000000003; 1.8550691279695136e-186
4.5000000000000036; 1.4411566913191236e-175
4.600000000000003; 1.5427191530521305e-165
4.700000000000003; 2.7655400412687175e-156
4.800000000000003; 9.862458299167927e-148
4.900000000000004; 8.149505440824233e-140
5.0000000000000036; 2.896835101461832e-136
5.100000000000003; 2.7199592969885903e-129
5.200000000000004; 9.064818290616982e-123
5.300000000000004; 1.1535597989961012e-116
5.400000000000004; 5.987155506409455e-111
5.5000000000000036; 1.3463527170221366e-105
5.600000000000004; 1.3875271135232707e-100
5.700000000000005; 6.9067986968024715e-96
5.800000000000004; 1.7444709295907732e-91
5.900000000000004; 2.3414468936170722e-87
6.000000000000004; 3.8920426038378666e-144
6.100000000000005; 8.287447435373305e-141
6.200000000000005; 4.032071484803489e-137
6.300000000000004; 3.848697196880115e-133
6.400000000000005; 6.147250918944514e-129
6.500000000000005; 1.4047977890633533e-124
6.600000000000005; 3.889662247340776e-120
6.700000000000005; 1.186193508790951e-115
6.800000000000005; 3.474245017693715e-111
6.900000000000006; 8.842673664258663e-107
7.000000000000005; 1.800602516415896e-102
7.100000000000005; 2.745518738963067e-98
7.2000000000000055; 5.32816704081602e-139
7.300000000000006; 1.1026647322456808e-133
7.400000000000006; 1.3198280551135886e-128
7.500000000000005; 9.090014414652703e-124
7.600000000000006; 3.6090132842322e-119
7.700000000000006; 8.321511119658542e-115
7.800000000000006; 1.127365057561744e-110
7.900000000000006; 9.107234084175626e-107
8.000000000000007; 4.4617777390909163e-103
8.100000000000007; 1.383770678146092e-99
8.200000000000006; 2.758123393323087e-96
8.300000000000006; 3.667133010475001e-93
8.400000000000006; 4.11664998993627e-195
8.500000000000007; 2.4947983535969317e-189
8.600000000000007; 8.451774800638662e-184
8.700000000000006; 1.6641597048266654e-178
8.800000000000008; 1.9732513361732626e-173
8.900000000000007; 1.45538225599265e-168
9.000000000000007; 6.8778542903340215e-164
9.100000000000007; 2.1400167169844388e-159
9.200000000000006; 4.4948934722815825e-155
9.300000000000008; 6.521502236688347e-151
9.400000000000007; 6.675929635781856e-147
9.500000000000007; 4.917190040837499e-143
9.600000000000009; 2.653560299759384e-139
9.700000000000008; 1.0669178548450933e-135
9.800000000000008; 3.246199215106741e-132
9.900000000000007; 7.582770388473775e-129
10.000000000000007; 1.378194894305169e-125
10.100000000000009; 1.9810556883157192e-122
10.200000000000008; 2.2623073360171767e-119
10.300000000000008; 2.06950891453581e-116
10.40000000000001; 1.5286153661512662e-113
10.500000000000009; 9.186848396885194e-111
10.600000000000009; 4.525507124602411e-108
10.700000000000008; 1.8402335374745394e-105
10.800000000000008; 6.219257982617811e-103
10.90000000000001; 1.7583526969303362e-100
11.000000000000009; 4.185123873962453e-98
11.100000000000009; 8.436730252730619e-96
11.20000000000001; 1.448877683743313e-93
11.30000000000001; 2.1316342636161823e-91
11.40000000000001; 2.701195750645819e-89
11.500000000000009; 2.963546472973045e-87
11.600000000000009; 2.8290727301498986e-85
11.70000000000001; 2.3612140505656527e-83
11.80000000000001; 1.7309668139763508e-81
11.90000000000001; 1.1195196400061357e-79
12.00000000000001; 6.415329095710559e-78
12.10000000000001; 3.270658139772947e-76
12.20000000000001; 1.4893540764370906e-74
12.30000000000001; 6.08079675709162e-73
12.40000000000001; 2.2341583894302006e-71
12.50000000000001; 7.41293404099946e-70
12.60000000000001; 2.2287619789893314e-68
12.70000000000001; 6.091923882010514e-67
12.800000000000011; 1.5185519875519841e-65
12.900000000000011; 3.4626286029078725e-64
13.00000000000001; 7.24354704643564e-63
13.10000000000001; 1.3940784748783738e-61
13.20000000000001; 2.47508642301434e-60
13.300000000000011; 4.064380403536368e-59
13.400000000000011; 6.1885864850840006e-58
13.50000000000001; 8.758592475118274e-57
13.600000000000012; 1.1548813935639997e-55
13.700000000000012; 1.421930902695062e-54
13.800000000000011; 1.6383258337001624e-53
13.900000000000011; 1.7701560644318697e-52
14.00000000000001; 1.797167843702943e-51
14.100000000000012; 1.7178158491826682e-50
14.200000000000012; 1.5487828045956201e-49
14.300000000000011; 1.3195218574032742e-48
14.400000000000013; 1.0641755905991418e-47
14.500000000000012; 8.137901836328697e-47
14.600000000000012; 5.910445689607495e-46
14.700000000000012; 4.083364787446119e-45
14.800000000000011; 2.6875968545571337e-44
14.900000000000013; 1.6876916561524705e-43
15.000000000000012; 1.0125540863080354e-42
15.100000000000012; 5.81721116365044e-42
15.200000000000014; 3.2017723322246723e-41
15.300000000000013; 1.6905549904977106e-40
15.400000000000013; 8.574196909234102e-40
15.500000000000012; 4.182380659852984e-39
15.600000000000012; 1.96444481517499e-38
15.700000000000014; 8.894938892694531e-38
15.800000000000013; 3.887004034005464e-37
15.900000000000013; 1.641043472900261e-36
16.000000000000014; 6.700471697495915e-36
16.100000000000016; 2.6485103058535317e-35
16.200000000000014; 1.0144348058981307e-34
16.30000000000001; 3.7685391977013896e-34
16.400000000000013; 1.3590463715270639e-33
16.500000000000014; 4.761897807982128e-33
16.600000000000016; 1.6224432079242635e-32
16.700000000000014; 5.379588622766274e-32
16.800000000000015; 1.7372134650199408e-31
16.900000000000013; 5.467700571311532e-31
17.000000000000014; 1.6784771632131674e-30
17.100000000000016; 5.029055664676379e-30
17.200000000000014; 1.471663908199955e-29
17.300000000000015; 4.2088467899607227e-29
17.400000000000013; 1.1771221979801539e-28
17.500000000000014; 3.2214141859471813e-28
17.600000000000016; 8.631615956819153e-28
17.700000000000014; 2.2657071143408934e-27
17.800000000000015; 5.829336300004313e-27
17.900000000000016; 1.4708486572142838e-26
18.000000000000014; 3.641437270297221e-26
18.100000000000016; 8.850115539871566e-26
18.200000000000017; 2.1125390286680768e-25
18.300000000000015; 4.954981732066788e-25
18.400000000000016; 1.1425003793961649e-24
18.500000000000014; 2.590818365249956e-24
18.600000000000016; 5.780525787847803e-24
18.700000000000017; 1.2694781929365718e-23
18.800000000000015; 2.745256730206452e-23
18.900000000000016; 5.848002128330962e-23
19.000000000000014; 2.743446507135749e-25
19.100000000000016; 6.138324326528324e-25
19.200000000000017; 1.3525163203501776e-24
19.300000000000015; 2.935905656856123e-24
19.400000000000016; 6.280740397474752e-24
19.500000000000018; 1.3246646283799834e-23
19.600000000000016; 2.755368414968575e-23
19.700000000000017; 5.654310171447664e-23
19.80000000000002; 1.1451142963413634e-22
19.900000000000016; 2.289422611474444e-22
20.000000000000018; 4.520073280303323e-22
20.100000000000016; 3.0624473388522456e-23
20.200000000000017; 6.15052247372333e-23
20.30000000000002; 1.2199860052380295e-22
20.400000000000016; 2.3906518473625734e-22
20.500000000000018; 4.62927011023869e-22
20.600000000000016; 8.860463341478032e-22
20.700000000000017; 1.6767107353075942e-21
20.80000000000002; 3.1377972644500488e-21
20.900000000000016; 5.80846119355314e-21
21.000000000000018; 1.0638209757636956e-20
21.10000000000002; 1.9281748472279618e-20
21.200000000000017; 3.459324620996419e-20
21.30000000000002; 6.144654138203869e-20
21.40000000000002; 1.080827999631913e-19
21.500000000000018; 1.8830343237991645e-19
21.60000000000002; 3.250046943702349e-19
21.700000000000017; 5.558221416357935e-19
21.80000000000002; 9.420627071041204e-19
21.90000000000002; 1.582713959899355e-18
22.000000000000018; 2.6362257830939183e-18
22.10000000000002; 4.354088790424998e-18
22.200000000000017; 7.13216761769138e-18
22.30000000000002; 1.158853744201816e-17
22.40000000000002; 1.8680565039832212e-17
22.500000000000018; 2.9879644044822065e-17
22.60000000000002; 4.7429977576652387e-17
22.70000000000002; 7.472895909904594e-17
22.80000000000002; 1.168821785565954e-16
22.90000000000002; 1.8150738812127386e-16
23.00000000000002; 2.798908844051728e-16
23.10000000000002; 4.2863928503684274e-16
23.20000000000002; 6.520229356114438e-16
23.30000000000002; 9.852784616664878e-16
23.40000000000002; 1.4792327361795848e-15
23.50000000000002; 2.206735668627058e-15
23.60000000000002; 3.2715534080830963e-15
23.70000000000002; 4.8205876091824405e-15
23.80000000000002; 7.060563744424e-15
23.90000000000002; 1.0280688566998188e-14
24.00000000000002; 1.4883233926040523e-14
24.10000000000002; 2.1424585748023217e-14
24.20000000000002; 3.067003275322062e-14
24.300000000000022; 4.3666494927874667e-14
24.40000000000002; 6.18385493179724e-14
24.50000000000002; 8.711455059550524e-14
24.600000000000023; 1.220914252600983e-13
24.70000000000002; 1.7024891057442025e-13
24.800000000000022; 2.362266930381965e-13
24.90000000000002; 3.261811696812349e-13
25.00000000000002; 4.482425159927706e-13
25.100000000000023; 6.130975195627774e-13
25.20000000000002; 8.347293678935786e-13
25.300000000000022; 1.1313524198406124e-12
25.40000000000002; 1.5265881196604635e-12
25.50000000000002; 2.0509378281802357e-12
25.600000000000023; 2.743619666387601e-12
25.70000000000002; 3.654849734616938e-12
25.800000000000022; 4.848663550726212e-12
25.900000000000023; 6.406391532284388e-12
26.00000000000002; 8.430923143970491e-12
26.100000000000023; 1.1051918279119944e-11
26.200000000000024; 1.4432151904071532e-11
26.300000000000022; 1.877520934840092e-11
26.400000000000023; 2.4334785277074174e-11
26.50000000000002; 3.142587975499476e-11
26.600000000000023; 4.043823034948467e-11
26.700000000000024; 5.1852370365497934e-11
26.800000000000022; 6.62587605344335e-11
26.900000000000023; 8.438050524973644e-11
27.00000000000002; 1.0710023523080246e-10
27.100000000000023; 1.3549181676744422e-10
27.200000000000024; 1.7085763390612437e-10
27.300000000000022; 2.1477228452568354e-10
27.400000000000023; 2.6913363463212925e-10
27.500000000000025; 3.362222877629833e-10
27.600000000000023; 4.1877064848299407e-10
27.700000000000024; 5.20042890873542e-10
27.800000000000026; 6.439272849187693e-10
27.900000000000023; 7.950424859589874e-10
28.000000000000025; 9.788595550275946e-10
28.100000000000023; 1.2018416509592956e-09
28.200000000000024; 1.4716035185966752e-09
28.300000000000026; 1.7970930910959717e-09
28.400000000000023; 2.1887977279986495e-09
28.500000000000025; 2.6589778240411798e-09
28.600000000000023; 3.2219307461748543e-09
28.700000000000024; 3.894288287364392e-09
28.800000000000026; 4.695351064756611e-09
28.900000000000023; 5.647463535924346e-09
29.000000000000025; 6.776433559147989e-09
29.100000000000026; 8.112000681045375e-09
29.200000000000024; 9.688357596095322e-09
29.300000000000026; 1.1544729486415759e-08
29.400000000000027; 1.3726016215071372e-08
29.500000000000025; 1.6283502610783347e-08
29.600000000000026; 1.927564234430887e-08
29.700000000000024; 2.2768921155504868e-08
29.800000000000026; 2.6838805442992805e-08
29.900000000000027; 3.157078247382067e-08
30.000000000000025; 3.7061498706305084e-08
30.100000000000026; 4.3422710432920556e-08
30.200000000000024; 5.077541188551345e-08
30.300000000000026; 5.9257793193772965e-08
30.400000000000027; 6.902494186690026e-08
30.500000000000025; 8.02505475541616e-08
30.600000000000026; 9.312878228443024e-08
30.700000000000028; 1.0787633028365313e-07
30.800000000000026; 1.2473457521695302e-07
30.900000000000027; 1.4397195276174088e-07
31.00000000000003; 1.6588647644799492e-07
31.100000000000026; 1.9080844469931953e-07
31.200000000000028; 2.191033369732281e-07
31.300000000000026; 2.5117490682792606e-07
31.400000000000027; 2.8746847963612016e-07
31.50000000000003; 3.284744625215068e-07
31.600000000000026; 3.7473207391028246e-07
31.700000000000028; 4.2683329986722983e-07
31.800000000000026; 4.854270841230982e-07
31.900000000000027; 5.51223758395561e-07
32.00000000000003; 6.249997192628237e-07
32.10000000000002; 7.076023574626157e-07
32.20000000000003; 7.99955245063342e-07
32.300000000000026; 9.030635854886849e-07
32.40000000000003; 1.0180199308700842e-06
32.50000000000003; 1.1460101706583375e-06
32.60000000000003; 1.2883197948416012e-06
32.70000000000003; 1.4463404345011152e-06
32.800000000000026; 1.6215766817817192e-06
32.90000000000003; 1.815653190668115e-06
33.00000000000003; 2.030322059242617e-06
33.10000000000003; 2.2674704933531487e-06
33.20000000000003; 2.529128750849823e-06
33.300000000000026; 2.8174783647509692e-06
33.40000000000003; 3.1348606428857652e-06
33.50000000000003; 3.4837854407200734e-06
33.60000000000003; 3.866940203229385e-06
33.70000000000003; 4.287199270808817e-06
33.800000000000026; 4.7476334433500215e-06
33.90000000000003; 5.251519795725213e-06
34.00000000000003; 5.802351737048637e-06
34.10000000000003; 6.403849305191252e-06
34.20000000000003; 7.0599696871646615e-06
34.30000000000003; 7.774917955108172e-06
34.40000000000003; 8.553158006758069e-06
34.50000000000003; 9.399423698439004e-06
34.60000000000003; 1.0318730157779533e-05
34.70000000000003; 1.1316385262563544e-05
34.80000000000003; 1.2398001271321367e-05
34.90000000000003; 1.3569506590542556e-05
35.00000000000003; 1.4837157662627232e-05
35.10000000000003; 1.6207550958029334e-05
35.20000000000003; 1.7687635054375204e-05
35.30000000000003; 1.928472278470597e-05
35.400000000000034; 2.100650343644636e-05
35.50000000000003; 2.2861054982112416e-05
35.60000000000003; 2.4856856322335046e-05
35.70000000000003; 2.7002799521272016e-05
35.80000000000003; 2.9308202014118386e-05
35.900000000000034; 3.1782818766066903e-05
36.00000000000003; 3.443685436174397e-05
36.10000000000003; 3.728097500394513e-05
36.20000000000003; 4.032632040024674e-05
36.30000000000003; 4.358451551596514e-05
36.400000000000034; 4.706768217182792e-05
36.50000000000003; 5.0788450464691755e-05
36.60000000000003; 5.475996998965328e-05
36.70000000000003; 5.899592084199284e-05
36.80000000000003; 6.351052437748538e-05
36.900000000000034; 6.831855370980578e-05
37.00000000000003; 7.343534392403033e-05
37.10000000000003; 7.887680198542006e-05
37.20000000000003; 8.465941632312276e-05
37.30000000000003; 9.08002660687225e-05
37.400000000000034; 9.731702993005516e-05
37.500000000000036; 0.00010422799468111012
37.60000000000003; 0.00011155206324952379
37.70000000000003; 0.00011930876238348504
37.80000000000003; 0.00012751824988074494
37.900000000000034; 0.00013620132136285017
38.000000000000036; 0.00014537941657856147
38.10000000000003; 0.0001550746252210483
38.20000000000003; 0.00016530969224420612
38.30000000000003; 0.0001761080226643001
38.400000000000034; 0.00018749368583379026
38.500000000000036; 0.00019949141917527117
38.60000000000004; 0.00021212663136400208
38.70000000000003; 0.0002254254049487641
38.80000000000003; 0.00023941449840122616
38.900000000000034; 0.0002541213475853748
39.000000000000036; 0.0002695740666391298
39.10000000000004; 0.0002858014482614249
39.20000000000003; 0.00030283296339880334
39.30000000000003; 0.0003206987603267773
39.400000000000034; 0.0003394296631218037
39.500000000000036; 0.00035905716952103434
39.60000000000004; 0.00037961344816776717
39.70000000000003; 0.00040113133524136683
39.80000000000003; 0.000423644330471783
39.900000000000034; 0.0004471865925391646
40.000000000000036; 0.0004717927451544952
40.10000000000004; 0.0004974844187096043
40.20000000000003; 0.0005243104712621757
40.30000000000003; 0.000552307594725259
40.400000000000034; 0.0005815131093212468
40.500000000000036; 0.0006119649556015465
40.60000000000004; 0.0006437016858904792
40.70000000000004; 0.0006767624551605508
40.80000000000003; 0.0007111870113479017
40.900000000000034; 0.0007470156851163005
41.000000000000036; 0.0007842893790800424
41.10000000000004; 0.0008230495564958045
41.20000000000004; 0.0008633382294344457
41.30000000000003; 0.0009051979464448047
41.400000000000034; 0.0009486717797216198
41.500000000000036; 0.0009938033117901956
41.60000000000004; 0.0010406366217220614
41.70000000000004; 0.001089216270894444
41.80000000000004; 0.001139587288308951
41.900000000000034; 0.0011917951554840937
42.000000000000036; 0.0012458857909364547
42.10000000000004; 0.0013019055342670645
42.20000000000004; 0.0013599011298685586
42.30000000000004; 0.0014199197102691677
42.400000000000034; 0.0014820087791315697
42.500000000000036; 0.0015462161939215871
42.60000000000004; 0.0016125901482659528
42.70000000000004; 0.0016811791540152674
42.80000000000004; 0.0017520320230299128
42.900000000000034; 0.0018251978487073862
43.000000000000036; 0.0019007259872678847
43.10000000000004; 0.0019786660388169705
43.20000000000004; 0.002059067828202743
43.30000000000004; 0.00214198138568581
43.400000000000034; 0.002227456927440223
43.500000000000036; 0.0023155448359027954
43.60000000000004; 0.0024062956399898425
43.70000000000004; 0.0024997599951982756
43.80000000000004; 0.002595988663609136
43.90000000000004; 0.0026950324938113585
44.000000000000036; 0.002796942400763844
44.10000000000004; 0.002901769345612011
44.20000000000004; 0.003009564315476704
44.30000000000004; 0.0031203783032332524
44.40000000000004; 0.003234262287295868
44.500000000000036; 0.0033512672114248427
44.60000000000004; 0.003471443964573104
44.70000000000004; 0.003594843360787469
44.80000000000004; 0.003721516119180365
44.90000000000004; 0.003851512843987974
45.00000000000004; 0.003984884004729312
45.10000000000004; 0.0041216799164814875
45.20000000000004; 0.004261950720284796
45.30000000000004; 0.00440574636369293
45.40000000000004; 0.0045531165814805315
45.50000000000004; 0.004704110876522346
45.60000000000004; 0.00485877850085728
45.70000000000004; 0.005017168436948761
45.80000000000004; 0.00517932937915363
45.90000000000004; 0.005345309715413493
46.00000000000004; 0.005515157509175861
46.10000000000004; 0.005688920481560509
46.20000000000004; 0.005866645993777928
46.30000000000004; 0.006048381029812144
46.40000000000004; 0.0062341721793760995
46.50000000000004; 0.00642406562115007
46.60000000000004; 0.006618107106311435
46.70000000000004; 0.006816341942364132
46.80000000000004; 0.007018814977275369
46.90000000000004; 0.007225570583927851
47.00000000000004; 0.007436652644894323
47.100000000000044; 0.007652104537541634
47.20000000000004; 0.00787196911946853
47.30000000000004; 0.008096288714287058
47.40000000000004; 0.008325105097748073
47.50000000000004; 0.008558459484219844
47.600000000000044; 0.008796392513523274
47.70000000000004; 0.009038944238125908
47.80000000000004; 0.009286154110702539
47.90000000000004; 0.009538060972062218
48.00000000000004; 0.009794703039446743
48.100000000000044; 0.010056117895201881
48.200000000000045; 0.010322342475826338
48.30000000000004; 0.010593413061397465
48.40000000000004; 0.01086936526537663
48.50000000000004; 0.011150234024795208
48.600000000000044; 0.011436053590823331
48.700000000000045; 0.01172685751972037
48.80000000000004; 0.012022678664168264
48.90000000000004; 0.012323549164987168
49.00000000000004; 0.01262950044323323
49.100000000000044; 0.01294056319267978
49.200000000000045; 0.013256767372676125
49.30000000000004; 0.013578142201388954
49.40000000000004; 0.013904716149420427
49.50000000000004; 0.014236516933800715
49.600000000000044; 0.014573571512359456
49.700000000000045; 0.014915906078463208
49.80000000000004; 0.015263546056127716
49.90000000000004; 0.015616516095494328
50.00000000000004; 0.015974840068668842
50.100000000000044; 0.01633867497023122
50.200000000000045; 0.01670791460369946
50.30000000000005; 0.017082578778525183
50.40000000000004; 0.01746268794433109
50.50000000000004; 0.01784826174093276
50.600000000000044; 0.018239318996229766
50.700000000000045; 0.01863587772444714
50.80000000000005; 0.019037955124723352
50.90000000000004; 0.019445567580040013
51.00000000000004; 0.019858730656487474
51.100000000000044; 0.020277459102862105
51.200000000000045; 0.02070176685059037
51.30000000000005; 0.021131667013973763
51.40000000000005; 0.02156717189075171
51.50000000000004; 0.022008292962970646
51.600000000000044; 0.022455040898164025
51.700000000000045; 0.022907425550827136
51.80000000000005; 0.023365455964187563
51.90000000000005; 0.023829140372264735
52.00000000000004; 0.024298486202208064
52.100000000000044; 0.024773500076915568
52.200000000000045; 0.025254187817920333
52.30000000000005; 0.02574055444854104
52.40000000000005; 0.026232604197291922
52.50000000000004; 0.026730340501544936
52.600000000000044; 0.027233766011435658
52.700000000000045; 0.02774288259400998
52.80000000000005; 0.02825769133760782
52.90000000000005; 0.02877819255646836
53.00000000000004; 0.029304385795560436
53.100000000000044; 0.029836269835626993
53.200000000000045; 0.03037384269843798
53.30000000000005; 0.030917101652246256
53.40000000000005; 0.031466043217439385
53.50000000000005; 0.03202066317238184
53.600000000000044; 0.03258095655944369
53.700000000000045; 0.033146917691200976
53.80000000000005; 0.03371854015681523
53.90000000000005; 0.03429581682857473
54.00000000000005; 0.03487873986859676
54.100000000000044; 0.035467300735681474
54.200000000000045; 0.03606149019231864
54.30000000000005; 0.036661298311831035
54.40000000000005; 0.03726671448565596
54.50000000000005; 0.03787772743076009
54.60000000000005; 0.03849432519717223
54.700000000000045; 0.03911649517564234
54.80000000000005; 0.039744224105409606
54.90000000000005; 0.04037749808207813
55.00000000000005; 0.0410163025655993
55.10000000000005; 0.04166062238834387
55.200000000000045; 0.04231044176327269
55.30000000000005; 0.04296574429219103
55.40000000000005; 0.04362651297408038
55.50000000000005; 0.044292730213513834
55.60000000000005; 0.04496437782913719
55.700000000000045; 0.04564143706221584
55.80000000000005; 0.046323888585245096
55.90000000000005; 0.04701171251061743
56.00000000000005; 0.04770488839933655
56.10000000000005; 0.0484033952697872
56.200000000000045; 0.04910721160653606
56.30000000000005; 0.049816315369182476
56.40000000000005; 0.050530684001232756
56.50000000000005; 0.051250294439010954
56.60000000000005; 0.051975123120589634
56.70000000000005; 0.05270514599474774
56.80000000000005; 0.053440338529939325
56.90000000000005; 0.05418067572327584
57.00000000000005; 0.05492613210952446
57.10000000000005; 0.055676681770104514
57.20000000000005; 0.056432298342086476
57.30000000000005; 0.05719295502719549
57.40000000000005; 0.05795862460080172
57.50000000000005; 0.0587292794209031
57.60000000000005; 0.05950489143710538
57.70000000000005; 0.06028543219957194
57.800000000000054; 0.06107087286796736
57.90000000000005; 0.06186118422037539
58.00000000000005; 0.06265633666218706
58.10000000000005; 0.06345630023497384
58.20000000000005; 0.06426104462531608
58.300000000000054; 0.06507053917360843
58.40000000000005; 0.06588475288282783
58.50000000000005; 0.06670365442726134
58.60000000000005; 0.06752721216119048
58.70000000000005; 0.06835539412754406
58.800000000000054; 0.0691881680664885
58.90000000000005; 0.07002550142398718
59.00000000000005; 0.07086736136029692
59.10000000000005; 0.07171371475842206
59.20000000000005; 0.07256452823250815
59.300000000000054; 0.07341976813618385
59.40000000000005; 0.0742794005708411
59.50000000000005; 0.0751433913938603
59.60000000000005; 0.07601170622677099
59.70000000000005; 0.07688431046334951
59.800000000000054; 0.07776116927765443
59.900000000000055; 0.07864224763199647
60.00000000000005; 0.0795275102848324
60.10000000000005; 0.08041676223918029
60.20000000000005; 0.08131012614178806
60.300000000000054; 0.08220756665566195
60.400000000000055; 0.08310904826270943
60.50000000000005; 0.0840145352862308
60.60000000000005; 0.08492399189819697
60.70000000000005; 0.08583738212645772
60.800000000000054; 0.08675466986186613
60.900000000000055; 0.08767581886533332
61.00000000000006; 0.08860079277479611
61.10000000000005; 0.08952955511211075
61.20000000000005; 0.0904620692898646
61.300000000000054; 0.09139829861810883
61.400000000000055; 0.0923382063110043
61.50000000000006; 0.09328175549339757
61.60000000000005; 0.09422890920730113
61.70000000000005; 0.09517963041829895
61.800000000000054; 0.09613388202186832
61.900000000000055; 0.09709162684962185
62.00000000000006; 0.09805282767545313
62.10000000000005; 0.09901744722161769
62.20000000000005; 0.09998544816471491
62.300000000000054; 0.10095679314159113
62.400000000000055; 0.10193144475516436
62.50000000000006; 0.10290936558015158
62.60000000000005; 0.10389051816872834
62.70000000000005; 0.10487486505609014
62.800000000000054; 0.10586236876593635
62.900000000000055; 0.10685299181587321
63.00000000000006; 0.10784669672272207
63.10000000000006; 0.10884344600775686
63.20000000000005; 0.1098432022018476
63.300000000000054; 0.11084592785052473
63.400000000000055; 0.11185158551896314
63.50000000000006; 0.11286013779687819
63.60000000000006; 0.11387154730333666
63.70000000000005; 0.11488577669149659
63.800000000000054; 0.11590278865325362
63.900000000000055; 0.11692254592380727
64.00000000000006; 0.11794501128615476
64.10000000000005; 0.1189701475754915
64.20000000000006; 0.11999791768353703
64.30000000000005; 0.12102828456278415
64.40000000000006; 0.12206121123066094
64.50000000000006; 0.1230966607736165
64.60000000000005; 0.12413459635113172
64.70000000000006; 0.12517498119964365
64.80000000000005; 0.12621777863639885
64.90000000000006; 0.12726295206323165
65.00000000000006; 0.12831046497024928
65.10000000000005; 0.12936028093946758
65.20000000000006; 0.13041236364834377
65.30000000000005; 0.13146667687325178
65.40000000000006; 0.13252318449288142
65.50000000000006; 0.13358185049155127
65.60000000000005; 0.13464263896246542
65.70000000000006; 0.13570551411088713
65.80000000000005; 0.13677044025723936
65.90000000000006; 0.13783738184014072
66.00000000000006; 0.13890630341937
66.10000000000005; 0.13997716967875073
66.20000000000006; 0.14104994542898158
66.30000000000005; 0.14212459561038665
66.40000000000006; 0.14320108529560202
66.50000000000006; 0.14427937969219434
66.60000000000005; 0.14535944414521315
66.70000000000006; 0.14644124413968101
66.80000000000005; 0.14752474530300752
66.90000000000006; 0.1486099134073558
67.00000000000006; 0.1496967143719227
67.10000000000007; 0.15078511426518532
67.20000000000006; 0.15187507930705266
67.30000000000005; 0.152966575870986
67.40000000000006; 0.1540595704860324
67.50000000000006; 0.1551540298388209
67.60000000000007; 0.15624992077548075
67.70000000000006; 0.15734721030351148
67.80000000000005; 0.15844586559359386
67.90000000000006; 0.15954585398134344
68.00000000000006; 0.16064714296900146
68.10000000000007; 0.16174970022707966
68.20000000000006; 0.16285349359594498
68.30000000000005; 0.16395849108734925
68.40000000000006; 0.16506466088590907
68.50000000000006; 0.16617197135052986
68.60000000000007; 0.16728039101577932
68.70000000000006; 0.16838988859320758
68.80000000000005; 0.16950043297262007
68.90000000000006; 0.17061199322330017
69.00000000000006; 0.17172453859517767
69.10000000000007; 0.17283803851995538
69.20000000000006; 0.17395246261218505
69.30000000000005; 0.17506778067029863
69.40000000000006; 0.17618396267758474
69.50000000000006; 0.17730097880313347
69.60000000000007; 0.17841879940272623
69.70000000000006; 0.1795373950196843
69.80000000000007; 0.1806567363856735
69.90000000000006; 0.18177679442146785
70.00000000000006; 0.1828975402376694
70.10000000000007; 0.18401894513538528
70.20000000000006; 0.185140980606871
70.30000000000007; 0.18626361833612537
70.40000000000006; 0.18738683019944677
70.50000000000006; 0.18851058826596093
70.60000000000007; 0.1896348647980956
70.70000000000006; 0.19075963225203446
70.80000000000007; 0.19188486327811316
70.90000000000006; 0.19301053072120453
71.00000000000006; 0.19413660762104656
71.10000000000007; 0.19526306721254913
71.20000000000006; 0.19638988292606077
71.30000000000007; 0.19751702838760218
71.40000000000006; 0.1986444774190675
71.50000000000006; 0.1997722040383972
71.60000000000007; 0.20090018245971153
71.70000000000006; 0.20202838709342089
71.80000000000007; 0.2031567925462993
71.90000000000006; 0.20428537362153004
72.00000000000006; 0.20541410531872398
72.10000000000007; 0.2065429628339112
72.20000000000006; 0.20767192155949393
72.30000000000007; 0.20880095708418686
72.40000000000006; 0.20993004519291242
72.50000000000006; 0.2110591618666947
72.60000000000007; 0.2121882832824953
72.70000000000006; 0.21331738581305693
72.80000000000007; 0.21444644602669552
72.90000000000006; 0.2155754406870836
73.00000000000006; 0.21670434675300476
73.10000000000007; 0.21783314137808232
73.20000000000006; 0.21896180191049405
73.30000000000007; 0.22009030589265252
73.40000000000006; 0.22121863106087516
73.50000000000007; 0.22234675534502474
73.60000000000007; 0.2234746568681304
73.70000000000006; 0.22460231394599645
73.80000000000007; 0.2257297050867788
73.90000000000006; 0.22685680899055355
74.00000000000007; 0.22798360454885855
74.10000000000007; 0.2291100708442175
74.20000000000006; 0.23023618714965358
74.30000000000007; 0.2313619329281754
74.40000000000006; 0.2324872878322554
74.50000000000007; 0.23361223170327952
74.60000000000007; 0.2347367445709951
74.70000000000006; 0.23586080665293377
74.80000000000007; 0.23698439835381546
74.90000000000006; 0.2381075002649507
75.00000000000007; 0.23923009316361787
75.10000000000007; 0.24035215801242624
75.20000000000006; 0.2414736759586719
75.30000000000007; 0.24259462833367249
75.40000000000006; 0.24371499665209614
75.50000000000007; 0.2448347626112731
75.60000000000007; 0.24595390809049567
75.70000000000006; 0.247072415150306
75.80000000000007; 0.24819026603177854
75.90000000000006; 0.24930744315577527
76.00000000000007; 0.25042392912221634
76.10000000000007; 0.2515397067093064
76.20000000000007; 0.2526547588727865
76.30000000000007; 0.25376906874514293
76.40000000000006; 0.2548826196348366
76.50000000000007; 0.2559953950254975
76.60000000000007; 0.2571073785751259
76.70000000000007; 0.25821855411528205
76.80000000000007; 0.2593289056502635
76.90000000000006; 0.2604384173562793
77.00000000000007; 0.26154707358061474
77.10000000000007; 0.2626548588407802
77.20000000000007; 0.2637617578236749
77.30000000000007; 0.2648677553847201
77.40000000000006; 0.26597283654699466
77.50000000000007; 0.26707698650037415
77.60000000000007; 0.26818019060064263
77.70000000000007; 0.26928243436862337
77.80000000000007; 0.27038370348928104
77.90000000000006; 0.27148398381083677
78.00000000000007; 0.27258326134386557
78.10000000000007; 0.2736815222603992
78.20000000000007; 0.2747787528930127
78.30000000000007; 0.2758749397339192
78.40000000000006; 0.27697006943405317
78.50000000000007; 0.2780641288021491
78.60000000000007; 0.27915710480382194
78.70000000000007; 0.2802489845606373
78.80000000000007; 0.2813397553491894
78.90000000000006; 0.28242940460015736
79.00000000000007; 0.2835179198973821
79.10000000000007; 0.28460528897692144
79.20000000000007; 0.2856914997261122
79.30000000000007; 0.28677654018262605
79.40000000000006; 0.2878603985335302
79.50000000000007; 0.2889430631143366
79.60000000000007; 0.2900245224080539
79.70000000000007; 0.2911047650442447
79.80000000000007; 0.29218377979806753
79.90000000000008; 0.2932615555893258
80.00000000000007; 0.2943380814815248
80.10000000000007; 0.29541361834999214
80.20000000000007; 0.2964878873011969
80.30000000000007; 0.2975608736124868
80.40000000000008; 0.29863256669389493
80.50000000000007; 0.299702956095628
80.60000000000007; 0.30077203150712545
80.70000000000007; 0.30183978275612583
80.80000000000007; 0.3029061998077203
80.90000000000008; 0.3039712727634157
81.00000000000007; 0.3050349918601934
81.10000000000007; 0.3060973474695661
81.20000000000007; 0.307158330096645
81.30000000000007; 0.30821793037919315
81.40000000000008; 0.30927613908668933
81.50000000000007; 0.3103329471193953
81.60000000000007; 0.31138834550740846
81.70000000000007; 0.3124423254097314
81.80000000000007; 0.3134948781133344
81.90000000000008; 0.3145459950322271
82.00000000000007; 0.31559566770651504
82.10000000000007; 0.3166438878014754
82.20000000000007; 0.3176906471066281
82.30000000000007; 0.31873593753479884
82.40000000000008; 0.319779751121203
82.50000000000007; 0.3208220800225112
82.60000000000008; 0.32186291651593335
82.70000000000007; 0.322902252998293
82.80000000000007; 0.32394008198510976
82.90000000000008; 0.32497639610968093
83.00000000000007; 0.32601118812216806
83.10000000000008; 0.3270444508886887
83.20000000000007; 0.3280761773903961
83.30000000000007; 0.3291063607225826
83.40000000000008; 0.33013499409376584
83.50000000000007; 0.3311620708247934
83.60000000000008; 0.33218758434794
83.70000000000007; 0.33321152820601185
83.80000000000007; 0.33423389605144943
83.90000000000008; 0.3352546816454419
84.00000000000007; 0.3362738788570356
84.10000000000008; 0.3372914816622495
84.20000000000007; 0.3383074841431931
84.30000000000007; 0.3393218804871932
84.40000000000008; 0.34033466498590814
84.50000000000007; 0.34134583203446356
84.60000000000008; 0.3423553761305839
84.70000000000007; 0.3433632918737242
84.80000000000007; 0.3443695739642065
84.90000000000008; 0.34537421720236633
85.00000000000007; 0.34637721648769315
85.10000000000008; 0.34737856681798834
85.20000000000007; 0.34837826328850097
85.30000000000007; 0.34937630109110246
85.40000000000008; 0.35037267551343293
85.50000000000007; 0.35136738193807066
85.60000000000008; 0.3523604158417033
85.70000000000007; 0.35335177279428787
85.80000000000007; 0.35434144845823645
85.90000000000008; 0.3553294385875909
86.00000000000007; 0.35631573902720776
86.10000000000008; 0.3573003457119415
86.20000000000007; 0.35828325466584066
86.30000000000008; 0.3592644620013383
86.40000000000008; 0.3602439639184562
86.50000000000007; 0.3612217567040018
86.60000000000008; 0.3621978367307806
86.70000000000007; 0.36317220045680676
86.80000000000008; 0.36414484442451844
86.90000000000008; 0.36511576525999306
87.00000000000007; 0.3660849596721805
87.10000000000008; 0.3670524244521237
87.20000000000007; 0.3680181564721961
87.30000000000008; 0.36898215268533524
87.40000000000008; 0.36994441012428336
87.50000000000007; 0.3709049259008374
87.60000000000008; 0.3718636972050951
87.70000000000007; 0.37282072130470606
87.80000000000008; 0.3737759955441373
87.90000000000008; 0.3747295173439329
88.00000000000007; 0.37568128419997643
88.10000000000008; 0.3766312936827718
88.20000000000007; 0.3775795434367094
88.30000000000008; 0.37852603117935046
88.40000000000008; 0.379470754700717
88.50000000000007; 0.3804137118625683
88.60000000000008; 0.3813549005977076
88.70000000000007; 0.3822943189092699
88.80000000000008; 0.38323196487003186
88.90000000000008; 0.384167836621709
89.00000000000009; 0.3851019323742791
89.10000000000008; 0.3860342504052843
89.20000000000007; 0.3869647890591645
89.30000000000008; 0.38789354674656906
89.40000000000008; 0.38882052194369354
89.50000000000009; 0.38974571319161105
89.60000000000008; 0.3906691190956074
89.70000000000007; 0.39159073832452646
89.80000000000008; 0.39251056961011466
89.90000000000008; 0.39342861174637
90.00000000000009; 0.394344863588905
90.10000000000008; 0.3952593240542922
90.20000000000007; 0.396171992119445
90.30000000000008; 0.39708286682097005
90.40000000000008; 0.3979919472545521
90.50000000000009; 0.39889923257432536
90.60000000000008; 0.3998047219922558
90.70000000000007; 0.40070841477752733
90.80000000000008; 0.4016103102559323
90.90000000000008; 0.4025104078092631
91.00000000000009; 0.403408706874719
91.10000000000008; 0.4043052069442978
91.20000000000007; 0.4051999075642138
91.30000000000008; 0.40609280833430467
91.40000000000008; 0.40698390890744524
91.50000000000009; 0.407873208988973
91.60000000000008; 0.4087607083361114
91.70000000000007; 0.40964640675739644
91.80000000000008; 0.41053030411211217
91.90000000000008; 0.4114124003097246
92.00000000000009; 0.4122926953093299
92.10000000000008; 0.41317118911909234
92.20000000000007; 0.41404788179570173
92.30000000000008; 0.41492277344382056
92.40000000000008; 0.41579586421554837
92.50000000000009; 0.41666715430988094
92.60000000000008; 0.4175366439721776
92.70000000000009; 0.4184043334936316
92.80000000000008; 0.41927022321074514
92.90000000000008; 0.4201343135048089
93.00000000000009; 0.42099660480138446
93.10000000000008; 0.42185709756979384
93.20000000000009; 0.42271579232260553
93.30000000000008; 0.42357268961513256
93.40000000000008; 0.42442779004493325
93.50000000000009; 0.42528109425131183
93.60000000000008; 0.426132602914826
93.70000000000009; 0.426982316756798
93.80000000000008; 0.42783023653883245
93.90000000000008; 0.42867636306232815
94.00000000000009; 0.4295206971680101
94.10000000000008; 0.4303632397354487
94.20000000000009; 0.4312039916825953
94.30000000000008; 0.4320429539653116
94.40000000000008; 0.43288012757691186
94.50000000000009; 0.4337155135477077
94.60000000000008; 0.4345491129445421
94.70000000000009; 0.4353809268703565
94.80000000000008; 0.43621095646372604
94.90000000000008; 0.43703920289843146
95.00000000000009; 0.43786566738300897
95.10000000000008; 0.4386903511603244
95.20000000000009; 0.4395132555071309
95.30000000000008; 0.44033438173365264
95.40000000000009; 0.44115373118314866
95.50000000000009; 0.44197130523149863
95.60000000000008; 0.4427871052867856
95.70000000000009; 0.4436011327888798
95.80000000000008; 0.4444133892090302
95.90000000000009; 0.4452238760494573
96.00000000000009; 0.44603259484294683
96.10000000000008; 0.44683954715245605
96.20000000000009; 0.4476447345707158
96.30000000000008; 0.4484481587198334
96.40000000000009; 0.4492498212509071
96.50000000000009; 0.4500497238436436
96.60000000000008; 0.45084786820596523
96.70000000000009; 0.4516442560736441
96.80000000000008; 0.45243888920991576
96.90000000000009; 0.4532317694051104
97.00000000000009; 0.4540228984762866
97.10000000000008; 0.45481227826685944
97.20000000000009; 0.45559991064624566
97.30000000000008; 0.4563857975094962
97.40000000000009; 0.45716994077694806
97.50000000000009; 0.4579523423938656
97.60000000000008; 0.4587330043300906
97.70000000000009; 0.45951192857970413
97.80000000000008; 0.46028911716067133
97.90000000000009; 0.46106457211451
98.00000000000009; 0.46183829550595035
98.10000000000008; 0.46261028942260196
98.20000000000009; 0.46338055597462036
98.30000000000008; 0.4641490972943811
98.40000000000009; 0.46491591553615813
98.50000000000009; 0.4656810128757938
98.60000000000008; 0.46644439151038847
98.70000000000009; 0.46720605365798024
98.80000000000008; 0.4679660015572321
98.90000000000009; 0.46872423746712144
99.00000000000009; 0.4694807636666356
99.1000000000001; 0.47023558245446756
99.20000000000009; 0.47098869614870964
99.30000000000008; 0.4717401070865632
99.40000000000009; 0.4724898176240321
99.50000000000009; 0.47323783013564025
99.6000000000001; 0.473984147014136
99.70000000000009; 0.47472877067020736
99.80000000000008; 0.4754717035321952
99.90000000000009; 0.4762129480458103
100.00000000000009; 0.47695250147949614
100.1000000000001; 0.47769017310592166
100.20000000000009; 0.4784261645902852
100.30000000000008; 0.4791604784624156
100.40000000000009; 0.47989311726801037
100.50000000000009; 0.48062408356836916
100.6000000000001; 0.48135337994012634
100.70000000000009; 0.4820810089749978
100.80000000000008; 0.4828069732795218
100.90000000000009; 0.4835312754747987
101.00000000000009; 0.4842539181962488
101.1000000000001; 0.48497490409335103
101.20000000000009; 0.4856942358294023
101.30000000000008; 0.4864119160812736
101.40000000000009; 0.48712794753916155
101.50000000000009; 0.4878423329063542
101.6000000000001; 0.48855507489899014
101.70000000000009; 0.4892661762458239
101.8000000000001; 0.4899756396879911
101.90000000000009; 0.49068346797878426
102.00000000000009; 0.4913896638834136
102.1000000000001; 0.4920942301787938
102.20000000000009; 0.49279716965330994
102.3000000000001; 0.49349848510660116
102.40000000000009; 0.4941981793493403
102.50000000000009; 0.49489625520301683
102.6000000000001; 0.49559271549972167
102.70000000000009; 0.4962875630819387
102.8000000000001; 0.496980800802328
102.90000000000009; 0.4976724315235195
103.00000000000009; 0.49836245811791424
103.1000000000001; 0.49905088346746784
103.20000000000009; 0.49973771046349946
103.3000000000001; 0.5004229420064873
103.40000000000009; 0.501106581005872
103.50000000000009; 0.5017886303798599
103.6000000000001; 0.502469093055233
103.70000000000009; 0.5031479719671541
103.8000000000001; 0.5038252700589777
103.90000000000009; 0.504500990282064
104.00000000000009; 0.5051751355955932
104.1000000000001; 0.5058477089663811
104.20000000000009; 0.5065187133686998
104.3000000000001; 0.5071881517840942
104.40000000000009; 0.5078560272012068
104.50000000000009; 0.5085223426156059
104.6000000000001; 0.5091871010296003
104.70000000000009; 0.5098503054520824
104.8000000000001; 0.5105119588983423
104.90000000000009; 0.5111720643899148
105.00000000000009; 0.5118306249543985
105.1000000000001; 0.5124876436253045
105.20000000000009; 0.5131431234418812
105.3000000000001; 0.5137970674489618
105.40000000000009; 0.5144494786968022
105.5000000000001; 0.5151003602409231
105.6000000000001; 0.5157497151419529
105.70000000000009; 0.5163975464654766
105.8000000000001; 0.5170438572818784
105.90000000000009; 0.5176886506661986
106.0000000000001; 0.5183319296979745
106.1000000000001; 0.518973697461103
106.20000000000009; 0.5196139570436877
106.3000000000001; 0.5202527115378968
106.40000000000009; 0.5208899640398216
106.5000000000001; 0.5215257176493345
106.6000000000001; 0.5221599754699477
106.70000000000009; 0.5227927406086801
106.8000000000001; 0.5234240161759183
106.90000000000009; 0.5240538052852778
107.0000000000001; 0.5246821110534793
107.1000000000001; 0.5253089366002082
107.20000000000009; 0.5259342850479887
107.3000000000001; 0.5265581595220518
107.40000000000009; 0.5271805631502156
107.5000000000001; 0.5278014990627472
107.6000000000001; 0.5284209703922537
107.70000000000009; 0.5290389802735431
107.8000000000001; 0.5296555318435174
107.90000000000009; 0.5302706282410418
108.0000000000001; 0.5308842726068338
108.1000000000001; 0.5314964680833376
108.2000000000001; 0.5321072178146182
108.3000000000001; 0.5327165249462392
108.40000000000009; 0.533324392625152
108.5000000000001; 0.5339308239995857
108.6000000000001; 0.5345358222189343
108.7000000000001; 0.5351393904336468
108.8000000000001; 0.5357415317951231
108.90000000000009; 0.5363422494556052
109.0000000000001; 0.5369415465680689
109.1000000000001; 0.5375394262861244
109.2000000000001; 0.538135891763914
109.3000000000001; 0.5387309461560035
109.40000000000009; 0.5393245926172894
109.5000000000001; 0.5399168343028966
109.6000000000001; 0.5405076743680811
109.7000000000001; 0.5410971159681333
109.8000000000001; 0.5416851622582809
109.90000000000009; 0.5422718163935965
110.0000000000001; 0.5428570815289042
110.1000000000001; 0.5434409608186863
110.2000000000001; 0.5440234574169933
110.3000000000001; 0.5446045744773558
110.40000000000009; 0.5451843151526901
110.5000000000001; 0.5457626825952199
110.6000000000001; 0.5463396799563816
110.7000000000001; 0.5469153103867409
110.8000000000001; 0.547489577035912
110.90000000000009; 0.5480624830524709
111.0000000000001; 0.5486340315838735
111.1000000000001; 0.5492042257763778
111.2000000000001; 0.54977306877496
111.3000000000001; 0.5503405637232361
111.40000000000009; 0.5509067137633856
111.5000000000001; 0.5514715220360734
111.6000000000001; 0.5520349916803726
111.7000000000001; 0.552597125833694
111.8000000000001; 0.5531579276317065
111.9000000000001; 0.5537174002082658
112.0000000000001; 0.5542755466953444
112.1000000000001; 0.55483237022296
112.2000000000001; 0.5553878739191008
112.3000000000001; 0.555942060909663
112.4000000000001; 0.5564949343183769
112.5000000000001; 0.5570464972667438
112.6000000000001; 0.5575967528739656
112.7000000000001; 0.5581457042568813
112.8000000000001; 0.5586933545299021
112.9000000000001; 0.5592397068049476
113.0000000000001; 0.5597847641913823
113.1000000000001; 0.5603285297959515
113.2000000000001; 0.5608710067227276
113.3000000000001; 0.561412198073039
113.4000000000001; 0.5619521069454178
113.5000000000001; 0.5624907364355397
113.6000000000001; 0.5630280896361635
113.7000000000001; 0.5635641696370782
113.8000000000001; 0.5640989795250426
113.9000000000001; 0.5646325223837307
114.0000000000001; 0.5651648012936814
114.1000000000001; 0.5656958193322369
114.2000000000001; 0.5662255795734955
114.3000000000001; 0.5667540850882559
114.4000000000001; 0.5672813389439689
114.5000000000001; 0.5678073442046834
114.60000000000011; 0.5683321039309966
114.7000000000001; 0.568855621180005
114.8000000000001; 0.5693778990052569
114.9000000000001; 0.5698989404567042
115.0000000000001; 0.5704187485806526
115.10000000000011; 0.5709373264197174
115.2000000000001; 0.5714546770127766
115.3000000000001; 0.5719708033949266
115.4000000000001; 0.572485708597438
115.5000000000001; 0.5729993956477092
115.60000000000011; 0.5735118675692267
115.7000000000001; 0.574023127381521
115.8000000000001; 0.5745331781001225
115.9000000000001; 0.575042022736527
116.0000000000001; 0.5755496642981454
116.10000000000011; 0.5760561057882733
116.2000000000001; 0.576561350206047
116.3000000000001; 0.5770654005464032
116.4000000000001; 0.5775682598000447
116.5000000000001; 0.5780699309534034
116.60000000000011; 0.5785704169885992
116.7000000000001; 0.5790697208834059
116.8000000000001; 0.5795678456112185
116.9000000000001; 0.5800647941410135
117.0000000000001; 0.5805605694373187
117.10000000000011; 0.5810551744601731
117.2000000000001; 0.5815486121651018
117.3000000000001; 0.5820408855030785
117.4000000000001; 0.5825319974204922
117.5000000000001; 0.5830219508591191
117.60000000000011; 0.5835107487560873
117.7000000000001; 0.5839983940438528
117.8000000000001; 0.5844848896501614
117.9000000000001; 0.5849702384980245
118.0000000000001; 0.5854544435056901
118.10000000000011; 0.5859375075866109
118.2000000000001; 0.5864194336494207
118.30000000000011; 0.586900224597903
118.4000000000001; 0.5873798833309655
118.5000000000001; 0.5878584127426163
118.60000000000011; 0.5883358157219345
118.7000000000001; 0.5888120951530447
118.80000000000011; 0.5892872539150937
118.9000000000001; 0.5897612948822263
119.0000000000001; 0.5902342209235608
119.10000000000011; 0.5907060349031622
119.2000000000001; 0.5911767396800264
119.30000000000011; 0.5916463381080473
119.4000000000001; 0.5921148330360054
119.5000000000001; 0.5925822273075372
119.60000000000011; 0.5930485237611207
119.7000000000001; 0.5935137252300495
119.80000000000011; 0.5939778345424138
119.9000000000001; 0.5944408545210806
120.0000000000001; 0.5949027879836764
120.10000000000011; 0.5953636377425638
120.2000000000001; 0.595823406604824
120.30000000000011; 0.5962820973722415
120.4000000000001; 0.5967397128412798
120.5000000000001; 0.5971962558030727
120.60000000000011; 0.5976517290433976
120.7000000000001; 0.5981061353426638
120.80000000000011; 0.5985594774758984
120.9000000000001; 0.5990117582127227
121.00000000000011; 0.5994629803173456
121.10000000000011; 0.5999131465485381
121.2000000000001; 0.6003622596596307
121.30000000000011; 0.6008103223984861
121.4000000000001; 0.601257337507494
121.50000000000011; 0.6017033077235523
121.60000000000011; 0.6021482357780583
121.7000000000001; 0.6025921243968894
121.80000000000011; 0.6030349763003964
121.9000000000001; 0.6034767942033856
122.00000000000011; 0.6039175808151105
122.10000000000011; 0.6043573388392588
122.2000000000001; 0.6047960709739396
122.30000000000011; 0.6052337799116756
122.4000000000001; 0.605670468339387
122.50000000000011; 0.6061061389383874
122.60000000000011; 0.6065407943843678
122.7000000000001; 0.6069744373473891
122.80000000000011; 0.6074070704918733
122.9000000000001; 0.6078386964765943
123.00000000000011; 0.6082693179546662
123.10000000000011; 0.6086989375735378
123.2000000000001; 0.6091275579749801
123.30000000000011; 0.609555181795084
123.4000000000001; 0.6099818116642488
123.50000000000011; 0.6104074502071724
123.60000000000011; 0.6108321000428495
123.7000000000001; 0.6112557637845614
123.80000000000011; 0.6116784440398695
123.9000000000001; 0.6121001434106071
124.00000000000011; 0.6125208644928778
124.10000000000011; 0.6129406098770459
124.2000000000001; 0.6133593821477309
124.30000000000011; 0.6137771838838043
124.4000000000001; 0.6141940176583821
124.50000000000011; 0.6146098860388205
124.60000000000011; 0.6150247915867116
124.70000000000012; 0.6154387368578799
124.80000000000011; 0.6158517244023767
124.9000000000001; 0.6162637567644743
125.00000000000011; 0.6166748364826681
125.10000000000011; 0.6170849660896667
125.20000000000012; 0.6174941481123932
125.30000000000011; 0.6179023850719787
125.4000000000001; 0.6183096794837638
125.50000000000011; 0.61871603385729
125.60000000000011; 0.6191214506963036
125.70000000000012; 0.6195259324987499
125.80000000000011; 0.6199294817567722
125.9000000000001; 0.6203321009567091
126.00000000000011; 0.6207337925790939
126.10000000000011; 0.6211345590986547
126.20000000000012; 0.6215344029843115
126.30000000000011; 0.6219333266991738
126.4000000000001; 0.6223313327005435
126.50000000000011; 0.6227284234399113
126.60000000000011; 0.6231246013629589
126.70000000000012; 0.6235198689095576
126.80000000000011; 0.6239142285137661
126.9000000000001; 0.6243076826038373
127.00000000000011; 0.6247002336022099
127.10000000000011; 0.6250918839255158
127.20000000000012; 0.6254826359845792
127.30000000000011; 0.6258724921844158
127.40000000000012; 0.626261454924235
127.50000000000011; 0.6266495265974423
127.60000000000011; 0.627036709591639
127.70000000000012; 0.6274230062886249
127.80000000000011; 0.6278084190643991
127.90000000000012; 0.6281929502891647
128.0000000000001; 0.6285766023273266
128.1000000000001; 0.628959377537498
128.2000000000001; 0.6293412782724992
128.30000000000013; 0.6297223068793627
128.40000000000012; 0.630102465699336
128.5000000000001; 0.6304817570678829
128.6000000000001; 0.6308601833146867
128.7000000000001; 0.6312377467636561
128.80000000000013; 0.631614449732924
128.90000000000012; 0.6319902945348549
129.0000000000001; 0.6323652834760467
129.1000000000001; 0.6327394188573355
129.2000000000001; 0.6331127029737976
129.30000000000013; 0.6334851381147549
129.40000000000012; 0.6338567265637812
129.5000000000001; 0.6342274705987005
129.6000000000001; 0.6345973724915978
129.7000000000001; 0.6349664345088213
129.80000000000013; 0.6353346589109844
129.90000000000012; 0.6357020479529745
130.0000000000001; 0.6360686038839555
130.1000000000001; 0.636434328947376
130.2000000000001; 0.6367992253809686
130.30000000000013; 0.6371632954167605
130.40000000000012; 0.6375265412810777
130.5000000000001; 0.6378889651945479
130.6000000000001; 0.6382505693721101
130.7000000000001; 0.6386113560230171
130.80000000000013; 0.6389713273508442
130.90000000000012; 0.6393304855534904
131.0000000000001; 0.63968883282319
131.1000000000001; 0.6400463713465164
131.2000000000001; 0.6404031033043864
131.30000000000013; 0.6407590308720716
131.40000000000012; 0.6411141562191983
131.5000000000001; 0.6414684815097592
131.6000000000001; 0.6418220089021187
131.7000000000001; 0.6421747405490169
131.80000000000013; 0.6425266785975825
131.90000000000012; 0.6428778251893335
132.0000000000001; 0.6432281824601864
132.1000000000001; 0.6435777525404652
132.2000000000001; 0.6439265375549064
132.30000000000013; 0.6442745396226669
132.40000000000012; 0.6446217608573314
132.5000000000001; 0.644968203366921
132.6000000000001; 0.645313869253897
132.70000000000013; 0.6456587606151746
132.80000000000013; 0.6460028795421243
132.90000000000012; 0.6463462281205843
133.0000000000001; 0.6466888084308653
133.1000000000001; 0.6470306225477608
133.20000000000013; 0.6473716725405537
133.30000000000013; 0.6477119604730249
133.40000000000012; 0.6480514884034609
133.5000000000001; 0.6483902583846626
133.6000000000001; 0.6487282724639533
133.70000000000013; 0.649065532683188
133.80000000000013; 0.6494020410787595
133.90000000000012; 0.6497377996816102
134.0000000000001; 0.6500728105172374
134.1000000000001; 0.650407075605704
134.20000000000013; 0.6507405969616475
134.30000000000013; 0.6510733765942851
134.40000000000012; 0.651405416507429
134.5000000000001; 0.651736718699489
134.6000000000001; 0.6520672851634853
134.70000000000013; 0.6523971178870547
134.80000000000013; 0.6527262188524628
134.90000000000012; 0.6530545900366111
135.0000000000001; 0.6533822334110456
135.1000000000001; 0.6537091509419677
135.20000000000013; 0.6540353445902434
135.30000000000013; 0.6543608163114094
135.40000000000012; 0.6546855680556884
135.5000000000001; 0.6550096017679924
135.6000000000001; 0.6553329193879358
135.70000000000013; 0.6556555228498454
135.80000000000013; 0.6559774140827659
135.90000000000012; 0.6562985950104738
136.0000000000001; 0.6566190675514866
136.1000000000001; 0.6569388336190685
136.20000000000013; 0.6572578951212449
136.30000000000013; 0.6575762539608102
136.40000000000012; 0.6578939120353366
136.5000000000001; 0.658210871237186
136.6000000000001; 0.6585271334535197
136.70000000000013; 0.658842700566305
136.80000000000013; 0.6591575744523318
136.90000000000012; 0.6594717569832147
137.0000000000001; 0.659785250025409
137.1000000000001; 0.6600980554402186
137.20000000000013; 0.6604101750838067
137.30000000000013; 0.6607216108072044
137.40000000000012; 0.661032364456323
137.5000000000001; 0.6613424378719623
137.6000000000001; 0.6616518328898241
137.70000000000013; 0.6619605513405183
137.80000000000013; 0.6622685950495755
137.90000000000012; 0.6625759658374577
138.0000000000001; 0.6628826655195669
138.1000000000001; 0.6631886959062581
138.20000000000013; 0.6634940588028474
138.30000000000013; 0.6637987560096232
138.40000000000012; 0.6641027893218575
138.5000000000001; 0.6644061605298158
138.60000000000014; 0.6647088714187671
138.70000000000013; 0.6650109237689938
138.80000000000013; 0.6653123193558073
138.90000000000012; 0.6656130599495499
139.0000000000001; 0.6659131473156136
139.10000000000014; 0.6662125832144462
139.20000000000013; 0.6665113694015641
139.30000000000013; 0.6668095076275612
139.40000000000012; 0.6671069996381213
139.5000000000001; 0.6674038471740273
139.60000000000014; 0.6677000519711731
139.70000000000013; 0.6679956157605743
139.80000000000013; 0.6682905402683784
139.90000000000012; 0.6685848272158764
140.0000000000001; 0.6688784783195121
140.10000000000014; 0.6691714952908948
140.20000000000013; 0.6694638798368084
140.30000000000013; 0.6697556336592252
140.40000000000012; 0.6700467584553118
140.5000000000001; 0.6703372559174462
140.60000000000014; 0.670627127733223
140.70000000000013; 0.6709163755854668
140.80000000000013; 0.6712050011522454
140.90000000000012; 0.6714930061068758
141.0000000000001; 0.6717803921179399
141.10000000000014; 0.6720671608492913
141.20000000000013; 0.6723533139600696
141.30000000000013; 0.6726388531047107
141.40000000000012; 0.6729237799329557
141.5000000000001; 0.6732080960898653
141.60000000000014; 0.6734918032158259
141.70000000000013; 0.6737749029465667
141.80000000000013; 0.6740573969131657
141.90000000000012; 0.6743392867420638
142.0000000000001; 0.6746205740550737
142.10000000000014; 0.674901260469393
142.20000000000013; 0.675181347597613
142.30000000000013; 0.6754608370477323
142.40000000000012; 0.6757397304231647
142.5000000000001; 0.6760180293227541
142.60000000000014; 0.6762957353407811
142.70000000000013; 0.6765728500669781
142.80000000000013; 0.6768493750865391
142.90000000000012; 0.6771253119801288
143.0000000000001; 0.6774006623238961
143.10000000000014; 0.677675427689484
143.20000000000013; 0.6779496096440414
143.30000000000013; 0.6782232097502334
143.40000000000012; 0.6784962295662529
143.5000000000001; 0.6787686706458315
143.60000000000014; 0.6790405345382502
143.70000000000013; 0.6793118227883508
143.80000000000013; 0.6795825369365476
143.90000000000012; 0.6798526785188368
144.0000000000001; 0.6801222490668096
144.10000000000014; 0.6803912501076621
144.20000000000013; 0.6806596831642066
144.30000000000013; 0.6809275497548817
144.40000000000012; 0.6811948513937649
144.5000000000001; 0.6814615895905839
144.60000000000014; 0.6817277658507244
144.70000000000013; 0.6819933816752454
144.80000000000013; 0.6822584385608873
144.90000000000012; 0.6825229380000856
145.0000000000001; 0.6827868814809778
145.10000000000014; 0.6830502704874184
145.20000000000013; 0.6833131064989876
145.30000000000013; 0.683575390991005
145.40000000000012; 0.6838371254345357
145.50000000000014; 0.684098311296407
145.60000000000014; 0.6843589500392145
145.70000000000013; 0.6846190431213371
145.80000000000013; 0.6848785919969452
145.90000000000012; 0.6851375981160125
146.00000000000014; 0.6853960629243274
146.10000000000014; 0.6856539878635034
146.20000000000013; 0.68591137437099
146.30000000000013; 0.6861682238800848
146.40000000000012; 0.6864245378199428
146.50000000000014; 0.686680317615588
146.60000000000014; 0.686935564687924
146.70000000000013; 0.6871902804537464
146.80000000000013; 0.6874444663257515
146.90000000000012; 0.6876981237125483
147.00000000000014; 0.6879512540186696
147.10000000000014; 0.6882038586445813
147.20000000000013; 0.6884559389866963
147.30000000000013; 0.688707496437382
147.40000000000012; 0.6889585323849737
147.50000000000014; 0.6892090482137831
147.60000000000014; 0.6894590453041102
147.70000000000013; 0.6897085250322563
147.80000000000013; 0.6899574887705294
147.90000000000012; 0.6902059378872617
148.00000000000014; 0.6904538737468136
148.10000000000014; 0.6907012977095894
148.20000000000013; 0.6909482111320466
148.30000000000013; 0.691194615366705
148.40000000000012; 0.6914405117621603
148.50000000000014; 0.6916859016630913
148.60000000000014; 0.6919307864102733
148.70000000000013; 0.6921751673405887
148.80000000000013; 0.6924190457870364
148.90000000000012; 0.6926624230787414
149.00000000000014; 0.6929053005409689
149.10000000000014; 0.6931476794951318
149.20000000000013; 0.6933895612588021
149.30000000000013; 0.6936309471457235
149.40000000000012; 0.6938718384658173
149.50000000000014; 0.6941122365251978
149.60000000000014; 0.694352142626181
149.70000000000013; 0.6945915580672929
149.80000000000013; 0.6948304841432846
149.90000000000012; 0.6950689221451385
150.00000000000014; 0.6953068733600809
150.10000000000014; 0.6955443442699674
150.20000000000013; 0.6957813310084928
150.30000000000013; 0.6960178347719856
150.40000000000012; 0.6962538568278124
150.50000000000014; 0.696489398439687
150.60000000000014; 0.6967244608676868
150.70000000000013; 0.6969590453682576
150.80000000000013; 0.6971931531942249
150.90000000000012; 0.6974267855948058
151.00000000000014; 0.6976599438156154
151.10000000000014; 0.6978926290986801
151.20000000000013; 0.6981248426824438
151.30000000000013; 0.6983565858017816
151.40000000000015; 0.6985878596880063
151.50000000000014; 0.6988186655688811
151.60000000000014; 0.699049004668627
151.70000000000013; 0.6992788782079324
151.80000000000013; 0.6995082874039656
151.90000000000015; 0.6997372334703833
152.00000000000014; 0.6999657176173373
152.10000000000014; 0.7001937410514883
152.20000000000013; 0.7004213049760152
152.30000000000013; 0.700648410590622
152.40000000000015; 0.7008750590915489
152.50000000000014; 0.701101251671583
152.60000000000014; 0.7013269895200663
152.70000000000013; 0.7015522738229079
152.80000000000013; 0.7017771057625886
152.90000000000015; 0.7020014865181761
153.00000000000014; 0.7022254172653316
153.10000000000014; 0.7024488991763188
153.20000000000013; 0.7026719334200151
153.30000000000013; 0.7028945211619206
153.40000000000015; 0.7031166635641668
153.50000000000014; 0.7033383617855276
153.60000000000014; 0.7035596169814265
153.70000000000013; 0.7037804303039494
153.80000000000013; 0.7040008029018491
153.90000000000015; 0.7042207359205611
154.00000000000014; 0.7044402305022057
154.10000000000014; 0.7046592877856047
154.20000000000013; 0.7048779089062844
154.30000000000013; 0.7050960949964895
154.40000000000015; 0.7053138471851896
154.50000000000014; 0.7055311665980903
154.60000000000014; 0.7057480543576413
154.70000000000013; 0.7059645115830455
154.80000000000013; 0.7061805393902701
154.90000000000015; 0.7063961388920535
155.00000000000014; 0.7066113111979169
155.10000000000014; 0.7068260574141694
155.20000000000013; 0.7070403786439229
155.30000000000013; 0.7072542759870967
155.40000000000015; 0.7074677505404282
155.50000000000014; 0.707680803397482
155.60000000000014; 0.7078934356486603
155.70000000000013; 0.7081056483812083
155.80000000000013; 0.7083174426792279
155.90000000000015; 0.7085288196236824
156.00000000000014; 0.7087397802924099
156.10000000000014; 0.7089503257601276
156.20000000000013; 0.7091604570984451
156.30000000000013; 0.7093701753758697
156.40000000000015; 0.7095794816578187
156.50000000000014; 0.7097883770066251
156.60000000000014; 0.7099968624815499
156.70000000000013; 0.7102049391387878
156.80000000000013; 0.7104126080314773
156.90000000000015; 0.7106198702097107
157.00000000000014; 0.7108267267205415
157.10000000000014; 0.7110331786079933
157.20000000000013; 0.7112392269130698
157.30000000000013; 0.7114448726737611
157.40000000000015; 0.7116501169250559
157.50000000000014; 0.7118549606989475
157.60000000000014; 0.7120594050244428
157.70000000000013; 0.712263450927572
157.80000000000013; 0.7124670994313981
157.90000000000015; 0.712670351556022
158.00000000000014; 0.7128732083185957
158.10000000000014; 0.7130756707333274
158.20000000000013; 0.7132777398114907
158.30000000000015; 0.7134794165614354
158.40000000000015; 0.7136807019885942
158.50000000000014; 0.7138815970954902
158.60000000000014; 0.714082102881748
158.70000000000013; 0.7142822203441006
158.80000000000015; 0.7144819504763976
158.90000000000015; 0.7146812942696158
159.00000000000014; 0.7148802527118642
159.10000000000014; 0.7150788267883953
159.20000000000013; 0.7152770174816127
159.30000000000015; 0.7154748257710791
159.40000000000015; 0.7156722526335242
159.50000000000014; 0.7158692990428545
159.60000000000014; 0.7160659659701611
159.70000000000013; 0.7162622543837257
159.80000000000015; 0.7164581652490333
159.90000000000015; 0.7166536995287768
160.00000000000014; 0.7168488581828668
