energy (keV); transmission
1.0; 0.0
1.1; 0.0
1.2000000000000002; 0.0
1.3000000000000003; 0.0
1.4000000000000004; 0.0
1.5000000000000004; 0.0
1.6000000000000005; 0.0
1.7000000000000006; 0.0
1.8000000000000007; 0.0
1.9000000000000008; 0.0
2.000000000000001; 0.0
2.100000000000001; 0.0
2.200000000000001; 0.0
2.300000000000001; 0.0
2.4000000000000012; 0.0
2.5000000000000013; 0.0
2.6000000000000014; 0.0
2.7000000000000015; 0.0
2.8000000000000016; 0.0
2.9000000000000017; 0.0
3.0000000000000018; 0.0
3.100000000000002; 0.0
3.200000000000002; 0.0
3.300000000000002; 0.0
3.400000000000002; 0.0
3.500000000000002; 0.0
3.6000000000000023; 0.0
3.7000000000000024; 0.0
3.8000000000000025; 0.0
3.9000000000000026; 1.33e-321
4.000000000000003; 8.96094692645046e-301
4.100000000000003; 1.788723004153e-281
4.200000000000003; 7.658618997535067e-264
4.3000000000000025; 1.062511520402989e-247
4.400000000000003; 6.846208517172034e-233
4.5000000000000036; 2.8079476266462055e-219
4.600000000000003; 9.668488593933555e-207
4.700000000000003; 3.566358016057983e-195
4.800000000000003; 1.7477587091006127e-184
4.900000000000004; 1.3769369918349887e-174
5.0000000000000036; 3.779242134074323e-170
5.100000000000003; 1.964278243160999e-161
5.200000000000004; 2.797041296865867e-153
5.300000000000004; 1.1955015426502316e-145
5.400000000000004; 1.6654272752405483e-138
5.5000000000000036; 8.155461913704482e-132
5.600000000000004; 1.5059198155852918e-125
5.700000000000005; 1.1196853553301222e-119
5.800000000000004; 3.565165299408951e-114
5.900000000000004; 5.15057113928168e-109
6.000000000000004; 5.46665897131105e-180
6.100000000000005; 7.907259351701649e-176
6.200000000000005; 3.212996695720529e-171
6.300000000000004; 3.03139255337819e-166
6.400000000000005; 5.4431609428521905e-161
6.500000000000005; 1.5293865580681503e-155
6.600000000000005; 5.462480059500965e-150
6.700000000000005; 2.201377021490112e-144
6.800000000000005; 8.434814855018536e-139
6.900000000000006; 2.7116241759619273e-133
7.000000000000005; 6.595873470755684e-128
7.100000000000005; 1.1175848743426316e-122
7.2000000000000055; 1.4395352026807436e-173
7.300000000000006; 6.354104534474869e-167
7.400000000000006; 1.4146424781407632e-160
7.500000000000005; 1.5783587233717283e-154
7.600000000000006; 8.845769139641454e-149
7.700000000000006; 2.513348704997543e-143
7.800000000000006; 3.673505651202549e-138
7.900000000000006; 2.8134106316807702e-133
8.000000000000007; 1.153147642449317e-128
8.100000000000007; 2.6688868059277666e-124
8.200000000000006; 3.554406666304787e-120
8.300000000000006; 2.8537000848877184e-116
8.400000000000006; 1.0427493538832408e-243
8.500000000000007; 1.7631705000501252e-236
8.600000000000007; 1.4410693982210212e-229
8.700000000000006; 5.977144462666864e-223
8.800000000000008; 1.3151582297385776e-216
8.900000000000007; 1.5985320370584085e-210
9.000000000000007; 1.113823082021654e-204
9.100000000000007; 4.602793142427425e-199
9.200000000000006; 1.1638560122709476e-193
9.300000000000008; 1.853252349828475e-188
9.400000000000007; 1.908269408703312e-183
9.500000000000007; 1.3021057048997666e-178
9.600000000000009; 6.02263025177346e-174
9.700000000000008; 1.9282517264230515e-169
9.800000000000008; 4.357315033338922e-165
9.900000000000007; 7.0759520589312995e-161
10.000000000000007; 8.397273450221815e-157
10.100000000000009; 7.432259330453055e-153
10.200000000000008; 4.933890477070476e-149
10.300000000000008; 2.4821848859496097e-145
10.40000000000001; 9.558126547350627e-142
10.500000000000009; 2.844187261831667e-138
10.600000000000009; 6.600609896077597e-135
10.700000000000008; 1.2052889544085452e-131
10.800000000000008; 1.7465186008207973e-128
10.90000000000001; 2.0248016676932832e-125
11.000000000000009; 1.8929336705300074e-122
11.100000000000009; 1.4378636497264758e-119
11.20000000000001; 8.939014754183771e-117
11.30000000000001; 4.580267740539543e-114
11.40000000000001; 1.9473547413257412e-111
11.500000000000009; 6.914562038638354e-109
11.600000000000009; 2.063265615203492e-106
11.70000000000001; 5.2049815998093e-104
11.80000000000001; 1.1165056550620353e-101
11.90000000000001; 2.0478099372972914e-99
12.00000000000001; 3.228670122439275e-97
12.10000000000001; 4.398392082339552e-95
12.20000000000001; 5.20292359171437e-93
12.30000000000001; 5.369707259417004e-91
12.40000000000001; 4.857272275982922e-89
12.50000000000001; 3.8680107270293886e-87
12.60000000000001; 2.7232004677780314e-85
12.70000000000001; 1.701935453495162e-83
12.800000000000011; 9.479536010657436e-82
12.900000000000011; 4.723428984341659e-80
13.00000000000001; 2.1131927230029752e-78
13.10000000000001; 8.518419565457949e-77
13.20000000000001; 3.1044735200566545e-75
13.300000000000011; 1.0262258165805807e-73
13.400000000000011; 3.086663814739937e-72
13.50000000000001; 8.473111074452554e-71
13.600000000000012; 2.1289807300173908e-69
13.700000000000012; 4.910187948073361e-68
13.800000000000011; 1.0423182676559894e-66
13.900000000000011; 2.0418058632719405e-65
14.00000000000001; 3.7002903156566796e-64
14.100000000000012; 6.21900286268402e-63
14.200000000000012; 9.716014354894674e-62
14.300000000000011; 1.4142322469331769e-60
14.400000000000013; 1.922058564767116e-59
14.500000000000012; 2.4442214922814745e-58
14.600000000000012; 2.9142398246075114e-57
14.700000000000012; 3.2641696632970125e-56
14.800000000000011; 3.441162291095378e-55
14.900000000000013; 3.420710959666437e-54
15.000000000000012; 3.211979674037184e-53
15.100000000000012; 2.8568901133198565e-52
15.200000000000014; 2.408452354428867e-51
15.300000000000013; 1.927687484042738e-50
15.400000000000013; 1.4672084389093506e-49
15.500000000000012; 1.0636027389820803e-48
15.600000000000012; 7.354443087140378e-48
15.700000000000014; 4.857677862028417e-47
15.800000000000013; 3.069154415173741e-46
15.900000000000013; 1.8573771893683378e-45
16.000000000000014; 1.0780321708909875e-44
16.100000000000016; 6.008306567734444e-44
16.200000000000014; 3.219438824934116e-43
16.30000000000001; 1.660413654146014e-42
16.400000000000013; 8.251688864378259e-42
16.500000000000014; 3.9557158622595826e-41
16.600000000000016; 1.8310992282622239e-40
16.700000000000014; 8.192875079747428e-40
16.800000000000015; 3.5466349021575974e-39
16.900000000000013; 1.4868114741048873e-38
17.000000000000014; 6.041493268878593e-38
17.100000000000016; 2.3815409492339906e-37
17.200000000000014; 9.115086596274404e-37
17.300000000000015; 3.3900327680410825e-36
17.400000000000013; 1.2261029491533947e-35
17.500000000000014; 4.315769172503858e-35
17.600000000000016; 1.4795005689549616e-34
17.700000000000014; 4.943160483984703e-34
17.800000000000015; 1.610734232166298e-33
17.900000000000016; 5.122240733353265e-33
18.000000000000014; 1.5907101094397218e-32
18.100000000000016; 4.8270986633620137e-32
18.200000000000017; 1.4322074433709605e-31
18.300000000000015; 4.1572158276498494e-31
18.400000000000016; 1.1811918484952929e-30
18.500000000000014; 3.286973544672151e-30
18.600000000000016; 8.963119336445852e-30
18.700000000000017; 2.396246856819181e-29
18.800000000000015; 6.283891911095691e-29
18.900000000000016; 1.6171838757171952e-28
19.000000000000014; 1.9855033342027113e-31
19.100000000000016; 5.433282531963312e-31
19.200000000000017; 1.4585729089693638e-30
19.300000000000015; 3.843064023695215e-30
19.400000000000016; 9.942911040618558e-30
19.500000000000018; 2.527158171830935e-29
19.600000000000016; 6.312837274233558e-29
19.700000000000017; 1.5505098710704456e-28
19.80000000000002; 3.745941975549032e-28
19.900000000000016; 8.905482606771544e-28
20.000000000000018; 2.0841637824174158e-27
20.100000000000016; 7.204200427019273e-29
20.200000000000017; 1.722423777543185e-28
20.30000000000002; 4.054558407716289e-28
20.400000000000016; 9.400380167373828e-28
20.500000000000018; 2.1472897566082767e-27
20.600000000000016; 4.8341546669377665e-27
20.700000000000017; 1.0729331931621051e-26
20.80000000000002; 2.348448820356304e-26
20.900000000000016; 5.0707986404470955e-26
21.000000000000018; 1.0804027638728218e-25
21.10000000000002; 2.272129166262417e-25
21.200000000000017; 4.717795885949549e-25
21.30000000000002; 9.674350186564678e-25
21.40000000000002; 1.9597277105498427e-24
21.500000000000018; 3.922588903783539e-24
21.60000000000002; 7.760005739454735e-24
21.700000000000017; 1.5176436324532336e-23
21.80000000000002; 2.9349436338784676e-23
21.90000000000002; 5.613749652555458e-23
22.000000000000018; 1.0622537038622298e-22
22.10000000000002; 1.9889396306620067e-22
22.200000000000017; 3.6857589311774303e-22
22.30000000000002; 6.761386861408686e-22
22.40000000000002; 1.2281106867087005e-21
22.500000000000018; 2.209119831080597e-21
22.60000000000002; 3.936100232388684e-21
22.70000000000002; 6.948021701470052e-21
22.80000000000002; 1.2153052449787212e-20
22.90000000000002; 2.1067736806731115e-20
23.00000000000002; 3.6202281667667626e-20
23.10000000000002; 6.16758246225605e-20
23.20000000000002; 1.0419061246890749e-19
23.30000000000002; 1.7456160904872788e-19
23.40000000000002; 2.9009860256854925e-19
23.50000000000002; 4.782862475198968e-19
23.60000000000002; 7.824246390105796e-19
23.70000000000002; 1.2702083845304824e-18
23.80000000000002; 2.046676593569189e-18
23.90000000000002; 3.2736161462240235e-18
24.00000000000002; 5.198423230324497e-18
24.10000000000002; 8.196728341396202e-18
24.20000000000002; 1.2834909173354036e-17
24.300000000000022; 1.9961143468118443e-17
24.40000000000002; 3.08371416737074e-17
24.50000000000002; 4.732747945949827e-17
24.600000000000023; 7.216995832155031e-17
24.70000000000002; 1.0935922577558769e-16
24.800000000000022; 1.6468771839958726e-16
24.90000000000002; 2.4650379355294754e-16
25.00000000000002; 3.6676789181927016e-16
25.100000000000023; 5.425152477885008e-16
25.20000000000002; 7.978699647776243e-16
25.300000000000022; 1.1668025984669611e-15
25.40000000000002; 1.6968847545525658e-15
25.50000000000002; 2.4543733083855747e-15
25.600000000000023; 3.5310582670835956e-15
25.70000000000002; 5.053437602613849e-15
25.800000000000022; 7.194946380846881e-15
25.900000000000023; 1.0192174410502134e-14
26.00000000000002; 1.436626631383718e-14
26.100000000000023; 2.0151022187651765e-14
26.200000000000024; 2.8129619922923305e-14
26.300000000000022; 3.908237839466964e-14
26.400000000000023; 5.4048593661135213e-14
26.50000000000002; 7.440623088879539e-14
26.600000000000023; 1.0197416956078365e-13
26.700000000000024; 1.3914280944909015e-13
26.800000000000022; 1.8904018533094056e-13
26.900000000000023; 2.5574235018532953e-13
27.00000000000002; 3.445387159891317e-13
27.100000000000023; 4.622653408424859e-13
27.200000000000024; 6.177218803423839e-13
27.300000000000022; 8.221911465247505e-13
27.400000000000023; 1.0900840137429786e-12
27.500000000000025; 1.4397368602454771e-12
27.600000000000023; 1.894393928415043e-12
27.700000000000024; 2.4834130262025913e-12
27.800000000000026; 3.2437399872938386e-12
27.900000000000023; 4.221705377786574e-12
28.000000000000025; 5.4752062122993714e-12
28.100000000000023; 7.076346062210682e-12
28.200000000000024; 9.114619052668811e-12
28.300000000000026; 1.1700737012471927e-11
28.400000000000023; 1.4971214630576047e-11
28.500000000000025; 1.9093845062363517e-11
28.600000000000023; 2.427421820373227e-11
28.700000000000024; 3.076345600443264e-11
28.800000000000026; 3.8867363923364864e-11
28.900000000000023; 4.8957225141915616e-11
29.000000000000025; 6.148249465455417e-11
29.100000000000026; 7.698568405855343e-11
29.200000000000024; 9.611976497626955e-11
29.300000000000026; 1.1966845977131263e-10
29.400000000000027; 1.4856983276648131e-10
29.500000000000025; 1.839436437340526e-10
29.600000000000026; 2.2712297819149266e-10
29.700000000000024; 2.79690726175824e-10
29.800000000000026; 3.4352154284203635e-10
29.900000000000027; 4.2082999058023777e-10
30.000000000000025; 5.142256334883237e-10
30.100000000000026; 6.268247853510743e-10
30.200000000000024; 7.621962694715617e-10
30.300000000000026; 9.24553064583758e-10
30.400000000000027; 1.1188131492588523e-09
30.500000000000025; 1.3507034382698458e-09
30.600000000000026; 1.6268776969687803e-09
30.700000000000028; 1.9550492639385777e-09
30.800000000000026; 2.34414010703111e-09
30.900000000000027; 2.8044478534546908e-09
31.00000000000003; 3.347832554368138e-09
31.100000000000026; 3.987925068159064e-09
31.200000000000028; 4.740359073913147e-09
31.300000000000026; 5.623028857071921e-09
31.400000000000027; 6.656375142517157e-09
31.50000000000003; 7.863701385772074e-09
31.600000000000026; 9.271523070131643e-09
31.700000000000028; 1.0909952695715146e-08
31.800000000000026; 1.2813123285018234e-08
31.900000000000027; 1.5019653367789422e-08
32.00000000000003; 1.757315654531673e-08
32.10000000000002; 2.0522798869555864e-08
32.20000000000003; 2.3923907405240027e-08
32.300000000000026; 2.783863347231206e-08
32.40000000000003; 3.233667419073517e-08
32.50000000000003; 3.749605606920325e-08
32.60000000000003; 4.340398449233963e-08
32.70000000000003; 5.0157763066980314e-08
32.800000000000026; 5.7865786885837725e-08
32.90000000000003; 6.66486138554215e-08
33.00000000000003; 7.664011831367735e-08
33.10000000000003; 8.798873123021408e-08
33.20000000000003; 1.0085877133756604e-07
33.300000000000026; 1.1543187158450503e-07
33.40000000000003; 1.3190850533147575e-07
33.50000000000003; 1.505096167223004e-07
33.60000000000003; 1.714783596656678e-07
33.70000000000003; 1.9508194984220023e-07
33.800000000000026; 2.216136341195895e-07
33.90000000000003; 2.5139478170628446e-07
34.00000000000003; 2.847771013054749e-07
34.10000000000003; 3.221449884424259e-07
34.20000000000003; 3.6391800703244535e-07
34.30000000000003; 4.105535091300394e-07
34.40000000000003; 4.625493966545272e-07
34.50000000000003; 5.204470287226593e-07
34.60000000000003; 5.848342780332788e-07
34.70000000000003; 6.563487395456775e-07
34.80000000000003; 7.35681094467517e-07
34.90000000000003; 8.235786323272092e-07
35.00000000000003; 9.208489336404244e-07
35.10000000000003; 1.028363715401487e-06
35.20000000000003; 1.1470628413303757e-06
35.30000000000003; 1.2779584984881083e-06
35.400000000000034; 1.422139541542347e-06
35.50000000000003; 1.580776005611096e-06
35.60000000000003; 1.7551237882520317e-06
35.70000000000003; 1.9465295007809345e-06
35.80000000000003; 2.156435488712989e-06
35.900000000000034; 2.3863850207152223e-06
36.00000000000003; 2.638027645039817e-06
36.10000000000003; 2.9131247119864237e-06
36.20000000000003; 3.2135550605022305e-06
36.30000000000003; 3.5413208665902612e-06
36.400000000000034; 3.898553650746964e-06
36.50000000000003; 4.2875204411983725e-06
36.60000000000003; 4.710630089248215e-06
36.70000000000003; 5.170439732596598e-06
36.80000000000003; 5.6696614020276155e-06
36.900000000000034; 6.211168766410122e-06
37.00000000000003; 6.798004010507949e-06
37.10000000000003; 7.4333848396367575e-06
37.20000000000003; 8.120711604775641e-06
37.30000000000003; 8.863574541296032e-06
37.400000000000034; 9.66576111405187e-06
37.500000000000036; 1.053126346114949e-05
37.60000000000003; 1.1464285928332024e-05
37.70000000000003; 1.246925268549112e-05
37.80000000000003; 1.3550815416475069e-05
37.900000000000034; 1.4713861072973992e-05
38.000000000000036; 1.5963519682938687e-05
38.10000000000003; 1.730517220365244e-05
38.20000000000003; 1.8744458409268327e-05
38.30000000000003; 2.0287284802347573e-05
38.400000000000034; 2.193983253864687e-05
38.500000000000036; 2.3708565354192488e-05
38.60000000000004; 2.5600237483412813e-05
38.70000000000003; 2.7621901556956984e-05
38.80000000000003; 2.9780916467588447e-05
38.900000000000034; 3.20849551924599e-05
39.000000000000036; 3.454201255989706e-05
39.10000000000004; 3.716041294875546e-05
39.20000000000003; 3.994881790831046e-05
39.30000000000003; 4.291623368663528e-05
39.400000000000034; 4.607201865534201e-05
39.500000000000036; 4.9425890618622974e-05
39.60000000000004; 5.298793399452888e-05
39.70000000000003; 5.6768606856458866e-05
39.80000000000003; 6.0778747822989405e-05
39.900000000000034; 6.502958278417975e-05
40.000000000000036; 6.953269668840428e-05
40.10000000000004; 7.429752621893884e-05
40.20000000000003; 7.933880669646991e-05
40.30000000000003; 8.466935843489807e-05
40.400000000000034; 9.03024195924749e-05
40.500000000000036; 9.625165174317508e-05
40.60000000000004; 0.00010253114521255271
40.70000000000004; 0.00010915542416803004
40.80000000000003; 0.0001161394514540461
40.900000000000034; 0.0001234986331625773
41.000000000000036; 0.00013124882293013678
41.10000000000004; 0.00013940632595251258
41.20000000000004; 0.00014798790270892842
41.30000000000003; 0.0001570107723877873
41.400000000000034; 0.00016649261600644346
41.500000000000036; 0.00017645157921784472
41.60000000000004; 0.0001869062747975379
41.70000000000004; 0.00019787578480454714
41.80000000000004; 0.0002093796624105303
41.900000000000034; 0.00022143793339180604
42.000000000000036; 0.00023407109727924296
42.10000000000004; 0.0002473001281617743
42.20000000000004; 0.00026114647513947564
42.30000000000004; 0.0002756320624226314
42.400000000000034; 0.0002907792890741095
42.500000000000036; 0.0003066110283920421
42.60000000000004; 0.0003231506269312553
42.70000000000004; 0.0003404219031615796
42.80000000000004; 0.00035844914576199665
42.900000000000034; 0.00037725711155020433
43.000000000000036; 0.00039687102304721743
43.10000000000004; 0.0004173165656775762
43.20000000000004; 0.00043861988460582735
43.30000000000004; 0.00046080758121061613
43.400000000000034; 0.0004839067091981659
43.500000000000036; 0.0005079447703571476
43.60000000000004; 0.0005329497099578651
43.70000000000004; 0.0005589499117985359
43.80000000000004; 0.0005859741929022243
43.90000000000004; 0.0006140517978683459
44.000000000000036; 0.0006432123928831879
44.10000000000004; 0.0006734860593937894
44.20000000000004; 0.0007049032874504409
44.30000000000004; 0.0007374949687234632
44.40000000000004; 0.0007712923891996151
44.500000000000036; 0.0008063272215645148
44.60000000000004; 0.0008426315172776411
44.70000000000004; 0.0008802376983464955
44.80000000000004; 0.0009191785488070308
44.90000000000004; 0.0009594872059178816
45.00000000000004; 0.001001197151075876
45.10000000000004; 0.001044342200460884
45.20000000000004; 0.0010889564954179288
45.30000000000004; 0.001135074492585314
45.40000000000004; 0.0011827309537769135
45.50000000000004; 0.0012319609356277233
45.60000000000004; 0.0012827997790117664
45.70000000000004; 0.0013352830982411485
45.80000000000004; 0.0013894467700555995
45.90000000000004; 0.0014453269224126463
46.00000000000004; 0.0015029599230867046
46.10000000000004; 0.0015623823680882413
46.20000000000004; 0.0016236310699116077
46.30000000000004; 0.0016867430456221234
46.40000000000004; 0.001751755504791843
46.50000000000004; 0.0018187058372944437
46.60000000000004; 0.001887631600969051
46.70000000000004; 0.00195857050916308
46.80000000000004; 0.002031560418163983
46.90000000000004; 0.0021066393145302534
47.00000000000004; 0.002183845302331611
47.100000000000044; 0.0022632165903086047
47.20000000000004; 0.0023447914789608507
47.30000000000004; 0.0024286083475753536
47.40000000000004; 0.0025147056412029496
47.50000000000004; 0.0026031218575941688
47.600000000000044; 0.0026938955341038262
47.70000000000004; 0.0027870652345732203
47.80000000000004; 0.0028826695362009773
47.90000000000004; 0.002980747016410597
48.00000000000004; 0.0030813362397247735
48.100000000000044; 0.003184475744655112
48.200000000000045; 0.003290204030617359
48.30000000000004; 0.00339855954487989
48.40000000000004; 0.003509580669554702
48.50000000000004; 0.003623305708639413
48.600000000000044; 0.0037397728751191804
48.700000000000045; 0.0038590202781361516
48.80000000000004; 0.003981085910234897
48.90000000000004; 0.004106007634691478
49.00000000000004; 0.004233823172934003
49.100000000000044; 0.0043645700920629865
49.200000000000045; 0.004498285792476737
49.30000000000004; 0.004635007495611678
49.40000000000004; 0.004774772231802488
49.50000000000004; 0.004917616828268723
49.600000000000044; 0.005063577897237108
49.700000000000045; 0.005212691824201287
49.80000000000004; 0.00536499475632998
49.90000000000004; 0.005520522591025978
50.00000000000004; 0.005679310964642187
50.100000000000044; 0.00584145508366846
50.200000000000045; 0.006006933285340887
50.30000000000005; 0.0061757796237057235
50.40000000000004; 0.006348028481448859
50.50000000000004; 0.006523713915987616
50.600000000000044; 0.006702869649024275
50.700000000000045; 0.006885529056297331
50.80000000000005; 0.007071725157535001
50.90000000000004; 0.007261490606614759
51.00000000000004; 0.007454857681932051
51.100000000000044; 0.007651858276982067
51.200000000000045; 0.007852523891157743
51.30000000000005; 0.008056885620766691
51.40000000000005; 0.008264974150270953
51.50000000000004; 0.008476819743749198
51.600000000000044; 0.008692452236588401
51.700000000000045; 0.008911901027402322
51.80000000000005; 0.009135195070181637
51.90000000000005; 0.009362362866677259
52.00000000000004; 0.009593432459015895
52.100000000000044; 0.00982843142255313
52.200000000000045; 0.010067386858961707
52.30000000000005; 0.010310325389557218
52.40000000000005; 0.010557273148862472
52.50000000000004; 0.010808255778410575
52.600000000000044; 0.01106329842078602
52.700000000000045; 0.01132242571390538
52.80000000000005; 0.011585661785539006
52.90000000000005; 0.011853030248068797
53.00000000000004; 0.01212455419348666
53.100000000000044; 0.012400256188630769
53.200000000000045; 0.012680158270659245
53.30000000000005; 0.012964281942760794
53.40000000000005; 0.013252648170100976
53.50000000000005; 0.013545277376003285
53.600000000000044; 0.013842189438365042
53.700000000000045; 0.014143403686302167
53.80000000000005; 0.014448938897028375
53.90000000000005; 0.014758813292961402
54.00000000000005; 0.015073044539057093
54.100000000000044; 0.015391649740367793
54.200000000000045; 0.015714645439826938
54.30000000000005; 0.01604204761625219
54.40000000000005; 0.016373871682568774
54.50000000000005; 0.016710132484251558
54.60000000000005; 0.017050844297977878
54.700000000000045; 0.017396020830496534
54.80000000000005; 0.017745675217704
54.90000000000005; 0.018099820023927408
55.00000000000005; 0.018458467241414152
55.10000000000005; 0.018821628290018908
55.200000000000045; 0.01918931401709315
55.30000000000005; 0.01956153469756876
55.40000000000005; 0.019938300034232286
55.50000000000005; 0.020319619158192994
55.60000000000005; 0.020705500629534516
55.700000000000045; 0.021095952438149733
55.80000000000005; 0.021490982004757072
55.90000000000005; 0.021890596182094102
56.00000000000005; 0.022294801256282023
56.10000000000005; 0.022703602948365532
56.200000000000045; 0.023117006416013042
56.30000000000005; 0.023535016255387533
56.40000000000005; 0.02395763650317158
56.50000000000005; 0.02438487063875354
56.60000000000005; 0.024816721586563884
56.70000000000005; 0.02525319171856518
56.80000000000005; 0.02569428285688481
56.90000000000005; 0.026139996276590825
57.00000000000005; 0.02659033270861146
57.10000000000005; 0.02704529234278617
57.20000000000005; 0.027504874831049506
57.30000000000005; 0.027969079290747902
57.40000000000005; 0.028437904308077112
57.50000000000005; 0.028911347941642244
57.60000000000005; 0.02938940772614204
57.70000000000005; 0.029872080676159065
57.800000000000054; 0.030359363290068744
57.90000000000005; 0.030851251554054257
58.00000000000005; 0.03134774094622248
58.10000000000005; 0.03184882644082912
58.20000000000005; 0.0323545025125925
58.300000000000054; 0.03286476314110811
58.40000000000005; 0.03337960181535303
58.50000000000005; 0.03389901153827695
58.60000000000005; 0.03442298483147581
58.70000000000005; 0.03495151373995398
58.800000000000054; 0.03548458983695349
58.90000000000005; 0.03602220422886857
59.00000000000005; 0.03656434756022352
59.10000000000005; 0.037111010018724876
59.20000000000005; 0.0376621813403748
59.300000000000054; 0.038217850814649304
59.40000000000005; 0.03877800728973292
59.50000000000005; 0.03934263917781255
59.60000000000005; 0.039911734460422316
59.70000000000005; 0.040485280693838575
59.800000000000054; 0.04106326501452372
59.900000000000055; 0.04164567414461487
60.00000000000005; 0.042232494397448535
60.10000000000005; 0.04282360547219988
60.20000000000005; 0.04341909764574705
60.300000000000054; 0.044018956348937606
60.400000000000055; 0.04462316662430591
60.50000000000005; 0.04523171314172273
60.60000000000005; 0.045844580204018916
60.70000000000005; 0.04646175175263373
60.800000000000054; 0.04708321137327652
60.900000000000055; 0.04770894230160983
61.00000000000006; 0.0483389274289397
61.10000000000005; 0.04897314930792121
61.20000000000005; 0.04961159015827116
61.300000000000054; 0.05025423187248887
61.400000000000055; 0.050901056021577636
61.50000000000006; 0.05155204386077678
61.60000000000005; 0.052207176335285245
61.70000000000005; 0.052866434085988616
61.800000000000054; 0.053529797455182944
61.900000000000055; 0.054197246492295244
62.00000000000006; 0.05486876095958824
62.10000000000005; 0.05554432033786962
62.20000000000005; 0.05622390383218006
62.300000000000054; 0.05690749037747287
62.400000000000055; 0.05759505864428374
62.50000000000006; 0.05828658704437579
62.60000000000005; 0.058982053736379186
62.70000000000005; 0.05968143663140273
62.800000000000054; 0.06038471339862978
62.900000000000055; 0.06109186147089539
63.00000000000006; 0.06180285805023294
63.10000000000006; 0.06251768011340597
63.20000000000005; 0.06323630441740735
63.300000000000054; 0.06395870750493483
63.400000000000055; 0.06468486570984085
63.50000000000006; 0.06541475516254981
63.60000000000006; 0.06614835179544354
63.70000000000005; 0.0668856313482232
63.800000000000054; 0.06762656937323128
63.900000000000055; 0.06837114124074105
64.00000000000006; 0.06911932214421804
64.10000000000005; 0.06987108710553779
64.20000000000006; 0.07062641098017103
64.30000000000005; 0.07138526846233482
64.40000000000006; 0.07214763409010003
64.50000000000006; 0.07291348225046225
64.60000000000005; 0.07368278718437606
64.70000000000006; 0.0744555229917427
64.80000000000005; 0.07523166363636227
64.90000000000006; 0.0760111829508451
65.00000000000006; 0.07679405464146917
65.10000000000005; 0.07758025229301406
65.20000000000006; 0.07836974937353104
65.30000000000005; 0.0791625192390822
65.40000000000006; 0.07995853513843337
65.50000000000006; 0.08075777021769287
65.60000000000005; 0.08156019752491685
65.70000000000006; 0.08236579001466134
65.80000000000005; 0.08317452055248609
65.90000000000006; 0.08398636191941711
66.00000000000006; 0.08480128681636111
66.10000000000005; 0.08561926786846477
66.20000000000006; 0.08644027762943743
66.30000000000005; 0.08726428858581697
66.40000000000006; 0.08809127316119043
66.50000000000006; 0.08892120372036501
66.60000000000005; 0.08975405257349071
66.70000000000006; 0.09058979198013645
66.80000000000005; 0.09142839415330808
66.90000000000006; 0.09226983126343066
67.00000000000006; 0.09311407544226318
67.10000000000007; 0.09396109878678587
67.20000000000006; 0.09481087336301347
67.30000000000005; 0.09566337120978094
67.40000000000006; 0.09651856434245988
67.50000000000006; 0.09737642475664213
67.60000000000007; 0.09823692443175892
67.70000000000006; 0.09910003533465865
67.80000000000005; 0.09996572942313299
67.90000000000006; 0.10083397864939345
68.00000000000006; 0.10170475496349289
68.10000000000007; 0.10257803031670475
68.20000000000006; 0.10345377666484853
68.30000000000005; 0.10433196597156491
68.40000000000006; 0.10521257021154433
68.50000000000006; 0.10609556137370357
68.60000000000007; 0.10698091146431439
68.70000000000006; 0.10786859251008121
68.80000000000005; 0.1087585765611726
68.90000000000006; 0.10965083569420363
69.00000000000006; 0.1105453420151655
69.10000000000007; 0.11144206766231207
69.20000000000006; 0.11234098480899589
69.30000000000005; 0.11324206566645781
69.40000000000006; 0.1141452824865623
69.50000000000006; 0.11505060756449634
69.60000000000007; 0.11595801324141272
69.70000000000006; 0.11686747190702898
69.80000000000007; 0.11777895600217904
69.90000000000006; 0.11869243802131972
70.00000000000006; 0.11960789051499013
70.10000000000007; 0.12052528609222342
70.20000000000006; 0.12144459742291906
70.30000000000007; 0.12236579724016297
70.40000000000006; 0.1232888583425031
70.50000000000006; 0.12421375359618894
70.60000000000007; 0.12514045593735426
70.70000000000006; 0.12606893837416963
70.80000000000007; 0.12699917398893362
70.90000000000006; 0.12793113594014202
71.00000000000006; 0.12886479746449556
71.10000000000007; 0.1298001318788769
71.20000000000006; 0.13073711258227985
71.30000000000007; 0.13167571305769765
71.40000000000006; 0.13261590687396999
71.50000000000006; 0.1335576676875921
71.60000000000007; 0.13450096924447694
71.70000000000006; 0.13544578538168364
71.80000000000007; 0.13639209002910033
71.90000000000006; 0.1373398572110894
72.00000000000006; 0.13828906104809524
72.10000000000007; 0.13923967575821478
72.20000000000006; 0.1401916756587207
72.30000000000007; 0.14114503516755939
72.40000000000006; 0.14209972880479607
72.50000000000006; 0.1430557311940437
72.60000000000007; 0.14401301706382807
72.70000000000006; 0.14497156124894464
72.80000000000007; 0.14593133869175642
72.90000000000006; 0.14689232444346967
73.00000000000006; 0.14785449366537004
73.10000000000007; 0.14881782163002175
73.20000000000006; 0.14978228372243965
73.30000000000007; 0.15074785544121738
73.40000000000006; 0.15171451239963116
73.50000000000007; 0.1526822303267038
73.60000000000007; 0.15365098506823674
73.70000000000006; 0.1546207525878166
73.80000000000007; 0.1555915089677793
73.90000000000006; 0.156563230410152
74.00000000000007; 0.15753589323755715
74.10000000000007; 0.15850947389408687
74.20000000000006; 0.15948394894615264
74.30000000000007; 0.1604592950832972
74.40000000000006; 0.16143548911898437
74.50000000000007; 0.16241250799134965
74.60000000000007; 0.16339032876393447
74.70000000000006; 0.1643689286263841
74.80000000000007; 0.1653482848951145
74.90000000000006; 0.1663283750139631
75.00000000000007; 0.16730917655480346
75.10000000000007; 0.1682906672181327
75.20000000000006; 0.16927282483363898
75.30000000000007; 0.17025562736073513
75.40000000000006; 0.17123905288907412
75.50000000000007; 0.17222307963903427
75.60000000000007; 0.1732076859621805
75.70000000000006; 0.17419285034170082
75.80000000000007; 0.17517855139282387
75.90000000000006; 0.17616476786319915
76.00000000000007; 0.17715147863327627
76.10000000000007; 0.17813866271663206
76.20000000000007; 0.17912629926030604
76.30000000000007; 0.18011436754508442
76.40000000000006; 0.1811028469857891
76.50000000000007; 0.18209171713152147
76.60000000000007; 0.18308095766589977
76.70000000000007; 0.1840705484072722
76.80000000000007; 0.18506046930890666
76.90000000000006; 0.18605070045916336
77.00000000000007; 0.18704122208164772
77.10000000000007; 0.18803201453533447
77.20000000000007; 0.18902305831469343
77.30000000000007; 0.19001433404977477
77.40000000000006; 0.19100582250628367
77.50000000000007; 0.19199750458564585
77.60000000000007; 0.19298936132503616
77.70000000000007; 0.19398137389741127
77.80000000000007; 0.19497352361150555
77.90000000000006; 0.1959657919118251
78.00000000000007; 0.19695816037861463
78.10000000000007; 0.19795061072781722
78.20000000000007; 0.19894312481100712
78.30000000000007; 0.19993568461531855
78.40000000000006; 0.20092827226335228
78.50000000000007; 0.20192087001306627
78.60000000000007; 0.20291346025765705
78.70000000000007; 0.2039060255254195
78.80000000000007; 0.20489854847960345
78.90000000000006; 0.20589101191823816
79.00000000000007; 0.20688339877396592
79.10000000000007; 0.20787569211384338
79.20000000000007; 0.2088678751391395
79.30000000000007; 0.2098599311851166
79.40000000000006; 0.2108518437208044
79.50000000000007; 0.2118435963487546
79.60000000000007; 0.21283517280478606
79.70000000000007; 0.21382655695772482
79.80000000000007; 0.2148177328091206
79.90000000000008; 0.21580868449295798
80.00000000000007; 0.21679939627536648
80.10000000000007; 0.21779010291018877
80.20000000000007; 0.21878054218702092
80.30000000000007; 0.2197706948842658
80.40000000000008; 0.22076054558666974
80.50000000000007; 0.22175007900992819
80.60000000000007; 0.222739280000351
80.70000000000007; 0.22372813353452442
80.80000000000007; 0.2247166247189519
80.90000000000008; 0.22570473878969516
81.00000000000007; 0.22669246111200134
81.10000000000007; 0.2276797771799197
81.20000000000007; 0.22866667261591886
81.30000000000007; 0.22965313317048217
81.40000000000008; 0.23063914472170421
81.50000000000007; 0.23162469327488205
81.60000000000007; 0.2326097649620835
81.70000000000007; 0.23359434604172358
81.80000000000007; 0.23457842289812514
81.90000000000008; 0.2355619820410806
82.00000000000007; 0.23654501010539009
82.10000000000007; 0.23752749385041094
82.20000000000007; 0.2385094201595934
82.30000000000007; 0.23949077604000166
82.40000000000008; 0.2404715486218465
82.50000000000007; 0.2414517251579925
82.60000000000008; 0.24243129302347496
82.70000000000007; 0.24341023971500117
82.80000000000007; 0.24438855285045
82.90000000000008; 0.2453662201683649
83.00000000000007; 0.24634322952744298
83.10000000000008; 0.2473195689060228
83.20000000000007; 0.24829522640155266
83.30000000000007; 0.249270190230075
83.40000000000008; 0.25024444872568663
83.50000000000007; 0.25121799034001047
83.60000000000008; 0.25219080364165286
83.70000000000007; 0.25316287731566073
83.80000000000007; 0.25413420016297106
83.90000000000008; 0.2551047610998644
84.00000000000007; 0.25607454915740663
84.10000000000008; 0.2570435534808905
84.20000000000007; 0.2580117633292736
84.30000000000007; 0.25897916807461774
84.40000000000008; 0.25994575720151136
84.50000000000007; 0.2609115203065049
84.60000000000008; 0.26187644709753777
84.70000000000007; 0.26284052739335767
84.80000000000007; 0.2638037511229404
84.90000000000008; 0.26476610832491204
85.00000000000007; 0.26572758914695993
85.10000000000008; 0.26668818384525567
85.20000000000007; 0.2676478827838498
85.30000000000007; 0.26860667643409963
85.40000000000008; 0.2695645553740632
85.50000000000007; 0.2705215102879114
85.60000000000008; 0.271477531965335
85.70000000000007; 0.2724326113009369
85.80000000000007; 0.2733867392936433
85.90000000000008; 0.27433990704609956
86.00000000000007; 0.27529210576407026
86.10000000000008; 0.2762433267558334
86.20000000000007; 0.27719356143158147
86.30000000000008; 0.2781428013028133
86.40000000000008; 0.2790910379817329
86.50000000000007; 0.28003826318063785
86.60000000000008; 0.28098446871131727
86.70000000000007; 0.2819296464844441
86.80000000000008; 0.28287378850896694
86.90000000000008; 0.28381688689149753
87.00000000000007; 0.2847589338357113
87.10000000000008; 0.2856999216417315
87.20000000000007; 0.2866398427055253
87.30000000000008; 0.2875786895182916
87.40000000000008; 0.2885164546658524
87.50000000000007; 0.28945313082804836
87.60000000000008; 0.29038871077812706
87.70000000000007; 0.2913231873821317
87.80000000000008; 0.29225655359830066
87.90000000000008; 0.29318880247645707
88.00000000000007; 0.2941199271573969
88.10000000000008; 0.29504992087229215
88.20000000000007; 0.2959787769420754
88.30000000000008; 0.2969064887768388
88.40000000000008; 0.29783304987523473
88.50000000000007; 0.29875845382385996
88.60000000000008; 0.2996826942966663
88.70000000000007; 0.30060576505434794
88.80000000000008; 0.30152765994374886
88.90000000000008; 0.30244837289725374
89.00000000000009; 0.3033678979322004
89.10000000000008; 0.3042862291502701
89.20000000000007; 0.30520336073690324
89.30000000000008; 0.3061192869606925
89.40000000000008; 0.3070340021727964
89.50000000000009; 0.3079475008063446
89.60000000000008; 0.3088597773758447
89.70000000000007; 0.30977082647659554
89.80000000000008; 0.3106806427840969
89.90000000000008; 0.31158922105346076
90.00000000000009; 0.3124965561188341
90.10000000000008; 0.3134026428928005
90.20000000000007; 0.3143074763658157
90.30000000000008; 0.31521105160561036
90.40000000000008; 0.31611336375662435
90.50000000000009; 0.3170144080394233
90.60000000000008; 0.31791417975012487
90.70000000000007; 0.3188126742598254
90.80000000000008; 0.319709887014029
90.90000000000008; 0.3206058135320751
91.00000000000009; 0.3215004494065788
91.10000000000008; 0.32239379030285326
91.20000000000007; 0.32328583195835753
91.30000000000008; 0.3241765701821288
91.40000000000008; 0.3250660008542216
91.50000000000009; 0.32595411992515466
91.60000000000008; 0.3268409234153546
91.70000000000007; 0.32772640741460046
91.80000000000008; 0.3286105680814745
91.90000000000008; 0.3294934016428103
92.00000000000009; 0.3303749043931527
92.10000000000008; 0.33125507269420523
92.20000000000007; 0.33213390297429546
92.30000000000008; 0.3330113917278284
92.40000000000008; 0.33388753551475425
92.50000000000009; 0.33476233096003066
92.60000000000008; 0.33563577475308987
92.70000000000009; 0.3365078636473079
92.80000000000008; 0.33737859445947666
92.90000000000008; 0.3382479640692789
93.00000000000009; 0.33911596941876365
93.10000000000008; 0.33998260751182857
93.20000000000009; 0.3408478754136955
93.30000000000008; 0.3417117702503979
93.40000000000008; 0.3425742892082689
93.50000000000009; 0.34343542953342726
93.60000000000008; 0.34429518853126984
93.70000000000009; 0.34515356356596466
93.80000000000008; 0.34601055205995146
93.90000000000008; 0.34686615149343214
94.00000000000009; 0.34772035940388263
94.10000000000008; 0.3485731733855487
94.20000000000009; 0.3494245910889581
94.30000000000008; 0.3502746102204244
94.40000000000008; 0.3511232285415628
94.50000000000009; 0.3519704438688077
94.60000000000008; 0.35281625407291717
94.70000000000009; 0.3536606570785104
94.80000000000008; 0.3545036508635717
94.90000000000008; 0.35534523345899016
95.00000000000009; 0.35618540294807605
95.10000000000008; 0.3570241574661004
95.20000000000009; 0.35786149519981747
95.30000000000008; 0.3586974143870119
95.40000000000009; 0.35953191331602485
95.50000000000009; 0.3603649903253011
95.60000000000008; 0.3611966438029329
95.70000000000009; 0.3620268721862032
95.80000000000008; 0.3628556739611354
95.90000000000009; 0.36368304766204473
96.00000000000009; 0.3645089918710887
96.10000000000008; 0.3653335052178289
96.20000000000009; 0.3661565863787893
96.30000000000008; 0.366978234077013
96.40000000000009; 0.36779844708163084
96.50000000000009; 0.36861722420743126
96.60000000000008; 0.3694345643144203
96.70000000000009; 0.37025046630740704
96.80000000000008; 0.37106492913556777
96.90000000000009; 0.3718779517920277
97.00000000000009; 0.37268953331344395
97.10000000000008; 0.3734996727795824
97.20000000000009; 0.374308369312911
97.30000000000008; 0.3751156220781797
97.40000000000009; 0.37592143028201985
97.50000000000009; 0.37672579317253113
97.60000000000008; 0.3775287100388776
97.70000000000009; 0.37833018021089515
97.80000000000008; 0.3791302030586805
97.90000000000009; 0.37992877799220454
98.00000000000009; 0.380725904460915
98.10000000000008; 0.38152158195334757
98.20000000000009; 0.3823158099967344
98.30000000000008; 0.38310858815662097
98.40000000000009; 0.3838999160364861
98.50000000000009; 0.38468979327735325
98.60000000000008; 0.3854782195574217
98.70000000000009; 0.38626519459168607
98.80000000000008; 0.38705071813156444
98.90000000000009; 0.38783478996452725
99.00000000000009; 0.3886174099137326
99.1000000000001; 0.38939857783766113
99.20000000000009; 0.39017829362974826
99.30000000000008; 0.39095655721803285
99.40000000000009; 0.39173336856478824
99.50000000000009; 0.3925087276661785
99.6000000000001; 0.39328263455189977
99.70000000000009; 0.3940550892848333
99.80000000000008; 0.39482609196069546
99.90000000000009; 0.39559564270769193
100.00000000000009; 0.39636373629031435
100.1000000000001; 0.39713017211497303
100.20000000000009; 0.3978951572221273
100.30000000000008; 0.3986586918863936
100.40000000000009; 0.39942077641306856
100.50000000000009; 0.4001814111377976
100.6000000000001; 0.4009405964262422
100.70000000000009; 0.4016983326737621
100.80000000000008; 0.40245462030509066
100.90000000000009; 0.4032094597740088
101.00000000000009; 0.40396285156303813
101.1000000000001; 0.4047147961831132
101.20000000000009; 0.4054652941732754
101.30000000000008; 0.40621434610036344
101.40000000000009; 0.4069619525586984
101.50000000000009; 0.4077081141697838
101.6000000000001; 0.4084528315819988
101.70000000000009; 0.409196105470297
101.8000000000001; 0.4099379365359054
101.90000000000009; 0.4106783255060341
102.00000000000009; 0.4114172731335708
102.1000000000001; 0.41215478019680085
102.20000000000009; 0.4128908474991071
102.3000000000001; 0.41362547586868686
102.40000000000009; 0.4143586661582652
102.50000000000009; 0.4150904192448116
102.6000000000001; 0.4158207360292579
102.70000000000009; 0.4165496174362239
102.8000000000001; 0.41727706441373325
102.90000000000009; 0.41800307793294195
103.00000000000009; 0.4187276589878721
103.1000000000001; 0.4194508085951294
103.20000000000009; 0.4201725277936459
103.3000000000001; 0.42089281764440883
103.40000000000009; 0.4216116792301983
103.50000000000009; 0.4223291136553237
103.6000000000001; 0.4230451220453683
103.70000000000009; 0.4237597055469275
103.8000000000001; 0.42447286532735434
103.90000000000009; 0.42518460257450685
104.00000000000009; 0.4258949184964978
104.1000000000001; 0.42660381432144284
104.20000000000009; 0.42731129129721723
104.3000000000001; 0.4280173506912053
104.40000000000009; 0.42872199379006076
104.50000000000009; 0.429425221899469
104.6000000000001; 0.4301270363438967
104.70000000000009; 0.4308274384663699
104.8000000000001; 0.4315264296282226
104.90000000000009; 0.4322240112088794
105.00000000000009; 0.43292018460560955
105.1000000000001; 0.43361495123331123
105.20000000000009; 0.434308312524271
105.3000000000001; 0.4350002699279478
105.40000000000009; 0.43569082491074645
105.5000000000001; 0.4363799789557953
105.6000000000001; 0.43706773356272544
105.70000000000009; 0.43775409024745543
105.8000000000001; 0.4384390505419707
105.90000000000009; 0.43912261599411684
106.0000000000001; 0.4398047881673768
106.1000000000001; 0.4404855686406708
106.20000000000009; 0.44116495900814034
106.3000000000001; 0.44184296087894226
106.40000000000009; 0.4425195758770467
106.5000000000001; 0.44319480564103053
106.6000000000001; 0.44386865182387436
106.70000000000009; 0.44454111609276803
106.8000000000001; 0.44521220012890894
106.90000000000009; 0.44588190562730157
107.0000000000001; 0.4465502342965722
107.1000000000001; 0.44721718785876735
107.20000000000009; 0.44788276804916644
107.3000000000001; 0.4485469766160882
107.40000000000009; 0.44920981532071175
107.5000000000001; 0.4498712859368761
107.6000000000001; 0.450531390250912
107.70000000000009; 0.45119013006144176
107.8000000000001; 0.45184750717921335
107.90000000000009; 0.4525035234269086
108.0000000000001; 0.4531581806389743
108.1000000000001; 0.4538114806614352
108.2000000000001; 0.4544634253517308
108.3000000000001; 0.4551140165785334
108.40000000000009; 0.45576325622157815
108.5000000000001; 0.45641114617149575
108.6000000000001; 0.4570576883296399
108.7000000000001; 0.45770288460792
108.8000000000001; 0.4583467369286394
108.90000000000009; 0.45898924722432893
109.0000000000001; 0.45963041743758043
109.1000000000001; 0.46027024952089096
109.2000000000001; 0.46090874543650384
109.3000000000001; 0.461545907156242
109.40000000000009; 0.46218173666136014
109.5000000000001; 0.4628162359423851
109.6000000000001; 0.46344940699896314
109.7000000000001; 0.46408125183970705
109.8000000000001; 0.4647117724820442
109.90000000000009; 0.4653409709520674
110.0000000000001; 0.4659688492843881
110.1000000000001; 0.4665954095219866
110.2000000000001; 0.4672206537160686
110.3000000000001; 0.4678445839259219
110.40000000000009; 0.46846720221876875
110.5000000000001; 0.4690885106696328
110.6000000000001; 0.46970851136119085
110.7000000000001; 0.470327206383636
110.8000000000001; 0.47094459783454395
110.90000000000009; 0.47156068781873334
111.0000000000001; 0.47217547844813035
111.1000000000001; 0.4727889718416394
111.2000000000001; 0.4734011701250065
111.3000000000001; 0.47401207543068846
111.40000000000009; 0.47462168989772563
111.5000000000001; 0.4752300156716119
111.6000000000001; 0.4758370549041657
111.7000000000001; 0.47644280975340947
111.8000000000001; 0.47704728238343835
111.9000000000001; 0.4776504749642989
112.0000000000001; 0.4782523896718683
112.1000000000001; 0.4788530286877332
112.2000000000001; 0.47945239419906455
112.3000000000001; 0.48005048839850606
112.4000000000001; 0.48064731348405054
112.5000000000001; 0.4812428716589283
112.6000000000001; 0.48183716513148717
112.7000000000001; 0.48243019611508037
112.8000000000001; 0.4830219668279542
112.9000000000001; 0.4836124794931347
113.0000000000001; 0.48420173633831753
113.1000000000001; 0.4847897395957552
113.2000000000001; 0.4853764915021569
113.3000000000001; 0.48596199429856934
113.4000000000001; 0.4865462502302778
113.5000000000001; 0.4871292615467001
113.6000000000001; 0.4877110305012782
113.7000000000001; 0.4882915593513804
113.8000000000001; 0.4888708503581942
113.9000000000001; 0.48944890578662636
114.0000000000001; 0.490025727905207
114.1000000000001; 0.4906013189859826
114.2000000000001; 0.4911756813044239
114.3000000000001; 0.49174881713932556
114.4000000000001; 0.4923207287727132
114.5000000000001; 0.4928914184897451
114.60000000000011; 0.49346088857861836
114.7000000000001; 0.4940291413304757
114.8000000000001; 0.4945961790393155
114.9000000000001; 0.4951620040018989
115.0000000000001; 0.49572661851765787
115.10000000000011; 0.49629002488860735
115.2000000000001; 0.4968522254192565
115.3000000000001; 0.4974132224165211
115.4000000000001; 0.4979730181896383
115.5000000000001; 0.4985316150500772
115.60000000000011; 0.49908901531145816
115.7000000000001; 0.4996452212894667
115.8000000000001; 0.5002002353017685
115.9000000000001; 0.5007540596679342
116.0000000000001; 0.5013066967093469
116.10000000000011; 0.5018581487491334
116.2000000000001; 0.5024084181120779
116.3000000000001; 0.5029575071245428
116.4000000000001; 0.5035054181143936
116.5000000000001; 0.5040521534109235
116.60000000000011; 0.5045977153447716
116.7000000000001; 0.5051421062478502
116.8000000000001; 0.5056853284532735
116.9000000000001; 0.5062273842952781
117.0000000000001; 0.5067682761091558
117.10000000000011; 0.5073080062311734
117.2000000000001; 0.5078465769985111
117.3000000000001; 0.5083839907491865
117.4000000000001; 0.5089202498219831
117.5000000000001; 0.509455356556386
117.60000000000011; 0.5099893132925085
117.7000000000001; 0.5105221223710312
117.8000000000001; 0.5110537861331278
117.9000000000001; 0.5115843069204036
118.0000000000001; 0.5121136870748302
118.10000000000011; 0.5126419289386785
118.2000000000001; 0.5131690348544579
118.30000000000011; 0.5136950071648498
118.4000000000001; 0.5142198482126467
118.5000000000001; 0.5147435603406932
118.60000000000011; 0.5152661458918214
118.7000000000001; 0.5157876072087901
118.80000000000011; 0.5163079466342282
118.9000000000001; 0.5168271665105743
119.0000000000001; 0.5173452691800196
119.10000000000011; 0.5178622569844462
119.2000000000001; 0.5183781322653778
119.30000000000011; 0.5188928973639131
119.4000000000001; 0.5194065546206809
119.5000000000001; 0.5199191063757764
119.60000000000011; 0.5204305549687146
119.7000000000001; 0.5209409027383699
119.80000000000011; 0.5214501520229257
119.9000000000001; 0.5219583051598221
120.0000000000001; 0.5224653644857062
120.10000000000011; 0.5229713323363772
120.2000000000001; 0.5234762110467358
120.30000000000011; 0.5239800029507395
120.4000000000001; 0.5244827103813445
120.5000000000001; 0.5249843356704679
120.60000000000011; 0.5254848811489286
120.7000000000001; 0.5259843491464051
120.80000000000011; 0.5264827419913918
120.9000000000001; 0.5269800620111432
121.00000000000011; 0.5274763115316388
121.10000000000011; 0.5279714928775262
121.2000000000001; 0.5284656083720896
121.30000000000011; 0.5289586603371922
121.4000000000001; 0.5294506510932422
121.50000000000011; 0.529941582959144
121.60000000000011; 0.5304314582522608
121.7000000000001; 0.5309202792883659
121.80000000000011; 0.5314080483816082
121.9000000000001; 0.5318947678444645
122.00000000000011; 0.5323804399877037
122.10000000000011; 0.5328650671203452
122.2000000000001; 0.5333486515496185
122.30000000000011; 0.5338311955809273
122.4000000000001; 0.5343127015178055
122.50000000000011; 0.5347931716618866
122.60000000000011; 0.5352726083128587
122.7000000000001; 0.5357510137684317
122.80000000000011; 0.5362283903243004
122.9000000000001; 0.5367047402741089
123.00000000000011; 0.5371800659094125
123.10000000000011; 0.5376543695196455
123.2000000000001; 0.538127653392082
123.30000000000011; 0.5385999198118088
123.4000000000001; 0.5390711710616868
123.50000000000011; 0.5395414094223154
123.60000000000011; 0.5400106371720069
123.7000000000001; 0.5404788565867481
123.80000000000011; 0.5409460699401711
123.9000000000001; 0.5414122795035183
124.00000000000011; 0.5418774875456167
124.10000000000011; 0.5423416963328437
124.2000000000001; 0.5428049081290963
124.30000000000011; 0.5432671251957639
124.4000000000001; 0.543728349791697
124.50000000000011; 0.5441885841731775
124.60000000000011; 0.544647830593892
124.70000000000012; 0.5451060913049032
124.80000000000011; 0.5455633685546216
124.9000000000001; 0.5460196645887756
125.00000000000011; 0.5464749816503907
125.10000000000011; 0.5469293219797563
125.20000000000012; 0.5473826878144038
125.30000000000011; 0.5478350813890773
125.4000000000001; 0.5482865049357132
125.50000000000011; 0.5487369606834072
125.60000000000011; 0.5491864508583979
125.70000000000012; 0.5496349776840375
125.80000000000011; 0.5500825433807688
125.9000000000001; 0.550529150166101
126.00000000000011; 0.5509748002545866
126.10000000000011; 0.5514194958578009
126.20000000000012; 0.5518632391843165
126.30000000000011; 0.5523060324396798
126.4000000000001; 0.5527478778263935
126.50000000000011; 0.5531887775438903
126.60000000000011; 0.553628733788516
126.70000000000012; 0.5540677487535061
126.80000000000011; 0.554505824628963
126.9000000000001; 0.5549429636018429
127.00000000000011; 0.5553791678559264
127.10000000000011; 0.555814439571806
127.20000000000012; 0.5562487809268649
127.30000000000011; 0.5566821940952567
127.40000000000012; 0.5571146812478865
127.50000000000011; 0.5575462445523958
127.60000000000011; 0.5579768861731401
127.70000000000012; 0.558406608271174
127.80000000000011; 0.558835413004232
127.90000000000012; 0.5592633025267144
128.0000000000001; 0.5596902789896653
128.1000000000001; 0.5601163445407608
128.2000000000001; 0.5605415013242895
128.30000000000013; 0.5609657514811373
128.40000000000012; 0.5613890971487738
128.5000000000001; 0.5618115404612336
128.6000000000001; 0.562233083549102
128.7000000000001; 0.562653728539502
128.80000000000013; 0.5630734775560767
128.90000000000012; 0.5634923327189769
129.0000000000001; 0.563910296144846
129.1000000000001; 0.564327369946808
129.2000000000001; 0.5647435562344496
129.30000000000013; 0.5651588571138113
129.40000000000012; 0.5655732746873741
129.5000000000001; 0.5659868110540408
129.6000000000001; 0.5663994683091312
129.7000000000001; 0.5668112485443669
129.80000000000013; 0.5672221538478546
129.90000000000012; 0.5676321863040809
130.0000000000001; 0.5680413479938965
130.1000000000001; 0.568449640994509
130.2000000000001; 0.5688570673794648
130.30000000000013; 0.5692636292186444
130.40000000000012; 0.5696693285782497
130.5000000000001; 0.5700741675207915
130.6000000000001; 0.5704781481050832
130.7000000000001; 0.5708812723862271
130.80000000000013; 0.5712835424156075
130.90000000000012; 0.5716849602408771
131.0000000000001; 0.5720855279059515
131.1000000000001; 0.5724852474509999
131.2000000000001; 0.572884120912432
131.30000000000013; 0.5732821503228959
131.40000000000012; 0.5736793377112618
131.5000000000001; 0.5740756851026196
131.6000000000001; 0.574471194518269
131.7000000000001; 0.574865867975709
131.80000000000013; 0.5752597074886361
131.90000000000012; 0.5756527150669302
132.0000000000001; 0.5760448927166499
132.1000000000001; 0.5764362424400269
132.2000000000001; 0.5768267662354569
132.30000000000013; 0.5772164660974938
132.40000000000012; 0.5776053440168422
132.5000000000001; 0.5779934019803527
132.6000000000001; 0.5783806419710118
132.70000000000013; 0.5787670659679424
132.80000000000013; 0.5791526759463905
132.90000000000012; 0.5795374738777249
133.0000000000001; 0.5799214617294288
133.1000000000001; 0.5803046414650957
133.20000000000013; 0.5806870150444243
133.30000000000013; 0.5810685844232125
133.40000000000012; 0.581449351553353
133.5000000000001; 0.5818293183828281
133.6000000000001; 0.5822084868557068
133.70000000000013; 0.5825868589121391
133.80000000000013; 0.5829644364883507
133.90000000000012; 0.5833412215166419
134.0000000000001; 0.5837172159253811
134.1000000000001; 0.5840924216390011
134.20000000000013; 0.5844668405779988
134.30000000000013; 0.5848404746589252
134.40000000000012; 0.5852133257943906
134.5000000000001; 0.5855853958930541
134.6000000000001; 0.585956686859625
134.70000000000013; 0.5863272005948565
134.80000000000013; 0.5866969389955469
134.90000000000012; 0.5870659039545343
135.0000000000001; 0.5874340973606939
135.1000000000001; 0.5878015210989376
135.20000000000013; 0.5881681770502115
135.30000000000013; 0.5885340670914905
135.40000000000012; 0.5888991930957824
135.5000000000001; 0.5892635569321204
135.6000000000001; 0.5896271604655643
135.70000000000013; 0.5899900055572006
135.80000000000013; 0.5903520940641355
135.90000000000012; 0.5907134278394996
136.0000000000001; 0.5910740087324449
136.1000000000001; 0.5914338385881406
136.20000000000013; 0.5917929192477768
136.30000000000013; 0.5921512525485614
136.40000000000012; 0.5925088403237189
136.5000000000001; 0.5928656844024912
136.6000000000001; 0.5932217866101382
136.70000000000013; 0.5935771487679329
136.80000000000013; 0.5939317726931681
136.90000000000012; 0.5942856601991485
137.0000000000001; 0.5946388130951973
137.1000000000001; 0.5949912331866527
137.20000000000013; 0.5953429222748705
137.30000000000013; 0.595693882157221
137.40000000000012; 0.596044114627093
137.5000000000001; 0.5963936214738917
137.6000000000001; 0.5967424044830433
137.70000000000013; 0.5970904654359899
137.80000000000013; 0.597437806110195
137.90000000000012; 0.597784428279143
138.0000000000001; 0.5981303337123389
138.1000000000001; 0.5984755241753126
138.20000000000013; 0.5988200014296172
138.30000000000013; 0.5991637672328314
138.40000000000012; 0.5995068233385612
138.5000000000001; 0.5998491714964417
138.60000000000014; 0.6001908134521375
138.70000000000013; 0.600531750947344
138.80000000000013; 0.6008719857197942
138.90000000000012; 0.6012115195032515
139.0000000000001; 0.6015503540275206
139.10000000000014; 0.6018884910184441
139.20000000000013; 0.6022259321979074
139.30000000000013; 0.6025626792838393
139.40000000000012; 0.6028987339902149
139.5000000000001; 0.6032340980270579
139.60000000000014; 0.6035687731004427
139.70000000000013; 0.6039027609124984
139.80000000000013; 0.6042360631614097
139.90000000000012; 0.6045686815414208
140.0000000000001; 0.6049006177428369
140.10000000000014; 0.6052318734520282
140.20000000000013; 0.6055624503514316
140.30000000000013; 0.6058923501195573
140.40000000000012; 0.6062215744309851
140.5000000000001; 0.6065501249563756
140.60000000000014; 0.6068780033624662
140.70000000000013; 0.6072052113120783
140.80000000000013; 0.6075317504641216
140.90000000000012; 0.6078576224735935
141.0000000000001; 0.6081828289915869
141.10000000000014; 0.6085073716652896
141.20000000000013; 0.6088312521379913
141.30000000000013; 0.609154472049087
141.40000000000012; 0.6094770330340777
141.5000000000001; 0.609798936724579
141.60000000000014; 0.6101201847483182
141.70000000000013; 0.6104407787291463
141.80000000000013; 0.6107607202870353
141.90000000000012; 0.6110800110380866
142.0000000000001; 0.6113986525945323
142.10000000000014; 0.6117166465647413
142.20000000000013; 0.6120339945532218
142.30000000000013; 0.6123506981606279
142.40000000000012; 0.6126667589837604
142.5000000000001; 0.6129821786155757
142.60000000000014; 0.6132969586451851
142.70000000000013; 0.6136111006578638
142.80000000000013; 0.6139246062350545
142.90000000000012; 0.6142374769543689
143.0000000000001; 0.6145497143895956
143.10000000000014; 0.6148613201107039
143.20000000000013; 0.6151722956838485
143.30000000000013; 0.6154826426713739
143.40000000000012; 0.6157923626318195
143.5000000000001; 0.6161014571199251
143.60000000000014; 0.6164099276866347
143.70000000000013; 0.6167177758791016
143.80000000000013; 0.617025003240695
143.90000000000012; 0.6173316113110028
144.0000000000001; 0.6176376016258384
144.10000000000014; 0.6179429757172457
144.20000000000013; 0.6182477351135033
144.30000000000013; 0.6185518813391303
144.40000000000012; 0.6188554159148912
144.5000000000001; 0.6191583403578035
144.60000000000014; 0.619460656181138
144.70000000000013; 0.6197623648944297
144.80000000000013; 0.62006346800348
144.90000000000012; 0.6203639670103643
145.0000000000001; 0.6206638634134344
145.10000000000014; 0.6209631587073267
145.20000000000013; 0.6212618543829667
145.30000000000013; 0.6215599519275765
145.40000000000012; 0.6218574528246763
145.50000000000014; 0.6221543585540947
145.60000000000014; 0.6224506705919709
145.70000000000013; 0.622746390410763
145.80000000000013; 0.6230415194792522
145.90000000000012; 0.6233360592625489
146.00000000000014; 0.623630011222099
146.10000000000014; 0.6239233768156895
146.20000000000013; 0.6242161574974538
146.30000000000013; 0.6245083547178799
146.40000000000012; 0.6247999699238134
146.50000000000014; 0.6250910045584647
146.60000000000014; 0.6253814600614156
146.70000000000013; 0.6256713378686254
146.80000000000013; 0.6259606394124357
146.90000000000012; 0.6262493661215778
147.00000000000014; 0.626537519421178
147.10000000000014; 0.6268251007327632
147.20000000000013; 0.62711211147427
147.30000000000013; 0.6273985530600474
147.40000000000012; 0.6276844269008655
147.50000000000014; 0.6279697344039193
147.60000000000014; 0.6282544769728369
147.70000000000013; 0.6285386560076873
147.80000000000013; 0.6288222729049813
147.90000000000012; 0.6291053290576851
148.00000000000014; 0.6293878258552196
148.10000000000014; 0.6296697646834715
148.20000000000013; 0.6299511469247989
148.30000000000013; 0.6302319739580357
148.40000000000012; 0.6305122471585012
148.50000000000014; 0.6307919678980026
148.60000000000014; 0.631071137544845
148.70000000000013; 0.6313497574638371
148.80000000000013; 0.6316278290162971
148.90000000000012; 0.6319053535600577
149.00000000000014; 0.6321823324494766
149.10000000000014; 0.6324587670354395
149.20000000000013; 0.6327346586653678
149.30000000000013; 0.6330100086832275
149.40000000000012; 0.633284818429531
149.50000000000014; 0.6335590892413476
149.60000000000014; 0.6338328224523103
149.70000000000013; 0.6341060193926188
149.80000000000013; 0.6343786813890511
149.90000000000012; 0.634650809764966
150.00000000000014; 0.6349224058403122
150.10000000000014; 0.6351934768657891
150.20000000000013; 0.6354640182811369
150.30000000000013; 0.6357340313051384
150.40000000000012; 0.636003517238517
150.50000000000014; 0.6362724773786766
150.60000000000014; 0.6365409130197145
150.70000000000013; 0.6368088254524226
150.80000000000013; 0.6370762159642952
150.90000000000012; 0.6373430858395377
151.00000000000014; 0.637609436359069
151.10000000000014; 0.6378752688005316
151.20000000000013; 0.6381405844382941
151.30000000000013; 0.6384053845434623
151.40000000000015; 0.6386696703838812
151.50000000000014; 0.6389334432241451
151.60000000000014; 0.6391967043256017
151.70000000000013; 0.6394594549463579
151.80000000000013; 0.6397216963412894
151.90000000000015; 0.6399834297620457
152.00000000000014; 0.640244656457054
152.10000000000014; 0.6405053776715296
152.20000000000013; 0.6407655946474816
152.30000000000013; 0.6410253086237173
152.40000000000015; 0.64128452083585
152.50000000000014; 0.6415432325163062
152.60000000000014; 0.6418014448943311
152.70000000000013; 0.6420591591959974
152.80000000000013; 0.6423163766442069
152.90000000000015; 0.6425730984587031
153.00000000000014; 0.6428293258560742
153.10000000000014; 0.6430850600497593
153.20000000000013; 0.643340302250057
153.30000000000013; 0.6435950536641315
153.40000000000015; 0.6438493154960179
153.50000000000014; 0.6441030889466308
153.60000000000014; 0.6443563752137689
153.70000000000013; 0.6446091754921239
153.80000000000013; 0.6448614909732833
153.90000000000015; 0.6451133228457433
154.00000000000014; 0.6453646722949075
154.10000000000014; 0.6456155405031014
154.20000000000013; 0.6458659286495728
154.30000000000013; 0.6461158379105025
154.40000000000015; 0.6463652694590086
154.50000000000014; 0.6466142244651548
154.60000000000014; 0.6468627040959558
154.70000000000013; 0.647110709515384
154.80000000000013; 0.6473582418843777
154.90000000000015; 0.6476053023608459
155.00000000000014; 0.6478518920996771
155.10000000000014; 0.6480980122527416
155.20000000000013; 0.6483436639689046
155.30000000000013; 0.6485888483940279
155.40000000000015; 0.6488335666709778
155.50000000000014; 0.6490778199396323
155.60000000000014; 0.6493216093368892
155.70000000000013; 0.6495649359966688
155.80000000000013; 0.649807801049925
155.90000000000015; 0.6500502056246479
156.00000000000014; 0.650292150845875
156.10000000000014; 0.6505336378356933
156.20000000000013; 0.6507746677132495
156.30000000000013; 0.651015241594754
156.40000000000015; 0.6512553605934905
156.50000000000014; 0.6514950258198191
156.60000000000014; 0.6517342383811872
156.70000000000013; 0.6519729993821318
156.80000000000013; 0.6522113099242892
156.90000000000015; 0.652449171106401
157.00000000000014; 0.6526865840243202
157.10000000000014; 0.6529235497710181
157.20000000000013; 0.6531600694365919
157.30000000000013; 0.6533961441082685
157.40000000000015; 0.6536317748704159
157.50000000000014; 0.653866962804546
157.60000000000014; 0.6541017089893212
157.70000000000013; 0.6543360145005638
157.80000000000013; 0.6545698804112613
157.90000000000015; 0.6548033077915716
158.00000000000014; 0.6550362977088326
158.10000000000014; 0.6552688512275663
158.20000000000013; 0.6555009694094853
158.30000000000015; 0.6557326533135025
158.40000000000015; 0.6559639039957352
158.50000000000014; 0.6561947225095107
158.60000000000014; 0.6564251099053766
158.70000000000013; 0.6566550672311043
158.80000000000015; 0.6568845955316959
158.90000000000015; 0.6571136958493936
159.00000000000014; 0.6573423692236822
159.10000000000014; 0.6575706166912985
159.20000000000013; 0.6577984392862376
159.30000000000015; 0.6580258380397593
159.40000000000015; 0.6582528139803926
159.50000000000014; 0.6584793681339463
159.60000000000014; 0.6587055015235131
159.70000000000013; 0.6589312151694743
159.80000000000015; 0.6591565100895115
159.90000000000015; 0.6593813872986088
160.00000000000014; 0.6596058478090613
