energy (keV); transmission
1.0; 0.0
1.1; 0.0
1.2000000000000002; 0.0
1.3000000000000003; 0.0
1.4000000000000004; 0.0
1.5000000000000004; 0.0
1.6000000000000005; 0.0
1.7000000000000006; 0.0
1.8000000000000007; 0.0
1.9000000000000008; 0.0
2.000000000000001; 0.0
2.100000000000001; 0.0
2.200000000000001; 0.0
2.300000000000001; 0.0
2.4000000000000012; 0.0
2.5000000000000013; 0.0
2.6000000000000014; 0.0
2.7000000000000015; 0.0
2.8000000000000016; 0.0
2.9000000000000017; 0.0
3.0000000000000018; 0.0
3.100000000000002; 0.0
3.200000000000002; 0.0
3.300000000000002; 0.0
3.400000000000002; 0.0
3.500000000000002; 0.0
3.6000000000000023; 0.0
3.7000000000000024; 0.0
3.8000000000000025; 0.0
3.9000000000000026; 0.0
4.000000000000003; 0.0
4.100000000000003; 0.0
4.200000000000003; 1.82381403e-316
4.3000000000000025; 4.2815436616761986e-297
4.400000000000003; 2.52662126461542e-279
4.5000000000000036; 5.471001121169644e-263
4.600000000000003; 6.059409550084139e-248
4.700000000000003; 4.599069009633789e-234
4.800000000000003; 3.097260756473445e-221
4.900000000000004; 2.3264669166130807e-209
5.0000000000000036; 4.9304398102453204e-204
5.100000000000003; 1.4185466013508752e-193
5.200000000000004; 8.63055360356281e-184
5.300000000000004; 1.2389682266346e-174
5.400000000000004; 4.6326640524798696e-166
5.5000000000000036; 4.9401288521919335e-158
5.600000000000004; 1.634414541431115e-150
5.700000000000005; 1.815161191133417e-143
5.800000000000004; 7.286108009315481e-137
5.900000000000004; 1.132991020770966e-130
6.000000000000004; 7.678323017108164e-216
6.100000000000005; 7.5445124620880065e-211
6.200000000000005; 2.5603087161572865e-205
6.300000000000004; 2.387649727322393e-199
6.400000000000005; 4.819715583511659e-193
6.500000000000005; 1.6650248613781518e-186
6.600000000000005; 7.671280050304371e-180
6.700000000000005; 4.0853880541667356e-173
6.800000000000005; 2.0478147417958388e-166
6.900000000000006; 8.315251643154959e-160
7.000000000000005; 2.4161660580600576e-153
7.100000000000005; 4.549216633032662e-147
7.2000000000000055; 3.8892579453359602e-208
7.300000000000006; 3.66155217033262e-200
7.400000000000006; 1.5162682238845839e-192
7.500000000000005; 2.7406076008281786e-185
7.600000000000006; 2.168117031148028e-178
7.700000000000006; 7.591075253134639e-172
7.800000000000006; 1.1970074536994064e-165
7.900000000000006; 8.691200104549492e-160
8.000000000000007; 2.980313146565103e-154
8.100000000000007; 5.14749798889936e-149
8.200000000000006; 4.58058068759942e-144
8.300000000000006; 2.2207005176049247e-139
8.400000000000006; 2.6412889550530517e-292
8.500000000000007; 1.2461007951863895e-283
8.600000000000007; 2.457094586017804e-275
8.700000000000006; 2.1468045298757098e-267
8.800000000000008; 8.765437719674932e-260
8.900000000000007; 1.7557618714809446e-252
9.000000000000007; 1.8037629261609376e-245
9.100000000000007; 9.899784681042275e-239
9.200000000000006; 3.0135548832298904e-232
9.300000000000008; 5.266492515823845e-226
9.400000000000007; 5.454659253259499e-220
9.500000000000007; 3.448065363859003e-214
9.600000000000009; 1.366921081569764e-208
9.700000000000008; 3.4849493834680647e-203
9.800000000000008; 5.848745884542723e-198
9.900000000000007; 6.603008527912793e-193
10.000000000000007; 5.116417256309068e-188
10.100000000000009; 2.7883354860192256e-183
10.200000000000008; 1.0760374973005223e-178
10.300000000000008; 2.9771516154203135e-174
10.40000000000001; 5.97650560881011e-170
10.500000000000009; 8.805414904971949e-166
10.600000000000009; 9.62721962436949e-162
10.700000000000008; 7.89422339086841e-158
10.800000000000008; 4.9046481614660483e-154
10.90000000000001; 2.3316265278579738e-150
11.000000000000009; 8.561748681607246e-147
11.100000000000009; 2.4505368943563305e-143
11.20000000000001; 5.5150262628842615e-140
11.30000000000001; 9.841675437998131e-137
11.40000000000001; 1.403893252703801e-133
11.500000000000009; 1.6133092098338361e-130
11.600000000000009; 1.5047562947084375e-127
11.70000000000001; 1.1473688057998492e-124
11.80000000000001; 7.201668268393133e-122
11.90000000000001; 3.745825789416535e-119
12.00000000000001; 1.624906626614367e-116
12.10000000000001; 5.9149724866480145e-114
12.20000000000001; 1.817594239643566e-111
12.30000000000001; 4.741772699146508e-109
12.40000000000001; 1.0560170699915696e-106
12.50000000000001; 2.0182976000683245e-104
12.60000000000001; 3.3273273941388317e-102
12.70000000000001; 4.754793959946699e-100
12.800000000000011; 5.917584890999817e-98
12.900000000000011; 6.443307651124695e-96
13.00000000000001; 6.164912653877393e-94
13.10000000000001; 5.20512103161951e-92
13.20000000000001; 3.8939067933618533e-90
13.300000000000011; 2.591143844951437e-88
13.400000000000011; 1.5395265991981769e-86
13.50000000000001; 8.196934779642557e-85
13.600000000000012; 3.924696487487684e-83
13.700000000000012; 1.6955778680742286e-81
13.800000000000011; 6.631326618562003e-80
13.900000000000011; 2.3551432933285365e-78
14.00000000000001; 7.618736596093591e-77
14.100000000000012; 2.2514634862912666e-75
14.200000000000012; 6.095169359086925e-74
14.300000000000011; 1.515740597280959e-72
14.400000000000013; 3.4715221426143025e-71
14.500000000000012; 7.341227288661748e-70
14.600000000000012; 1.436912578396803e-68
14.700000000000012; 2.609319555173168e-67
14.800000000000011; 4.406017179837809e-66
14.900000000000013; 6.933294613933092e-65
15.000000000000012; 1.0188901082850027e-63
15.100000000000012; 1.4030470770228816e-62
15.200000000000014; 1.811697441811398e-61
15.300000000000013; 2.1980823203159804e-60
15.400000000000013; 2.5106731580755547e-59
15.500000000000012; 2.7048011129860478e-58
15.600000000000012; 2.753339401757073e-57
15.700000000000014; 2.6528607442847866e-56
15.800000000000013; 2.42338539959619e-55
15.900000000000013; 2.102229514668988e-54
16.000000000000014; 1.734435147170687e-53
16.100000000000016; 1.3630208548592766e-52
16.200000000000014; 1.0217301582349285e-51
16.30000000000001; 7.315761779938731e-51
16.400000000000013; 5.010157897555535e-50
16.500000000000014; 3.2860192750676895e-49
16.600000000000016; 2.0665896762156675e-48
16.700000000000014; 1.247738568489862e-47
16.800000000000015; 7.240687101776445e-47
16.900000000000013; 4.043031125604708e-46
17.000000000000014; 2.1745688126034614e-45
17.100000000000016; 1.1277936994645285e-44
17.200000000000014; 5.645637104684133e-44
17.300000000000015; 2.730515683251966e-43
17.400000000000013; 1.2771218183653854e-42
17.500000000000014; 5.781890336109596e-42
17.600000000000016; 2.53593526923395e-41
17.700000000000014; 1.0784639998597423e-40
17.800000000000015; 4.4507035332142935e-40
17.900000000000016; 1.7838239170109652e-39
18.000000000000014; 6.948790997756723e-39
18.100000000000016; 2.632833594189361e-38
18.200000000000017; 9.709729065410188e-38
18.300000000000015; 3.4878924630169257e-37
18.400000000000016; 1.2211936276897402e-36
18.500000000000014; 4.170186234700435e-36
18.600000000000016; 1.389795862657679e-35
18.700000000000017; 4.5231174751678305e-35
18.800000000000015; 1.4383826880688034e-34
18.900000000000016; 4.472097701896931e-34
19.000000000000014; 1.436960217695613e-37
19.100000000000016; 4.8092211329656626e-37
19.200000000000017; 1.572945848245714e-36
19.300000000000015; 5.030523053671896e-36
19.400000000000016; 1.5740418120354437e-35
19.500000000000018; 4.821241760838948e-35
19.600000000000016; 1.4463370573044336e-34
19.700000000000017; 4.25176685995516e-34
19.80000000000002; 1.2253869617218681e-33
19.900000000000016; 3.464088284182516e-33
20.000000000000018; 9.609885509752202e-33
20.100000000000016; 1.6947394697769853e-34
20.200000000000017; 4.8235636600318986e-34
20.30000000000002; 1.3475108575835882e-33
20.400000000000016; 3.696362035678482e-33
20.500000000000018; 9.960216597940159e-33
20.600000000000016; 2.637452517237992e-32
20.700000000000017; 6.865737856553086e-32
20.80000000000002; 1.7576699184227083e-31
20.900000000000016; 4.426817705264035e-31
21.000000000000018; 1.097243012477802e-30
21.10000000000002; 2.677439214396058e-30
21.200000000000017; 6.434087707869244e-30
21.30000000000002; 1.5231622387072546e-29
21.40000000000002; 3.5533245815290064e-29
21.500000000000018; 8.171228486712764e-29
21.60000000000002; 1.8528252089728873e-28
21.700000000000017; 4.143847505512015e-28
21.80000000000002; 9.143652613659446e-28
21.90000000000002; 1.9911484930334663e-27
22.000000000000018; 4.280297001134437e-27
22.10000000000002; 9.085439100638531e-27
22.200000000000017; 1.9047251308363782e-26
22.30000000000002; 3.944963073931133e-26
22.40000000000002; 8.073930609658171e-26
22.500000000000018; 1.6332893460018669e-25
22.60000000000002; 3.266475303382138e-25
22.70000000000002; 6.4600131122013e-25
22.80000000000002; 1.2636373283867471e-24
22.90000000000002; 2.445352438552708e-24
23.00000000000002; 4.6825576357388905e-24
23.10000000000002; 8.874378704102814e-24
23.20000000000002; 1.664923599116351e-23
23.30000000000002; 3.092704909243787e-23
23.40000000000002; 5.689246671864317e-23
23.50000000000002; 1.03663405553682e-22
23.60000000000002; 1.8712465895200882e-22
23.70000000000002; 3.346955746760448e-22
23.80000000000002; 5.932791247684908e-22
23.90000000000002; 1.0423973650188866e-21
24.00000000000002; 1.8157078102693264e-21
24.10000000000002; 3.135946537908992e-21
24.20000000000002; 5.371200442260701e-21
24.300000000000022; 9.124782037416392e-21
24.40000000000002; 1.5377613431949034e-20
24.50000000000002; 2.5712011330800395e-20
24.600000000000023; 4.266067721822658e-20
24.70000000000002; 7.024679466015249e-20
24.800000000000022; 1.1481363195172943e-19
24.90000000000002; 1.8628947923442834e-19
25.00000000000002; 3.001024705825115e-19
25.100000000000023; 4.800586932612447e-19
25.20000000000002; 7.626381737360967e-19
25.300000000000022; 1.2033635849570589e-18
25.40000000000002; 1.8861786182859446e-18
25.50000000000002; 2.9371676967217223e-18
25.600000000000023; 4.5444974164206744e-18
25.70000000000002; 6.987217931734763e-18
25.800000000000022; 1.0676602507408044e-17
25.900000000000023; 1.6215121834280536e-17
26.00000000000002; 2.4480072262038698e-17
26.100000000000023; 3.6741467404296604e-17
26.200000000000024; 5.48272719319764e-17
26.300000000000022; 8.135367615031342e-17
26.400000000000023; 1.2004422654588368e-16
26.50000000000002; 1.7616968047479412e-16
26.600000000000023; 2.571509971564306e-16
26.700000000000024; 3.733816079171619e-16
26.800000000000022; 5.393428941578999e-16
26.900000000000023; 7.751097185865633e-16
27.00000000000002; 1.1083722324196962e-15
27.100000000000023; 1.5771376489178949e-15
27.200000000000024; 2.2333232219719396e-15
27.300000000000022; 3.1475117141702093e-15
27.400000000000023; 4.4152161012585115e-15
27.500000000000025; 6.165094647772851e-15
27.600000000000023; 8.569674997557794e-15
27.700000000000024; 1.1859291544882154e-14
27.800000000000026; 1.6340119997394295e-14
27.900000000000023; 2.241741367486057e-14
28.000000000000025; 3.0625315872159545e-14
28.100000000000023; 4.166495107920037e-14
28.200000000000024; 5.645289605891609e-14
28.300000000000026; 7.618261252762175e-14
28.400000000000023; 1.0240200117519189e-13
28.500000000000025; 1.3711092885741049e-13
28.600000000000023; 1.8288340620044762e-13
28.700000000000024; 2.430200733744783e-13
28.800000000000026; 3.217378120435786e-13
28.900000000000023; 4.244046691669211e-13
29.000000000000025; 5.578298844005113e-13
29.100000000000026; 7.306206918611422e-13
29.200000000000024; 9.53619757265859e-13
29.300000000000026; 1.2404396552460278e-12
29.400000000000027; 1.6081137354350252e-12
29.500000000000025; 2.077886120628225e-12
29.600000000000026; 2.6761674812774095e-12
29.700000000000024; 3.435687697914786e-12
29.800000000000026; 4.396881621547088e-12
29.900000000000027; 5.609549941266672e-12
30.000000000000025; 7.1348437426110614e-12
30.100000000000026; 9.048475040207092e-12
30.200000000000024; 1.1441426698935558e-11
30.300000000000026; 1.4425079355149545e-11
30.400000000000027; 1.813464566718842e-11
30.500000000000025; 2.2733798506766293e-11
30.600000000000026; 2.8420118635406314e-11
30.700000000000028; 3.543147615771262e-11
30.800000000000026; 4.405348582647816e-11
30.900000000000027; 5.462819397721356e-11
31.00000000000003; 6.756417432014558e-11
31.100000000000026; 8.334823112421794e-11
31.200000000000028; 1.0255893159845543e-10
31.300000000000026; 1.258822146159869e-10
31.400000000000027; 1.5412935043871547e-10
31.50000000000003; 1.8825755588395156e-10
31.600000000000026; 2.293936015217198e-10
31.700000000000028; 2.788607820893229e-10
31.800000000000026; 3.38209658436452e-10
31.900000000000027; 4.092530190374422e-10
32.00000000000003; 4.941055514880088e-10
32.10000000000002; 5.952287594837389e-10
32.20000000000003; 7.154817085913081e-10
32.300000000000026; 8.581782346880406e-10
32.40000000000003; 1.0271513022579492e-09
32.50000000000003; 1.2268252557803864e-09
32.60000000000003; 1.462296766186754e-09
32.70000000000003; 1.7394253357447606e-09
32.800000000000026; 2.0649342886690074e-09
32.90000000000003; 2.4465232411562677e-09
33.00000000000003; 2.8929931132825082e-09
33.10000000000003; 3.4143848161189942e-09
33.20000000000003; 4.022132820365628e-09
33.300000000000026; 4.729234887551438e-09
33.40000000000003; 5.550439321209093e-09
33.50000000000003; 6.502451173115751e-09
33.60000000000003; 7.604158918483213e-09
33.70000000000003; 8.876883193501512e-09
33.800000000000026; 1.0344649268675722e-08
33.90000000000003; 1.2034485011480919e-08
34.00000000000003; 1.3976746171751271e-08
34.10000000000003; 1.620547090239048e-08
34.20000000000003; 1.8758765506209158e-08
34.30000000000003; 2.1679223476338864e-08
34.40000000000003; 2.5014379972452073e-08
34.50000000000003; 2.881720394743218e-08
34.60000000000003; 3.314663020864453e-08
34.70000000000003; 3.8068133764262595e-08
34.80000000000003; 4.3654348867415564e-08
34.90000000000003; 4.998573522921561e-08
35.00000000000003; 5.7151293924887574e-08
35.10000000000003; 6.524933556543532e-08
35.20000000000003; 7.438830334954521e-08
35.30000000000003; 8.46876536463979e-08
35.400000000000034; 9.627879678962952e-08
35.50000000000003; 1.093061007845434e-07
35.60000000000003; 1.2392796064562e-07
35.70000000000003; 1.4031793608753922e-07
35.80000000000003; 1.5866596029127712e-07
35.900000000000034; 1.7917962245608314e-07
36.00000000000003; 2.020855268280634e-07
36.10000000000003; 2.2763073086709647e-07
36.20000000000003; 2.5608426517427286e-07
36.30000000000003; 2.877387377531777e-07
36.400000000000034; 3.229120251187886e-07
36.50000000000003; 3.6194905269798764e-07
36.60000000000003; 4.0522366688519706e-07
36.70000000000003; 4.531406010258403e-07
36.80000000000003; 5.061375374982306e-07
36.900000000000034; 5.646872679520953e-07
37.00000000000003; 6.292999536393508e-07
37.10000000000003; 7.00525487637738e-07
37.20000000000003; 7.789559606250944e-07
37.30000000000003; 8.652282317063989e-07
37.400000000000034; 9.600266056317821e-07
37.500000000000036; 1.0640856175681848e-06
37.60000000000003; 1.1781929264057152e-06
37.70000000000003; 1.3031923173829682e-06
37.80000000000003; 1.4399868146175503e-06
37.900000000000034; 1.5895419039145311e-06
38.000000000000036; 1.7528888660098654e-06
38.10000000000003; 1.9311282201791038e-06
38.20000000000003; 2.1254332779093618e-06
38.30000000000003; 2.3370538060955474e-06
38.400000000000034; 2.5673197989748875e-06
38.500000000000036; 2.8176453577693253e-06
38.60000000000004; 3.089532676745986e-06
38.70000000000003; 3.3845761341568097e-06
38.80000000000003; 3.7044664862491052e-06
38.900000000000034; 4.0509951622868205e-06
39.000000000000036; 4.426058658251133e-06
39.10000000000004; 4.831663026630004e-06
39.20000000000003; 5.2699284594381635e-06
39.30000000000003; 5.743093961352307e-06
39.400000000000034; 6.253522109576146e-06
39.500000000000036; 6.803703896799558e-06
39.60000000000004; 7.396263653356398e-06
39.70000000000003; 8.033964044429627e-06
39.80000000000003; 8.719711137917801e-06
39.900000000000034; 9.45655953831871e-06
40.000000000000036; 1.024771143349904e-05
40.10000000000004; 1.1096070941422116e-05
40.20000000000003; 1.2005570350076529e-05
40.30000000000003; 1.2979905266997742e-05
40.400000000000034; 1.4022946092777699e-05
40.500000000000036; 1.5138743450076812e-05
40.60000000000004; 1.6331533642101123e-05
40.70000000000004; 1.7605744134366822e-05
40.80000000000003; 1.896599905344505e-05
40.900000000000034; 2.0417124696183973e-05
41.000000000000036; 2.1964155042814018e-05
41.10000000000004; 2.3612337267175532e-05
41.20000000000004; 2.5367137237202806e-05
41.30000000000003; 2.7234244998712778e-05
41.400000000000034; 2.9219580235435236e-05
41.500000000000036; 3.1329297698138816e-05
41.60000000000004; 3.356979259569346e-05
41.70000000000004; 3.594770594076987e-05
41.80000000000004; 3.84699298429365e-05
41.900000000000034; 4.114361274183613e-05
42.000000000000036; 4.397616457310026e-05
42.10000000000004; 4.6975261859732225e-05
42.20000000000004; 5.0148852721641855e-05
42.30000000000004; 5.350516179605074e-05
42.400000000000034; 5.7052695061624964e-05
42.500000000000036; 6.080024455906908e-05
42.60000000000004; 6.475689300120974e-05
42.70000000000004; 6.893201826549615e-05
42.80000000000004; 7.333529776202695e-05
42.900000000000034; 7.797671267035344e-05
43.000000000000036; 8.286655203833237e-05
43.10000000000004; 8.801541673654637e-05
43.20000000000004; 9.343422326187013e-05
43.30000000000004; 9.913420738396919e-05
43.400000000000034; 0.00010512692762867443
43.500000000000036; 0.00011142426859231238
43.60000000000004; 0.00011803844408136455
43.70000000000004; 0.00012498200007189482
43.80000000000004; 0.00013226781748347082
43.90000000000004; 0.00013990911476251028
44.000000000000036; 0.00014791945027024106
44.10000000000004; 0.00015631272447056256
44.20000000000004; 0.00016510318191346999
44.30000000000004; 0.00017430541300997017
44.40000000000004; 0.00018393435559446657
44.500000000000036; 0.00019400529627105554
44.60000000000004; 0.00020453387154037892
44.70000000000004; 0.0002155360687038692
44.80000000000004; 0.00022702822654254153
44.90000000000004; 0.00023902703576781287
45.00000000000004; 0.00025154953924199367
45.10000000000004; 0.0002646131319664742
45.20000000000004; 0.0002782355608357805
45.30000000000004; 0.00029243492415615725
45.40000000000004; 0.0003072296709273331
45.50000000000004; 0.0003226385998866508
45.60000000000004; 0.0003386808583149635
45.70000000000004; 0.00035537594060382384
45.80000000000004; 0.0003727436865838833
45.90000000000004; 0.000390804279614922
46.00000000000004; 0.0004095782444375447
46.10000000000004; 0.00042908644478775087
46.20000000000004; 0.0004493500807749782
46.30000000000004; 0.00047039068602511015
46.40000000000004; 0.0004922301245897943
46.50000000000004; 0.000514890587623967
46.60000000000004; 0.0005383945898335403
46.70000000000004; 0.0005627649656954962
46.80000000000004; 0.0005880248654528239
46.90000000000004; 0.0006141977508871027
47.00000000000004; 0.0006413073908716388
47.100000000000044; 0.000669377856708383
47.20000000000004; 0.0006984335172517311
47.30000000000004; 0.0007284990338233098
47.40000000000004; 0.0007595993549208773
47.50000000000004; 0.0007917597107258163
47.600000000000044; 0.0008250056074132401
47.70000000000004; 0.0008593628212687381
47.80000000000004; 0.0008948573926168113
47.90000000000004; 0.000931515619565147
48.00000000000004; 0.0009693640515698078
48.100000000000044; 0.0010084294828260998
48.200000000000045; 0.001048738945490578
48.30000000000004; 0.0010903197027389898
48.40000000000004; 0.0011331992416656765
48.50000000000004; 0.0011774052660298395
48.600000000000044; 0.0012229656888544079
48.700000000000045; 0.001269908624882921
48.80000000000004; 0.0013182623829002813
48.90000000000004; 0.0013680554579231273
49.00000000000004; 0.0014193165232657446
49.100000000000044; 0.0014720744224877781
49.200000000000045; 0.0015263581612289662
49.30000000000004; 0.0015821968989379728
49.40000000000004; 0.0016396199405007206
49.50000000000004; 0.0016986567277741894
49.600000000000044; 0.0017593368310330623
49.700000000000045; 0.001821689940333449
49.80000000000004; 0.001885745856801925
49.90000000000004; 0.0019515344838546371
50.00000000000004; 0.002019085818352905
50.100000000000044; 0.002088455615690186
50.200000000000045; 0.0021596499832807836
50.30000000000005; 0.002232698848052476
50.40000000000004; 0.002307632463555969
50.50000000000004; 0.0023844811262514758
50.600000000000044; 0.002463275166199894
50.700000000000045; 0.002544044937734282
50.80000000000005; 0.002626820810117871
50.90000000000004; 0.0027116331581948008
51.00000000000004; 0.0027985123530393425
51.100000000000044; 0.002887488752609774
51.200000000000045; 0.0029785926924128575
51.30000000000005; 0.0030718544761845655
51.40000000000005; 0.003167304366593339
51.50000000000004; 0.003264972575970157
51.600000000000044; 0.003364889257073166
51.700000000000045; 0.003467084493890094
51.80000000000005; 0.003571588292485202
51.90000000000005; 0.003678430571895887
52.00000000000004; 0.0037876411550830033
52.100000000000044; 0.0038992497599417376
52.200000000000045; 0.004013285990376429
52.30000000000005; 0.00412977932744465
52.40000000000005; 0.0042487591205755465
52.50000000000004; 0.004370254578866801
52.600000000000044; 0.004494294762464037
52.700000000000045; 0.004620908574027739
52.80000000000005; 0.004750124750292571
52.90000000000005; 0.004881971853720724
53.00000000000004; 0.005016478264255784
53.100000000000044; 0.005153672171179583
53.200000000000045; 0.005293581565075951
53.30000000000005; 0.005436234229905003
53.40000000000005; 0.005581657735191185
53.50000000000005; 0.005729879428328487
53.600000000000044; 0.005880926427006548
53.700000000000045; 0.006034825611758351
53.80000000000005; 0.0061916036186359675
53.90000000000005; 0.006351286832014094
54.00000000000005; 0.006513901377525291
54.100000000000044; 0.006679473115128564
54.200000000000045; 0.006848027632315537
54.30000000000005; 0.0070195902374535785
54.40000000000005; 0.0071941859532699375
54.50000000000005; 0.007371839510479202
54.60000000000005; 0.007552575341552976
54.700000000000045; 0.00773641757463767
54.80000000000005; 0.007923390027618413
54.90000000000005; 0.008113516202331828
55.00000000000005; 0.008306819278930318
55.10000000000005; 0.008503322110395452
55.200000000000045; 0.008703047217206017
55.30000000000005; 0.008906016782158563
55.40000000000005; 0.009112252645340999
55.50000000000005; 0.009321776299263458
55.60000000000005; 0.009534608884143005
55.700000000000045; 0.009750771183344274
55.80000000000005; 0.009970283618977158
55.90000000000005; 0.01019316624765132
56.00000000000005; 0.010419438756385964
56.10000000000005; 0.010649120458679301
56.200000000000045; 0.010882230290731097
56.30000000000005; 0.011118786807825798
56.40000000000005; 0.011358808180868823
56.50000000000005; 0.011602312193081317
56.60000000000005; 0.011849316236848937
56.70000000000005; 0.012099837310727888
56.80000000000005; 0.012353892016603477
56.90000000000005; 0.012611496557002869
57.00000000000005; 0.012872666732563308
57.10000000000005; 0.013137417939650235
57.20000000000005; 0.013405765168127116
57.30000000000005; 0.013677722999277985
57.40000000000005; 0.013953305603876668
57.50000000000005; 0.01423252674040467
57.60000000000005; 0.014515399753419575
57.70000000000005; 0.014801937572063918
57.800000000000054; 0.015092152708723048
57.90000000000005; 0.01538605725782466
58.00000000000005; 0.015683662894778197
58.10000000000005; 0.01598498087505895
58.20000000000005; 0.016290022033425746
58.300000000000054; 0.016598796783279243
58.40000000000005; 0.016911315116155238
58.50000000000005; 0.017227586601350986
58.60000000000005; 0.017547620385682524
58.70000000000005; 0.01787142519337682
58.800000000000054; 0.0181990093260859
58.90000000000005; 0.01853038066303407
59.00000000000005; 0.018865546661284954
59.10000000000005; 0.019204514356135145
59.20000000000005; 0.019547290361626432
59.300000000000054; 0.01989388087117852
59.40000000000005; 0.020244291658337375
59.50000000000005; 0.020598528077640368
59.60000000000005; 0.02095659506559312
59.70000000000005; 0.021318497141757306
59.800000000000054; 0.02168423840994832
59.900000000000055; 0.02205382255953985
60.00000000000005; 0.022427252866869755
60.10000000000005; 0.022804464325288914
60.20000000000005; 0.023185525958765402
60.300000000000054; 0.023570440007862962
60.400000000000055; 0.023959208307695438
60.50000000000005; 0.02435183229621931
60.60000000000005; 0.02474831301621073
60.70000000000005; 0.02514865111733162
60.800000000000054; 0.02555284685827691
60.900000000000055; 0.025960900109007295
61.00000000000006; 0.026372810353058117
61.10000000000005; 0.026788576689928314
61.20000000000005; 0.027208197837544197
61.300000000000054; 0.027631672134797256
61.400000000000055; 0.02805899754415106
61.50000000000006; 0.02849017165432268
61.60000000000005; 0.02892519168302523
61.70000000000005; 0.029364054479779182
61.800000000000054; 0.02980675652878646
61.900000000000055; 0.030253293951867165
62.00000000000006; 0.030703662511449573
62.10000000000005; 0.031157857613625845
62.20000000000005; 0.03161587431125603
62.300000000000054; 0.03207770730712742
62.400000000000055; 0.0325433509571679
62.50000000000006; 0.03301279927370231
62.60000000000005; 0.033486045928763954
62.70000000000005; 0.03396308425744477
62.800000000000054; 0.03444390726129251
62.900000000000055; 0.03492850761175081
63.00000000000006; 0.035416877653634236
63.10000000000006; 0.03590900940864752
63.20000000000005; 0.03640489457893601
63.300000000000054; 0.03690452455067289
63.400000000000055; 0.03740789039768033
63.50000000000006; 0.037914982885079405
63.60000000000006; 0.03842579247296785
63.70000000000005; 0.03894030932013138
63.800000000000054; 0.03945852328777494
63.900000000000055; 0.03998042394327931
64.00000000000006; 0.04050600056398492
64.10000000000005; 0.04103524214099035
64.20000000000006; 0.04156813738297357
64.30000000000005; 0.04210467472003295
64.40000000000006; 0.042644842307540794
64.50000000000006; 0.04318862803001348
64.60000000000005; 0.043736019504997184
64.70000000000006; 0.044287004086961346
64.80000000000005; 0.04484156887120631
64.90000000000006; 0.04539970069778161
65.00000000000006; 0.0459613861554031
65.10000000000005; 0.04652661158539137
65.20000000000006; 0.04709536308560014
65.30000000000005; 0.04766762651435881
65.40000000000006; 0.04824338749441621
65.50000000000006; 0.04882263141687925
65.60000000000005; 0.049405343445161266
65.70000000000006; 0.049991508518923325
65.80000000000005; 0.05058111135801329
65.90000000000006; 0.05117413646640485
66.00000000000006; 0.05177056813613214
66.10000000000005; 0.05237039045121338
66.20000000000006; 0.05297358729157621
66.30000000000005; 0.05358014233696949
66.40000000000006; 0.05419003907086864
66.50000000000006; 0.05480326078437134
66.60000000000005; 0.05541979058008269
66.70000000000006; 0.05603961137599131
66.80000000000005; 0.056662705909326816
66.90000000000006; 0.057289056740413694
67.00000000000006; 0.057918646256498424
67.10000000000007; 0.058551456675578394
67.20000000000006; 0.05918747005019633
67.30000000000005; 0.05982666827123607
67.40000000000006; 0.06046903307168556
67.50000000000006; 0.06111454603039554
67.60000000000007; 0.06176318857580823
67.70000000000006; 0.06241494198967326
67.80000000000005; 0.06306978741074243
67.90000000000006; 0.06372770583844359
68.00000000000006; 0.06438867813652985
68.10000000000007; 0.065052685036712
68.20000000000006; 0.06571970714226574
68.30000000000005; 0.06638972493161507
68.40000000000006; 0.06706271876189411
68.50000000000006; 0.06773866887248314
68.60000000000007; 0.06841755538852064
68.70000000000006; 0.06909935832438872
68.80000000000005; 0.06978405758717515
68.90000000000006; 0.07047163298010889
69.00000000000006; 0.07116206420596594
69.10000000000007; 0.07185533087045211
69.20000000000006; 0.07255141248555683
69.30000000000005; 0.07325028847288045
69.40000000000006; 0.07395193816692804
69.50000000000006; 0.07465634081838361
69.60000000000007; 0.07536347559734889
69.70000000000006; 0.07607332159655517
69.80000000000007; 0.07678585783454513
69.90000000000006; 0.07750106325882616
70.00000000000006; 0.07821891674899299
70.10000000000007; 0.07893939711981866
70.20000000000006; 0.07966248312431978
70.30000000000007; 0.08038815345678603
70.40000000000006; 0.08111638675577888
70.50000000000006; 0.08184716160710608
70.60000000000007; 0.08258045654675507
70.70000000000006; 0.083316250063806
70.80000000000007; 0.08405452060329931
70.90000000000006; 0.08479524656908809
71.00000000000006; 0.08553840632664468
71.10000000000007; 0.08628397820584395
71.20000000000006; 0.08703194050371114
71.30000000000007; 0.08778227148713745
71.40000000000006; 0.08853494939556439
71.50000000000006; 0.08928995244363824
71.60000000000007; 0.09004725882382712
71.70000000000006; 0.09080684670901154
71.80000000000007; 0.09156869425503776
71.90000000000006; 0.09233277960324078
72.00000000000006; 0.09309908088293599
72.10000000000007; 0.09386757621388017
72.20000000000006; 0.09463824370869289
72.30000000000007; 0.09541106147525572
72.40000000000006; 0.09618600761906718
72.50000000000006; 0.09696306024558254
72.60000000000007; 0.09774219746249947
72.70000000000006; 0.09852339738203417
72.80000000000007; 0.09930663812314743
72.90000000000006; 0.10009189781374933
73.00000000000006; 0.10087915459286852
73.10000000000007; 0.10166838661278793
73.20000000000006; 0.10245957204115516
73.30000000000007; 0.10325268906305256
73.40000000000006; 0.10404771588304385
73.50000000000007; 0.10484463072718393
73.60000000000007; 0.105643411844998
73.70000000000006; 0.10644403751143527
73.80000000000007; 0.10724648602878313
73.90000000000006; 0.10805073572855832
74.00000000000007; 0.10885676497336202
74.10000000000007; 0.1096645521587046
74.20000000000006; 0.1104740757148058
74.30000000000007; 0.11128531410835711
74.40000000000006; 0.11209824584426135
74.50000000000007; 0.1129128494673334
74.60000000000007; 0.11372910356398155
74.70000000000006; 0.11454698676385322
74.80000000000007; 0.11536647774144822
74.90000000000006; 0.11618755521771289
75.00000000000007; 0.11701019796159773
75.10000000000007; 0.11783438479158595
75.20000000000006; 0.11866009457719863
75.30000000000007; 0.11948730624046575
75.40000000000006; 0.12031599875737448
75.50000000000007; 0.12114615115928577
75.60000000000007; 0.1219777425343243
75.70000000000006; 0.12281075202874019
75.80000000000007; 0.12364515884824823
75.90000000000006; 0.1244809422593283
76.00000000000007; 0.12531808159051858
76.10000000000007; 0.12615655623365618
76.20000000000007; 0.12699634564511944
76.30000000000007; 0.12783742934701797
76.40000000000006; 0.12867978692838017
76.50000000000007; 0.12952339804629495
76.60000000000007; 0.1303682424270408
76.70000000000007; 0.13121429986718655
76.80000000000007; 0.13206155023466423
76.90000000000006; 0.1329099734698213
77.00000000000007; 0.1337595495864467
77.10000000000007; 0.13461025867276585
77.20000000000007; 0.1354620808924293
77.30000000000007; 0.1363149964854585
77.40000000000006; 0.13716898576917547
77.50000000000007; 0.13802402913911666
77.60000000000007; 0.13888010706990717
77.70000000000007; 0.13973720011613117
77.80000000000007; 0.14059528891316248
77.90000000000006; 0.14145435417798602
78.00000000000007; 0.1423143767099883
78.10000000000007; 0.14317533739173327
78.20000000000007; 0.1440372171897079
78.30000000000007; 0.14489999715505594
78.40000000000006; 0.14576365842428493
78.50000000000007; 0.14662818221995158
78.60000000000007; 0.14749354985133106
78.70000000000007; 0.14835974271506025
78.80000000000007; 0.14922674229576974
78.90000000000006; 0.15009453016668106
79.00000000000007; 0.1509630879902029
79.10000000000007; 0.15183239751849262
79.20000000000007; 0.15270244059400617
79.30000000000007; 0.153573199150026
79.40000000000006; 0.15444465521117506
79.50000000000007; 0.15531679089390596
79.60000000000007; 0.15618958840697394
79.70000000000007; 0.15706303005189884
79.80000000000007; 0.15793709822339674
79.90000000000008; 0.15881177540980168
80.00000000000007; 0.1596870441934767
80.10000000000007; 0.1605631087373731
80.20000000000007; 0.16143973393092345
80.30000000000007; 0.16231689920635534
80.40000000000008; 0.1631945873394269
80.50000000000007; 0.16407278120146218
80.60000000000007; 0.1649514637596861
80.70000000000007; 0.16583061807755076
80.80000000000007; 0.16671022731503438
80.90000000000008; 0.16759027472893384
81.00000000000007; 0.16847074367313758
81.10000000000007; 0.16935161759888143
81.20000000000007; 0.1702328800549986
81.30000000000007; 0.17111451468814215
81.40000000000008; 0.17199650524300217
81.50000000000007; 0.17287883556251044
81.60000000000007; 0.1737614895880181
81.70000000000007; 0.17464445135947312
81.80000000000007; 0.1755277050155771
81.90000000000008; 0.17641123479393575
82.00000000000007; 0.17729502503118177
82.10000000000007; 0.1781790601631001
82.20000000000007; 0.1790633247247353
82.30000000000007; 0.1799478033504781
82.40000000000008; 0.1808324807741553
82.50000000000007; 0.1817173418290913
82.60000000000008; 0.1826023714481706
82.70000000000007; 0.1834875546638801
82.80000000000007; 0.18437287660834314
82.90000000000008; 0.18525832251334093
83.00000000000007; 0.18614387771032456
83.10000000000008; 0.18702952763041825
83.20000000000007; 0.18791525780439983
83.30000000000007; 0.18880105386268872
83.40000000000008; 0.18968690153530543
83.50000000000007; 0.19057278665183616
83.60000000000008; 0.19145869514137703
83.70000000000007; 0.19234461303247297
83.80000000000007; 0.19323052645304242
83.90000000000008; 0.1941164216303009
84.00000000000007; 0.19500228489066632
84.10000000000008; 0.1958881026596596
84.20000000000007; 0.19677386146179507
84.30000000000007; 0.19765954792046636
84.40000000000008; 0.19854514875781148
84.50000000000007; 0.1994306507945837
84.60000000000008; 0.2003160409500081
84.70000000000007; 0.2012013062416272
84.80000000000007; 0.20208643378513944
84.90000000000008; 0.20297141079423558
85.00000000000007; 0.2038562245804189
85.10000000000008; 0.2047408625528302
85.20000000000007; 0.20562531221804253
85.30000000000007; 0.20650956117987973
85.40000000000008; 0.2073935971391996
85.50000000000007; 0.20827740789368726
85.60000000000008; 0.20916098133763972
85.70000000000007; 0.21004430546173036
85.80000000000007; 0.21092736835278694
85.90000000000008; 0.21181015819354895
86.00000000000007; 0.21269266326242514
86.10000000000008; 0.2135748719332395
86.20000000000007; 0.2144567726749794
86.30000000000008; 0.21533835405152907
86.40000000000008; 0.2162196047214061
86.50000000000007; 0.2171005134374825
86.60000000000008; 0.21798106904670989
86.70000000000007; 0.21886126048983462
86.80000000000008; 0.21974107680110838
86.90000000000008; 0.22062050710798883
87.00000000000007; 0.22149954063084934
87.10000000000008; 0.2223781666826673
87.20000000000007; 0.22325637466872003
87.30000000000008; 0.22413415408626838
87.40000000000008; 0.22501149452423858
87.50000000000007; 0.2258883856629042
87.60000000000008; 0.22676481727355696
87.70000000000007; 0.22764077921817297
87.80000000000008; 0.22851626144908582
87.90000000000008; 0.22939125400864474
88.00000000000007; 0.23026574702886912
88.10000000000008; 0.231139730731111
88.20000000000007; 0.2320131954256973
88.30000000000008; 0.23288613151158113
88.40000000000008; 0.2337585294759908
88.50000000000007; 0.23463037989405894
88.60000000000008; 0.23550167342847303
88.70000000000007; 0.23637240082910022
88.80000000000008; 0.23724255293262667
88.90000000000008; 0.2381121206621779
89.00000000000009; 0.238981095026956
89.10000000000008; 0.23984946712185107
89.20000000000007; 0.24071722812707483
89.30000000000008; 0.24158436930776725
89.40000000000008; 0.24245088201362036
89.50000000000009; 0.24331675767849031
89.60000000000008; 0.2441819878200067
89.70000000000007; 0.24504656403918568
89.80000000000008; 0.2459104780200352
89.90000000000008; 0.24677372152915925
90.00000000000009; 0.24763628641536872
90.10000000000008; 0.24849816460926982
90.20000000000007; 0.2493593481228805
90.30000000000008; 0.2502198290492136
90.40000000000008; 0.25107959956188525
90.50000000000009; 0.25193865191470516
90.60000000000008; 0.2527969784412712
90.70000000000007; 0.2536545715545622
90.80000000000008; 0.2545114237465306
90.90000000000008; 0.25536752758768844
91.00000000000009; 0.2562228757267055
91.10000000000008; 0.25707746088998523
91.20000000000007; 0.25793127588126263
91.30000000000008; 0.2587843135811848
91.40000000000008; 0.25963656694689463
91.50000000000009; 0.26048802901161994
91.60000000000008; 0.26133869288425543
91.70000000000007; 0.26218855174894423
91.80000000000008; 0.26303759886466177
91.90000000000008; 0.26388582756479473
92.00000000000009; 0.26473323125672865
92.10000000000008; 0.2655798034214207
92.20000000000007; 0.266425537612988
92.30000000000008; 0.2672704274582804
92.40000000000008; 0.2681144666564665
92.50000000000009; 0.2689576489786096
92.60000000000008; 0.2697999682672483
92.70000000000009; 0.27064141843597483
92.80000000000008; 0.2714819934690151
92.90000000000008; 0.2723216874208076
93.00000000000009; 0.27316049441558266
93.10000000000008; 0.27399840864694386
93.20000000000009; 0.2748354243774423
93.30000000000008; 0.275671535938159
93.40000000000008; 0.2765067377282866
93.50000000000009; 0.2773410242147059
93.60000000000008; 0.27817438993156746
93.70000000000009; 0.27900682947987154
93.80000000000008; 0.27983833752705217
93.90000000000008; 0.28066890880655115
94.00000000000009; 0.28149853811740927
94.10000000000008; 0.2823272203238404
94.20000000000009; 0.2831549503548202
94.30000000000008; 0.2839817232036634
94.40000000000008; 0.2848075339276125
94.50000000000009; 0.28563237764742455
94.60000000000008; 0.28645624954694476
94.70000000000009; 0.2872791448727096
94.80000000000008; 0.28810105893351556
94.90000000000008; 0.2889219871000213
95.00000000000009; 0.2897419248043247
95.10000000000008; 0.29056086753956173
95.20000000000009; 0.2913788108594854
95.30000000000008; 0.2921957503780691
95.40000000000009; 0.2930116817690858
95.50000000000009; 0.29382660076570777
95.60000000000008; 0.29464050316010026
95.70000000000009; 0.2954533848030133
95.80000000000008; 0.29626524160337886
95.90000000000009; 0.2970760695279077
96.00000000000009; 0.29788586460068306
96.10000000000008; 0.29869462290276555
96.20000000000009; 0.29950234057179165
96.30000000000008; 0.3003090138015697
96.40000000000009; 0.3011146388416867
96.50000000000009; 0.301919211997114
96.60000000000008; 0.3027227296278025
96.70000000000009; 0.30352518814830115
96.80000000000008; 0.3043265840273535
96.90000000000009; 0.30512691378750995
97.00000000000009; 0.3059261740047396
97.10000000000008; 0.3067243613080359
97.20000000000009; 0.30752147237903565
97.30000000000008; 0.30831750395162527
97.40000000000009; 0.3091124528115633
97.50000000000009; 0.30990631579609057
97.60000000000008; 0.3106990897935481
97.70000000000009; 0.31149077174300444
97.80000000000008; 0.3122813586338642
97.90000000000009; 0.3130708475054988
98.00000000000009; 0.31385923544686695
98.10000000000008; 0.3146465195961404
98.20000000000009; 0.31543269714032784
98.30000000000008; 0.31621776531490464
98.40000000000009; 0.3170017214034457
98.50000000000009; 0.3177845627372478
98.60000000000008; 0.3185662866949711
98.70000000000009; 0.3193468907022683
98.80000000000008; 0.32012637223141993
98.90000000000009; 0.32090472880097193
99.00000000000009; 0.32168195797537597
99.1000000000001; 0.3224580573646303
99.20000000000009; 0.3232330246239162
99.30000000000008; 0.3240068574532501
99.40000000000009; 0.32477955359711663
99.50000000000009; 0.32555111084412763
99.6000000000001; 0.3263215270266629
99.70000000000009; 0.3270908000205238
99.80000000000008; 0.32785892774458253
99.90000000000009; 0.32862590816043363
100.00000000000009; 0.3293917338910773
100.1000000000001; 0.3301562026671573
100.20000000000009; 0.33091951874413905
100.30000000000008; 0.33168168027246137
100.40000000000009; 0.33244268544347644
100.50000000000009; 0.33320253248911164
100.6000000000001; 0.3339612196815286
100.70000000000009; 0.3347187453327977
100.80000000000008; 0.33547510779456385
100.90000000000009; 0.33623030545771065
101.00000000000009; 0.33698433675204337
101.1000000000001; 0.33773720014594966
101.20000000000009; 0.3384888941460821
101.30000000000008; 0.3392394172970356
101.40000000000009; 0.3399887681810204
101.50000000000009; 0.34073694541754757
101.6000000000001; 0.3414839476631083
101.70000000000009; 0.34222977361085793
101.8000000000001; 0.3429744219902995
101.90000000000009; 0.3437178915669773
102.00000000000009; 0.34446018114215476
102.1000000000001; 0.345201289552518
102.20000000000009; 0.3459412156698572
102.3000000000001; 0.34667995840076626
102.40000000000009; 0.34741751668633686
102.50000000000009; 0.34815388950185605
102.6000000000001; 0.3488890758565052
102.70000000000009; 0.34962307479306454
102.8000000000001; 0.3503558853876097
102.90000000000009; 0.35108750674921757
103.00000000000009; 0.35181793801968
103.1000000000001; 0.35254717837319893
103.20000000000009; 0.3532752270161066
103.3000000000001; 0.35400208318657195
103.40000000000009; 0.35472774615431496
103.50000000000009; 0.35545221522031956
103.6000000000001; 0.35617548971655444
103.70000000000009; 0.3568975690056867
103.8000000000001; 0.35761845248080293
103.90000000000009; 0.3583381395651316
104.00000000000009; 0.3590566297117668
104.1000000000001; 0.3597739224033913
104.20000000000009; 0.3604900171520073
104.3000000000001; 0.3612049134986586
104.40000000000009; 0.36191861101316497
104.50000000000009; 0.36263110929385745
104.6000000000001; 0.36334240796729994
104.70000000000009; 0.36405250668804046
104.8000000000001; 0.36476140513833116
104.90000000000009; 0.3654691030278831
105.00000000000009; 0.36617560009359196
105.1000000000001; 0.36688089609929303
105.20000000000009; 0.36758499083549234
105.3000000000001; 0.368287884119121
105.40000000000009; 0.36898957579327935
105.5000000000001; 0.3696900657269847
105.6000000000001; 0.370389353814921
105.70000000000009; 0.3710874399771931
105.8000000000001; 0.3717843241590756
105.90000000000009; 0.3724800063307761
106.0000000000001; 0.3731744864871809
106.1000000000001; 0.3738677646476245
106.20000000000009; 0.37455984085564203
106.3000000000001; 0.3752507151787324
106.40000000000009; 0.375940387708124
106.5000000000001; 0.3766288585585371
106.6000000000001; 0.37731612786794877
106.70000000000009; 0.37800219579736594
106.8000000000001; 0.3786870625305922
106.90000000000009; 0.3793707282739943
107.0000000000001; 0.38005319325628495
107.1000000000001; 0.38073445772828823
107.20000000000009; 0.38141452196271974
107.3000000000001; 0.38209338625396005
107.40000000000009; 0.38277105091784236
107.5000000000001; 0.38344751629141977
107.6000000000001; 0.3841227827327632
107.70000000000009; 0.3847968506207278
107.8000000000001; 0.38546972035475413
107.90000000000009; 0.3861413923546424
108.0000000000001; 0.38681186706035003
108.1000000000001; 0.387481144931771
108.2000000000001; 0.3881492264485388
108.3000000000001; 0.3888161121098103
108.40000000000009; 0.3894818024340626
108.5000000000001; 0.3901462979588909
108.6000000000001; 0.39080959924080183
108.7000000000001; 0.391471706855013
108.8000000000001; 0.3921326213952558
108.90000000000009; 0.3927923434735754
109.0000000000001; 0.39345087372012977
109.1000000000001; 0.3941082127829993
109.2000000000001; 0.3947643613279938
109.3000000000001; 0.39541932003845126
109.40000000000009; 0.3960730896150552
109.5000000000001; 0.3967256707756413
109.6000000000001; 0.3973770642550091
109.7000000000001; 0.39802727080473566
109.8000000000001; 0.3986762911929878
109.90000000000009; 0.3993241262043394
110.0000000000001; 0.3999707766395895
110.1000000000001; 0.4006162433155781
110.2000000000001; 0.40126052706500753
110.3000000000001; 0.4019036287362654
110.40000000000009; 0.4025455491932413
110.5000000000001; 0.4031862893151601
110.6000000000001; 0.40382584999639815
110.7000000000001; 0.4044642321463125
110.8000000000001; 0.4051014366890721
110.90000000000009; 0.4057374645634838
111.0000000000001; 0.4063723167228224
111.1000000000001; 0.40700599413466665
111.2000000000001; 0.4076384977807276
111.3000000000001; 0.4082698286566844
111.40000000000009; 0.4088999877720214
111.5000000000001; 0.4095289761498643
111.6000000000001; 0.4101567948268166
111.7000000000001; 0.4107834448528045
111.8000000000001; 0.4114089272909115
111.9000000000001; 0.4120332432172223
112.0000000000001; 0.41265639372066804
112.1000000000001; 0.41327837990287136
112.2000000000001; 0.41389920287798593
112.3000000000001; 0.41451886377255165
112.4000000000001; 0.41513736372533633
112.5000000000001; 0.4157547038871906
112.6000000000001; 0.4163708854208932
112.7000000000001; 0.4169859095010056
112.8000000000001; 0.41759977731372516
112.9000000000001; 0.4182124900567387
113.0000000000001; 0.41882404893907765
113.1000000000001; 0.41943445518097233
113.2000000000001; 0.4200437100137179
113.3000000000001; 0.4206518146795213
113.4000000000001; 0.42125877043136944
113.5000000000001; 0.42186457853288906
113.6000000000001; 0.4224692402582053
113.7000000000001; 0.42307275689181056
113.8000000000001; 0.4236751297284239
113.9000000000001; 0.4242763600728582
114.0000000000001; 0.4248764492398911
114.1000000000001; 0.42547539855412514
114.2000000000001; 0.42607320934986215
114.3000000000001; 0.42666988297097097
114.4000000000001; 0.4272654207707608
114.5000000000001; 0.42785982411185086
114.60000000000011; 0.4284530943660439
114.7000000000001; 0.42904523291419994
114.8000000000001; 0.4296362411461146
114.9000000000001; 0.43022612046039344
115.0000000000001; 0.43081487226432774
115.10000000000011; 0.43140249797377483
115.2000000000001; 0.43198899901303695
115.3000000000001; 0.43257437681474165
115.4000000000001; 0.4331586328197253
115.5000000000001; 0.4337417684769107
115.60000000000011; 0.4343237852431957
115.7000000000001; 0.4349046845833354
115.8000000000001; 0.43548446796982504
115.9000000000001; 0.43606313688279413
116.0000000000001; 0.4366406928098819
116.10000000000011; 0.4372171372461379
116.2000000000001; 0.4377924716939051
116.3000000000001; 0.4383666976627078
116.4000000000001; 0.4389398166691477
116.5000000000001; 0.43951183023679685
116.60000000000011; 0.440082739896085
116.7000000000001; 0.4406525471841963
116.8000000000001; 0.44122125364496795
116.9000000000001; 0.4417888608287802
117.0000000000001; 0.44235537029245836
117.10000000000011; 0.44292078359916315
117.2000000000001; 0.44348510231829863
117.3000000000001; 0.4440483280254063
117.4000000000001; 0.44461046230206386
117.5000000000001; 0.44517150673579114
117.60000000000011; 0.4457314629199468
117.7000000000001; 0.4462903324536387
117.8000000000001; 0.44684811694161924
117.9000000000001; 0.4474048179941953
118.0000000000001; 0.4479604372271337
118.10000000000011; 0.44851497626156467
118.2000000000001; 0.4490684367238927
118.30000000000011; 0.4496208202457007
118.4000000000001; 0.4501721284636607
118.5000000000001; 0.4507223630194461
118.60000000000011; 0.45127152555963845
118.7000000000001; 0.45181961773563883
118.80000000000011; 0.45236664120358133
118.9000000000001; 0.4529125976242473
119.0000000000001; 0.4534574886629776
119.10000000000011; 0.4540013159895838
119.2000000000001; 0.4545440812782717
119.30000000000011; 0.4550857862075463
119.4000000000001; 0.4556264324601395
119.5000000000001; 0.4561660217229195
119.60000000000011; 0.4567045556868152
119.7000000000001; 0.45724203604673086
119.80000000000011; 0.4577784645014665
119.9000000000001; 0.45831384275364007
120.0000000000001; 0.45884817250960996
120.10000000000011; 0.45938145547939363
120.2000000000001; 0.45991369337659066
120.30000000000011; 0.4604448879183107
120.4000000000001; 0.4609750408250897
120.5000000000001; 0.46150415382082577
120.60000000000011; 0.4620322286326933
120.7000000000001; 0.46255926699107525
120.80000000000011; 0.46308527062949323
120.9000000000001; 0.4636102412845257
121.00000000000011; 0.4641341806957479
121.10000000000011; 0.46465709060564836
121.2000000000001; 0.46517897275957243
121.30000000000011; 0.46569982890563955
121.4000000000001; 0.4662196607946831
121.50000000000011; 0.4667384701801773
121.60000000000011; 0.467256258818175
121.7000000000001; 0.46777302846723295
121.80000000000011; 0.4682887808883533
121.9000000000001; 0.46880351784491137
122.00000000000011; 0.4693172411025946
122.10000000000011; 0.4698299524293375
122.2000000000001; 0.47034165359525565
122.30000000000011; 0.4708523463725868
122.4000000000001; 0.4713620325356221
122.50000000000011; 0.4718707138606515
122.60000000000011; 0.4723783921258955
122.7000000000001; 0.4728850691114478
122.80000000000011; 0.47339074659921543
122.9000000000001; 0.4738954263728593
123.00000000000011; 0.47439911021773273
123.10000000000011; 0.4749017999208258
123.2000000000001; 0.47540349727070347
123.30000000000011; 0.4759042040574551
123.4000000000001; 0.47640392207263305
123.50000000000011; 0.4769026531091939
123.60000000000011; 0.4774003989614502
123.7000000000001; 0.4778971614250105
123.80000000000011; 0.4783929422967261
123.9000000000001; 0.4788877433746345
124.00000000000011; 0.47938156645791163
124.10000000000011; 0.479874413346815
124.2000000000001; 0.48036628584263125
124.30000000000011; 0.4808571857476269
124.4000000000001; 0.48134711486499493
124.50000000000011; 0.48183607499880404
124.60000000000011; 0.48232406795394966
124.70000000000012; 0.4828110955361047
124.80000000000011; 0.48329715955166885
124.9000000000001; 0.4837822618077183
125.00000000000011; 0.4842664041119636
125.10000000000011; 0.484749588272695
125.20000000000012; 0.4852318160987402
125.30000000000011; 0.4857130893994138
125.4000000000001; 0.48619340998447647
125.50000000000011; 0.48667277966408135
125.60000000000011; 0.4871512002487369
125.70000000000012; 0.48762867354925765
125.80000000000011; 0.48810520137672075
125.9000000000001; 0.4885807855424211
126.00000000000011; 0.489055427857829
126.10000000000011; 0.4895291301345494
126.20000000000012; 0.49000189418427653
126.30000000000011; 0.4904737218187505
126.4000000000001; 0.49094461484972035
126.50000000000011; 0.4914145750888986
126.60000000000011; 0.49188360434792394
126.70000000000012; 0.4923517044383197
126.80000000000011; 0.49281887717145084
126.9000000000001; 0.49328512435849275
127.00000000000011; 0.49375044781038185
127.10000000000011; 0.49421484933778465
127.20000000000012; 0.49467833075105816
127.30000000000011; 0.49514089386021
127.40000000000012; 0.4956025404748622
127.50000000000011; 0.4960632724042158
127.60000000000011; 0.49652309145701207
127.70000000000012; 0.49698199944149796
127.80000000000011; 0.4974399981653892
127.90000000000012; 0.4978970894358381
128.0000000000001; 0.4983532750593937
128.1000000000001; 0.4988085568419719
128.2000000000001; 0.4992629365888179
128.30000000000013; 0.49971641610447437
128.40000000000012; 0.500168997192749
128.5000000000001; 0.5006206816566792
128.6000000000001; 0.5010714712984997
128.7000000000001; 0.5015213679196139
128.80000000000013; 0.5019703733205564
128.90000000000012; 0.5024184893009656
129.0000000000001; 0.5028657176595516
129.1000000000001; 0.5033120601940656
129.2000000000001; 0.5037575187012677
129.30000000000013; 0.5042020949768986
129.40000000000012; 0.5046457908156519
129.5000000000001; 0.5050886080111378
129.6000000000001; 0.505530548355862
129.7000000000001; 0.5059716136411943
129.80000000000013; 0.5064118056573359
129.90000000000012; 0.5068511261932975
130.0000000000001; 0.5072895770368682
130.1000000000001; 0.5077271599745916
130.2000000000001; 0.5081638767917322
130.30000000000013; 0.5085997292722549
130.40000000000012; 0.5090347191987973
130.5000000000001; 0.5094688483526398
130.6000000000001; 0.509902118513686
130.7000000000001; 0.5103345314604321
130.80000000000013; 0.5107660889699454
130.90000000000012; 0.5111967928178346
131.0000000000001; 0.5116266447782308
131.1000000000001; 0.5120556466237615
131.2000000000001; 0.5124838001255233
131.30000000000013; 0.5129111070530652
131.40000000000012; 0.5133375691743565
131.5000000000001; 0.513763188255771
131.6000000000001; 0.5141879660620617
131.7000000000001; 0.5146119043563356
131.80000000000013; 0.5150350049000381
131.90000000000012; 0.5154572694529244
132.0000000000001; 0.51587869977304
132.1000000000001; 0.5162992976167015
132.2000000000001; 0.5167190647384731
132.30000000000013; 0.5171380028911472
132.40000000000012; 0.5175561138257223
132.5000000000001; 0.5179733992913853
132.6000000000001; 0.5183898610354865
132.70000000000013; 0.5188055008035275
132.80000000000013; 0.519220320339134
132.90000000000012; 0.5196343213840415
133.0000000000001; 0.5200475056780741
133.1000000000001; 0.5204598749591265
133.20000000000013; 0.5208714309631463
133.30000000000013; 0.5212821754241138
133.40000000000012; 0.5216921100740257
133.5000000000001; 0.5221012366428762
133.6000000000001; 0.5225095568586405
133.70000000000013; 0.5229170724472579
133.80000000000013; 0.5233237851326118
133.90000000000012; 0.5237296966365173
134.0000000000001; 0.5241348086787012
134.1000000000001; 0.5245391229767867
134.20000000000013; 0.5249426412462793
134.30000000000013; 0.5253453652005453
134.40000000000012; 0.5257472965508043
134.5000000000001; 0.5261484370061069
134.6000000000001; 0.5265487882733232
134.70000000000013; 0.5269483520571246
134.80000000000013; 0.5273471300599735
134.90000000000012; 0.5277451239821055
135.0000000000001; 0.5281423355215148
135.1000000000001; 0.5285387663739421
135.20000000000013; 0.5289344182328607
135.30000000000013; 0.5293292927894583
135.40000000000012; 0.5297233917326313
135.5000000000001; 0.5301167167489635
135.6000000000001; 0.5305092695227184
135.70000000000013; 0.5309010517358256
135.80000000000013; 0.5312920650678638
135.90000000000012; 0.5316823111960539
136.0000000000001; 0.5320717917952447
136.1000000000001; 0.532460508537898
136.20000000000013; 0.5328484630940804
136.30000000000013; 0.5332356571314504
136.40000000000012; 0.533622092315245
136.5000000000001; 0.5340077703082713
136.6000000000001; 0.5343926927708943
136.70000000000013; 0.5347768613610228
136.80000000000013; 0.5351602777341052
136.90000000000012; 0.5355429435431108
137.0000000000001; 0.5359248604385254
137.1000000000001; 0.5363060300683387
137.20000000000013; 0.536686454078035
137.30000000000013; 0.5370661341105809
137.40000000000012; 0.5374450718064185
137.5000000000001; 0.5378232688034535
137.6000000000001; 0.5382007267370491
137.70000000000013; 0.5385774472400118
137.80000000000013; 0.5389534319425853
137.90000000000012; 0.5393286824724421
138.0000000000001; 0.5397032004546717
138.1000000000001; 0.540076987511776
138.20000000000013; 0.5404500452636576
138.30000000000013; 0.5408223753276121
138.40000000000012; 0.5411939793183211
138.5000000000001; 0.5415648588478437
138.60000000000014; 0.5419350155256074
138.70000000000013; 0.5423044509584004
138.80000000000013; 0.5426731667503687
138.90000000000012; 0.5430411645029998
139.0000000000001; 0.543408445815124
139.10000000000014; 0.5437750122829024
139.20000000000013; 0.5441408654998219
139.30000000000013; 0.5445060070566872
139.40000000000012; 0.5448704385416147
139.5000000000001; 0.5452341615400255
139.60000000000014; 0.5455971776346387
139.70000000000013; 0.5459594884054672
139.80000000000013; 0.5463210954298084
139.90000000000012; 0.5466820002822411
140.0000000000001; 0.5470422045346165
140.10000000000014; 0.5474017097560551
140.20000000000013; 0.5477605175129389
140.30000000000013; 0.5481186293689099
140.40000000000012; 0.5484760468848575
140.5000000000001; 0.5488327716189223
140.60000000000014; 0.5491888051264823
140.70000000000013; 0.5495441489601528
140.80000000000013; 0.5498988046697825
140.90000000000012; 0.5502527738024438
141.0000000000001; 0.5506060579024334
141.10000000000014; 0.5509586585112631
141.20000000000013; 0.5513105771676592
141.30000000000013; 0.5516618154075572
141.40000000000012; 0.5520123747640953
141.5000000000001; 0.5523622567676145
141.60000000000014; 0.5527114629456484
141.70000000000013; 0.5530599948229272
141.80000000000013; 0.553407853921367
141.90000000000012; 0.5537550417600711
142.0000000000001; 0.5541015598553227
142.10000000000014; 0.5544474097205848
142.20000000000013; 0.5547925928664938
142.30000000000013; 0.5551371108008598
142.40000000000012; 0.5554809650286586
142.5000000000001; 0.5558241570520348
142.60000000000014; 0.5561666883702923
142.70000000000013; 0.5565085604798968
142.80000000000013; 0.5568497748744725
142.90000000000012; 0.5571903330447953
143.0000000000001; 0.5575302364787941
143.10000000000014; 0.5578694866615482
143.20000000000013; 0.5582080850752834
143.30000000000013; 0.5585460331993714
143.40000000000012; 0.5588833325103255
143.5000000000001; 0.5592199844818015
143.60000000000014; 0.559555990584593
143.70000000000013; 0.5598913522866308
143.80000000000013; 0.5602260710529814
143.90000000000012; 0.5605601483458447
144.0000000000001; 0.5608935856245526
144.10000000000014; 0.5612263843455683
144.20000000000013; 0.5615585459624837
144.30000000000013; 0.5618900719260178
144.40000000000012; 0.5622209636840168
144.5000000000001; 0.5625512226814532
144.60000000000014; 0.5628808503604215
144.70000000000013; 0.5632098481601414
144.80000000000013; 0.5635382175169539
144.90000000000012; 0.5638659598643236
145.0000000000001; 0.5641930766328329
145.10000000000014; 0.5645195692501862
145.20000000000013; 0.5648454391412062
145.30000000000013; 0.5651706877278369
145.40000000000012; 0.5654953164291374
145.50000000000014; 0.565819326661288
145.60000000000014; 0.5661427198375842
145.70000000000013; 0.5664654973684411
145.80000000000013; 0.5667876606613904
145.90000000000012; 0.5671092111210807
146.00000000000014; 0.5674301501492783
146.10000000000014; 0.567750479144867
146.20000000000013; 0.568070199503847
146.30000000000013; 0.5683893126193378
146.40000000000012; 0.5687078198815759
146.50000000000014; 0.5690257226779155
146.60000000000014; 0.5693430223928297
146.70000000000013; 0.5696597204079117
146.80000000000013; 0.5699758181018726
146.90000000000012; 0.5702913168505446
147.00000000000014; 0.5706062180268806
147.10000000000014; 0.5709205230009535
147.20000000000013; 0.571234233139961
147.30000000000013; 0.5715473498082219
147.40000000000012; 0.5718598743671801
147.50000000000014; 0.5721718081754033
147.60000000000014; 0.5724831525885846
147.70000000000013; 0.5727939089595474
147.80000000000013; 0.5731040786382382
147.90000000000012; 0.5734136629717376
148.00000000000014; 0.5737226633042527
148.10000000000014; 0.5740310809771245
148.20000000000013; 0.5743389173288272
148.30000000000013; 0.574646173694968
148.40000000000012; 0.5749528514082922
148.50000000000014; 0.5752589517986801
148.60000000000014; 0.5755644761931519
148.70000000000013; 0.5758694259158699
148.80000000000013; 0.5761738022881375
148.90000000000012; 0.5764776066284009
149.00000000000014; 0.576780840252254
149.10000000000014; 0.5770835044724372
149.20000000000013; 0.5773856005988399
149.30000000000013; 0.5776871299385051
149.40000000000012; 0.5779880937956255
149.50000000000014; 0.5782884934715515
149.60000000000014; 0.5785883302647907
149.70000000000013; 0.5788876054710086
149.80000000000013; 0.5791863203830341
149.90000000000012; 0.5794844762908584
150.00000000000014; 0.5797820744816393
150.10000000000014; 0.5800791227428157
150.20000000000013; 0.5803756159204565
150.30000000000013; 0.5806715551935306
150.40000000000012; 0.5809669418316772
150.50000000000014; 0.5812617771017748
150.60000000000014; 0.5815560622679491
150.70000000000013; 0.5818497985915705
150.80000000000013; 0.5821429873312577
150.90000000000012; 0.5824356297428817
151.00000000000014; 0.5827277270795637
151.10000000000014; 0.5830192805916825
151.20000000000013; 0.5833102915268715
151.30000000000013; 0.5836007611300259
151.40000000000015; 0.583890690643301
151.50000000000014; 0.5841800813061182
151.60000000000014; 0.5844689343551644
151.70000000000013; 0.5847572510243949
151.80000000000013; 0.5850450325450379
151.90000000000015; 0.5853322801455969
152.00000000000014; 0.5856189950518487
152.10000000000014; 0.5859051784868518
152.20000000000013; 0.5861908316709474
152.30000000000013; 0.58647595582176
152.40000000000015; 0.5867605521542014
152.50000000000014; 0.5870446218804738
152.60000000000014; 0.5873281662100722
152.70000000000013; 0.5876111863497893
152.80000000000013; 0.5878936835037127
152.90000000000015; 0.5881756588732344
153.00000000000014; 0.5884571136570503
153.10000000000014; 0.5887380490511621
153.20000000000013; 0.5890184662488832
153.30000000000013; 0.58929836644084
153.40000000000015; 0.5895777508149748
153.50000000000014; 0.58985662055655
153.60000000000014; 0.5901349768481499
153.70000000000013; 0.5904128208696854
153.80000000000013; 0.5906901537983936
153.90000000000015; 0.5909669768088482
154.00000000000014; 0.5912432910729524
154.10000000000014; 0.5915190977599528
154.20000000000013; 0.5917943980364342
154.30000000000013; 0.5920691930663284
154.40000000000015; 0.5923434840109143
154.50000000000014; 0.5926172720288234
154.60000000000014; 0.5928905582760416
154.70000000000013; 0.5931633439059126
154.80000000000013; 0.5934356300691433
154.90000000000015; 0.593707417913805
155.00000000000014; 0.5939787085853389
155.10000000000014; 0.5942495032265552
155.20000000000013; 0.5945198029776442
155.30000000000013; 0.5947896089761725
155.40000000000015; 0.5950589223570905
155.50000000000014; 0.5953277442527343
155.60000000000014; 0.595596075792832
155.70000000000013; 0.5958639181045031
155.80000000000013; 0.5961312723122661
155.90000000000015; 0.5963981395380389
156.00000000000014; 0.5966645209011461
156.10000000000014; 0.5969304175183185
156.20000000000013; 0.5971958305037014
156.30000000000013; 0.5974607609688533
156.40000000000015; 0.597725210022755
156.50000000000014; 0.5979891787718088
156.60000000000014; 0.598252668319846
156.70000000000013; 0.5985156797681277
156.80000000000013; 0.5987782142153498
156.90000000000015; 0.5990402727576483
157.00000000000014; 0.599301856488601
157.10000000000014; 0.5995629664992326
157.20000000000013; 0.5998236038780187
157.30000000000013; 0.6000837697108878
157.40000000000015; 0.6003434650812294
157.50000000000014; 0.6006026910698941
157.60000000000014; 0.6008614487551975
157.70000000000013; 0.6011197392129276
157.80000000000013; 0.6013775635163467
157.90000000000015; 0.6016349227361942
158.00000000000014; 0.6018918179406938
158.10000000000014; 0.6021482501955545
158.20000000000013; 0.6024042205639752
158.30000000000015; 0.6026597301066517
158.40000000000015; 0.602914779881778
158.50000000000014; 0.6031693709450491
158.60000000000014; 0.6034235043496698
158.70000000000013; 0.6036771811463548
158.80000000000015; 0.6039304023833334
158.90000000000015; 0.6041831691063569
159.00000000000014; 0.6044354823586982
159.10000000000014; 0.6046873431811585
159.20000000000013; 0.6049387526120721
159.30000000000015; 0.6051897116873096
159.40000000000015; 0.6054402214402806
159.50000000000014; 0.6056902829019416
159.60000000000014; 0.605939897100798
159.70000000000013; 0.606189065062906
159.80000000000015; 0.6064377878118831
159.90000000000015; 0.6066860663689068
160.00000000000014; 0.6069339017527212
