energy (keV); transmission
1.0; 0.0
1.1; 0.0
1.2000000000000002; 0.0
1.3000000000000003; 0.0
1.4000000000000004; 0.0
1.5000000000000004; 0.0
1.6000000000000005; 0.0
1.7000000000000006; 0.0
1.8000000000000007; 0.0
1.9000000000000008; 0.0
2.000000000000001; 0.0
2.100000000000001; 0.0
2.200000000000001; 0.0
2.300000000000001; 0.0
2.4000000000000012; 0.0
2.5000000000000013; 0.0
2.6000000000000014; 0.0
2.7000000000000015; 0.0
2.8000000000000016; 0.0
2.9000000000000017; 0.0
3.0000000000000018; 0.0
3.100000000000002; 0.0
3.200000000000002; 0.0
3.300000000000002; 0.0
3.400000000000002; 0.0
3.500000000000002; 0.0
3.6000000000000023; 0.0
3.7000000000000024; 0.0
3.8000000000000025; 0.0
3.9000000000000026; 0.0
4.000000000000003; 0.0
4.100000000000003; 0.0
4.200000000000003; 0.0
4.3000000000000025; 0.0
4.400000000000003; 0.0
4.5000000000000036; 1.0659690723501818e-306
4.600000000000003; 3.797537095786668e-289
4.700000000000003; 5.930822329148694e-273
4.800000000000003; 5.488757769388011e-258
4.900000000000004; 3.9307886607664695e-244
5.0000000000000036; 6.432304642053156e-238
5.100000000000003; 1.0244345307035798e-225
5.200000000000004; 2.6630445387931385e-214
5.300000000000004; 1.284015295544619e-203
5.400000000000004; 1.2886528605724076e-193
5.5000000000000036; 2.992457488551384e-184
5.600000000000004; 1.77387326044531e-175
5.700000000000005; 2.9426214553155855e-167
5.800000000000004; 1.4890577424898717e-159
5.900000000000004; 2.4922840951705113e-152
6.000000000000004; 1.0784767197746078e-251
6.100000000000005; 7.198406648739658e-246
6.200000000000005; 2.0402077383901394e-239
6.300000000000004; 1.880611342806563e-232
6.400000000000005; 4.267678018312075e-225
6.500000000000005; 1.812692660584897e-217
6.600000000000005; 1.0773226990154123e-209
6.700000000000005; 7.581797842983997e-202
6.800000000000005; 4.9717098582448734e-194
6.900000000000006; 2.549889121875201e-186
7.000000000000005; 8.85077381487879e-179
7.100000000000005; 1.8517942081522284e-171
7.2000000000000055; 1.0507785663865222e-242
7.300000000000006; 2.109969111040999e-233
7.400000000000006; 1.625194607321557e-224
7.500000000000005; 4.758696429714394e-216
7.600000000000006; 5.3141014495712624e-208
7.700000000000006; 2.2927349230997156e-200
7.800000000000006; 3.90043457192715e-193
7.900000000000006; 2.6848892375228673e-186
8.000000000000007; 7.702627247906096e-180
8.100000000000007; 9.928010242650058e-174
8.200000000000006; 5.903016003912033e-168
8.300000000000006; 1.7281110986423427e-162
8.400000000000006; 0.0
8.500000000000007; 0.0
8.600000000000007; 4.19e-321
8.700000000000006; 7.710654675126e-312
8.800000000000008; 5.84210300176306e-303
8.900000000000007; 1.9284566576590804e-294
9.000000000000007; 2.9210749411723906e-286
9.100000000000007; 2.129266593095655e-278
9.200000000000006; 7.802952374253873e-271
9.300000000000008; 1.4966091057051165e-263
9.400000000000007; 1.5591775162077624e-256
9.500000000000007; 9.130713972534721e-250
9.600000000000009; 3.102420645347679e-243
9.700000000000008; 6.298385236176676e-237
9.800000000000008; 7.850666789116859e-231
9.900000000000007; 6.161675666619988e-225
10.000000000000007; 3.1174077747778626e-219
10.100000000000009; 1.0460903524634807e-213
10.200000000000008; 2.346741787191679e-208
10.300000000000008; 3.570818512098222e-203
10.40000000000001; 3.736989577946045e-198
10.500000000000009; 2.726097985502317e-193
10.600000000000009; 1.4041635417800898e-188
10.700000000000008; 5.170441719970653e-184
10.800000000000008; 1.3773442536751943e-179
10.90000000000001; 2.6849455688194633e-175
11.000000000000009; 3.8724833113926876e-171
11.100000000000009; 4.176425957874325e-167
11.20000000000001; 3.4025578340238913e-163
11.30000000000001; 2.1146924353267509e-159
11.40000000000001; 1.0120992457930272e-155
11.500000000000009; 3.7641814362072755e-152
11.600000000000009; 1.097430931713212e-148
11.70000000000001; 2.5292215760585343e-145
11.80000000000001; 4.645209418585556e-142
11.90000000000001; 6.851813046271891e-139
12.00000000000001; 8.17773710254559e-136
12.10000000000001; 7.954474922388252e-133
12.20000000000001; 6.349600876796856e-130
12.30000000000001; 4.1872689225169576e-127
12.40000000000001; 2.295881286349986e-124
12.50000000000001; 1.0531318266457133e-121
12.60000000000001; 4.065476529835021e-119
12.70000000000001; 1.3283738554900424e-116
12.800000000000011; 3.694042715046212e-114
12.900000000000011; 8.789422604778992e-112
13.00000000000001; 1.7985178358899778e-109
13.10000000000001; 3.1805530058264066e-107
13.20000000000001; 4.884084215062802e-105
13.300000000000011; 6.542445450847339e-103
13.400000000000011; 7.678653367821974e-101
13.50000000000001; 7.929760295990568e-99
13.600000000000012; 7.235031440971447e-97
13.700000000000012; 5.8551410599898125e-95
13.800000000000011; 4.2189122158379445e-93
13.900000000000011; 2.7165657773271854e-91
14.00000000000001; 1.5686646822022752e-89
14.100000000000012; 8.150965584079325e-88
14.200000000000012; 3.823696441662457e-86
14.300000000000011; 1.6245348408847272e-84
14.400000000000013; 6.270082612244232e-83
14.500000000000012; 2.2049400299433084e-81
14.600000000000012; 7.084927398633305e-80
14.700000000000012; 2.085843949095449e-78
14.800000000000011; 5.641404196268363e-77
14.900000000000013; 1.405280211347716e-75
15.000000000000012; 3.232078525130097e-74
15.100000000000012; 6.890503387457768e-73
15.200000000000014; 1.3628036338897227e-71
15.300000000000013; 2.5064051755697882e-70
15.400000000000013; 4.296240083901502e-69
15.500000000000012; 6.878460154975143e-68
15.600000000000012; 1.0307888403574091e-66
15.700000000000014; 1.4487725058055654e-65
15.800000000000013; 1.9134901671747703e-64
15.900000000000013; 2.3793599693384631e-63
16.000000000000014; 2.7905153120381663e-62
16.100000000000016; 3.0920956343308644e-61
16.200000000000014; 3.242591560248549e-60
16.30000000000001; 3.2233154844982883e-59
16.400000000000013; 3.0420054089531798e-58
16.500000000000014; 2.729701285963547e-57
16.600000000000016; 2.332365621656804e-56
16.700000000000014; 1.9002505471438273e-55
16.800000000000015; 1.4782336257374052e-54
16.900000000000013; 1.0994064121310087e-53
17.000000000000014; 7.827120399366817e-53
17.100000000000016; 5.340738016539144e-52
17.200000000000014; 3.4967543073933866e-51
17.300000000000015; 2.1993049644747545e-50
17.400000000000013; 1.3302636129136575e-49
17.500000000000014; 7.746071331104799e-49
17.600000000000016; 4.346715252895943e-48
17.700000000000014; 2.352916929890786e-47
17.800000000000015; 1.2297970419319348e-46
17.900000000000016; 6.212179264009786e-46
18.000000000000014; 3.035480572101978e-45
18.100000000000016; 1.4360205204225409e-44
18.200000000000017; 6.582764177078218e-44
18.300000000000015; 2.926332030359751e-43
18.400000000000016; 1.2625500914265681e-42
18.500000000000014; 5.29071895338902e-42
18.600000000000016; 2.1549780465450554e-41
18.700000000000017; 8.537764644718487e-41
18.800000000000015; 3.292457582987474e-40
18.900000000000016; 1.2366965906361142e-39
19.000000000000014; 1.0399653486701276e-43
19.100000000000016; 4.256838802271162e-43
19.200000000000017; 1.6962872587985226e-42
19.300000000000015; 6.584892168721099e-42
19.400000000000016; 2.491833242713684e-41
19.500000000000018; 9.197830343803459e-41
19.600000000000016; 3.313709497740942e-40
19.700000000000017; 1.1659081808316904e-39
19.80000000000002; 4.008533009211604e-39
19.900000000000016; 1.3474741538977255e-38
20.000000000000018; 4.431028899438425e-38
20.100000000000016; 3.986760084641846e-40
20.200000000000017; 1.350815443082617e-39
20.30000000000002; 4.47838045161721e-39
20.400000000000016; 1.453461674478429e-38
20.500000000000018; 4.620052527730745e-38
20.600000000000016; 1.438960120217141e-37
20.700000000000017; 4.3934101969556855e-37
20.80000000000002; 1.3155081410968836e-36
20.900000000000016; 3.8646210163674105e-36
21.000000000000018; 1.1143457502049511e-35
21.10000000000002; 3.155049833094719e-35
21.200000000000017; 8.774751098461805e-35
21.30000000000002; 2.3981178690901927e-34
21.40000000000002; 6.442790757985428e-34
21.500000000000018; 1.7021660087210517e-33
21.60000000000002; 4.423915871029618e-33
21.700000000000017; 1.1314561456816532e-32
21.80000000000002; 2.8486537919911293e-32
21.90000000000002; 7.062431648523315e-32
22.000000000000018; 1.7247237972725023e-31
22.10000000000002; 4.150211619240388e-31
22.200000000000017; 9.843231453232039e-31
22.30000000000002; 2.3017073233164927e-30
22.40000000000002; 5.308019561679572e-30
22.500000000000018; 1.2075551766054748e-29
22.60000000000002; 2.710769613996893e-29
22.70000000000002; 6.006280809540733e-29
22.80000000000002; 1.313891554644244e-28
22.90000000000002; 2.8383440535602065e-28
23.00000000000002; 6.056619915091959e-28
23.10000000000002; 1.2769119483329253e-27
23.20000000000002; 2.6604801768698058e-27
23.30000000000002; 5.4793397630693166e-27
23.40000000000002; 1.1157422823390231e-26
23.50000000000002; 2.246792941823021e-26
23.60000000000002; 4.475272919853997e-26
23.70000000000002; 8.819114176225123e-26
23.80000000000002; 1.7197642313984138e-25
23.90000000000002; 3.3192415300481944e-25
24.00000000000002; 6.341913126737206e-25
24.10000000000002; 1.1997665750318469e-24
24.20000000000002; 2.2477599024101607e-24
24.300000000000022; 4.1711862530992155e-24
24.40000000000002; 7.668382412500995e-24
24.50000000000002; 1.3968787990093e-23
24.600000000000023; 2.5217326198375752e-23
24.70000000000002; 4.51229617348588e-23
24.800000000000022; 8.004343135025373e-23
24.90000000000002; 1.4078391887295882e-22
25.00000000000002; 2.455544633500984e-22
25.100000000000023; 4.247923904721976e-22
25.20000000000002; 7.289621237987526e-22
25.300000000000022; 1.2410701857394933e-21
25.40000000000002; 2.0965889230451515e-21
25.50000000000002; 3.5149315098851785e-21
25.600000000000023; 5.848800899258921e-21
25.70000000000002; 9.6609908471619e-21
25.800000000000022; 1.5843042472788317e-20
25.900000000000023; 2.579726028134243e-20
26.00000000000002; 4.171396554005387e-20
26.100000000000023; 6.699091561956616e-20
26.200000000000024; 1.0686350387028276e-19
26.300000000000022; 1.6934539030185276e-19
26.400000000000023; 2.6662333561070248e-19
26.50000000000002; 4.171123298124826e-19
26.600000000000023; 6.484645633630854e-19
26.700000000000024; 1.0019477519735915e-18
26.800000000000022; 1.5387773608525284e-18
26.900000000000023; 2.3492201249107387e-18
27.00000000000002; 3.5656051078967334e-18
27.100000000000023; 5.380812585042584e-18
27.200000000000024; 8.074398483399384e-18
27.300000000000022; 1.2049302686744987e-17
27.400000000000023; 1.7883147514361066e-17
27.500000000000025; 2.639954082270064e-17
27.600000000000023; 3.876666223545751e-17
27.700000000000024; 5.663286552119463e-17
27.800000000000026; 8.231224530175587e-17
27.900000000000023; 1.1903730623033251e-16
28.000000000000025; 1.7130130554035555e-16
28.100000000000023; 2.4531984913833363e-16
28.200000000000024; 3.496503205480235e-16
28.300000000000026; 4.960192204429015e-16
28.400000000000023; 7.004221169381801e-16
28.500000000000025; 9.84579415551981e-16
28.600000000000023; 1.3778544784744202e-15
28.700000000000024; 1.9197698741788625e-15
28.800000000000026; 2.663294066011047e-15
28.900000000000023; 3.679116262994067e-15
29.000000000000025; 5.061183377132852e-15
29.100000000000026; 6.933842335799083e-15
29.200000000000024; 9.461016073773343e-15
29.300000000000026; 1.2857945537590603e-14
29.400000000000027; 1.7406156673538575e-14
29.500000000000025; 2.3472464949872592e-14
29.600000000000026; 3.153301548295273e-14
29.700000000000024; 4.22035800721637e-14
29.800000000000026; 5.627760004206887e-14
29.900000000000027; 7.477378335174792e-14
30.000000000000025; 9.899544463808208e-14
30.100000000000026; 1.306184797836192e-13
30.200000000000024; 1.7174873474239714e-13
30.300000000000026; 2.2506324663586845e-13
30.400000000000027; 2.9394128384380226e-13
30.500000000000025; 3.826343961989657e-13
30.600000000000026; 4.96474409081577e-13
30.700000000000028; 6.421267872224802e-13
30.800000000000026; 8.278983016598148e-13
30.900000000000027; 1.064109490763361e-12
31.00000000000003; 1.363544196858617e-12
31.100000000000026; 1.7419905120591814e-12
31.200000000000028; 2.2188898112171607e-12
31.300000000000026; 2.8181132196566825e-12
31.400000000000027; 3.5688878943918578e-12
31.50000000000003; 4.506898928222669e-12
31.600000000000026; 5.675596557444429e-12
31.700000000000028; 7.127742709462907e-12
31.800000000000026; 8.927235812477329e-12
31.900000000000027; 1.1151258254098558e-11
32.00000000000003; 1.3892796970293481e-11
32.10000000000002; 1.7263594423376917e-11
32.20000000000003; 2.1397594743098426e-11
32.300000000000026; 2.6454958115123274e-11
32.40000000000003; 3.262672566470939e-11
32.50000000000003; 4.0140227159965206e-11
32.60000000000003; 4.926533490900194e-11
32.70000000000003; 6.032167930994888e-11
32.800000000000026; 7.368695469281813e-11
32.90000000000003; 8.980645842840592e-11
33.00000000000003; 1.0920402183155853e-10
33.10000000000003; 1.3249450821198723e-10
33.20000000000003; 1.6039807158187044e-10
33.300000000000026; 1.9375638906851055e-10
33.40000000000003; 2.335511010530176e-10
33.50000000000003; 2.809247155068299e-10
33.60000000000003; 3.3720425697030365e-10
33.70000000000003; 4.039279661435071e-10
33.800000000000026; 4.828753831732506e-10
33.90000000000003; 5.761011764387716e-10
34.00000000000003; 6.859731089825776e-10
34.10000000000003; 8.152145667017284e-10
34.20000000000003; 9.669521060153806e-10
34.30000000000003; 1.1447685139336503e-09
34.40000000000003; 1.35276191025616e-09
34.50000000000003; 1.5956114599905457e-09
34.60000000000003; 1.878650303951758e-09
34.70000000000003; 2.2079463568360237e-09
34.80000000000003; 2.5903916647706696e-09
34.90000000000003; 3.0338010583700565e-09
35.00000000000003; 3.5470208825417604e-09
35.10000000000003; 4.140048630623471e-09
35.20000000000003; 4.8241643577312884e-09
35.30000000000003; 5.612074796338938e-09
35.400000000000034; 6.5180711459620065e-09
35.50000000000003; 7.558201558165726e-09
35.60000000000003; 8.750459387869054e-09
35.70000000000003; 1.0114988331781012e-08
35.80000000000003; 1.1674305624685299e-08
35.900000000000034; 1.3453544513903409e-08
36.00000000000003; 1.54807172813989e-08
36.10000000000003; 1.7787000131469164e-08
36.20000000000003; 2.0407041309445774e-08
36.30000000000003; 2.3379293863170676e-08
36.400000000000034; 2.674637450387242e-08
36.50000000000003; 3.055545006622856e-08
36.60000000000003; 3.4858653108567766e-08
36.70000000000003; 3.971352823310841e-08
36.80000000000003; 4.5183510742485813e-08
36.900000000000034; 5.13384392824185e-08
37.00000000000003; 5.825510415091657e-08
37.10000000000003; 6.601783298146437e-08
37.20000000000003; 7.471911553127079e-08
37.30000000000003; 8.446026932519215e-08
37.400000000000034; 9.535214792149206e-08
37.500000000000036; 1.0751589357654099e-07
37.60000000000003; 1.2108373609226838e-07
37.70000000000003; 1.3619983963129526e-07
37.80000000000003; 1.5302119928158452e-07
37.900000000000034; 1.7171858914320566e-07
38.000000000000036; 1.9247756369576016e-07
38.10000000000003; 2.1549951418484125e-07
38.20000000000003; 2.410027817400599e-07
38.30000000000003; 2.692238289055642e-07
38.400000000000034; 3.004184712257135e-07
38.500000000000036; 3.348631704851388e-07
38.60000000000004; 3.7285639115128745e-07
38.70000000000003; 4.147200215120111e-07
38.80000000000003; 4.6080086093650154e-07
38.900000000000034; 5.114721746199524e-07
39.000000000000036; 5.671353170956686e-07
39.10000000000004; 6.282214257171009e-07
39.20000000000003; 6.951931852236075e-07
39.30000000000003; 7.685466644104141e-07
39.400000000000034; 8.488132258216848e-07
39.500000000000036; 9.365615092808061e-07
39.60000000000004; 1.0323994899595314e-06
39.70000000000003; 1.1369766115696829e-06
39.80000000000003; 1.2509859951403683e-06
39.900000000000034; 1.3751667237133503e-06
40.000000000000036; 1.5103051460073777e-06
40.10000000000004; 1.6571586781268584e-06
40.20000000000003; 1.8166862526941653e-06
40.30000000000003; 1.989833676013711e-06
40.400000000000034; 2.1776051849815107e-06
40.500000000000036; 2.3810661853238707e-06
40.60000000000004; 2.6013460646534052e-06
40.70000000000004; 2.8396410795641887e-06
40.80000000000003; 3.097217315836968e-06
40.900000000000034; 3.375413720658435e-06
41.000000000000036; 3.6756452056074107e-06
41.10000000000004; 3.999405818992518e-06
41.20000000000004; 4.3482719859659046e-06
41.30000000000003; 4.7239058146790256e-06
41.400000000000034; 5.128058466580863e-06
41.500000000000036; 5.562573588796451e-06
41.60000000000004; 6.029390806373947e-06
41.70000000000004; 6.5305492720116226e-06
41.80000000000004; 7.068191270739322e-06
41.900000000000034; 7.644565876863532e-06
42.000000000000036; 8.262032660330068e-06
42.10000000000004; 8.923065439524943e-06
42.20000000000004; 9.630256077374753e-06
42.30000000000004; 1.0386318317467684e-05
42.400000000000034; 1.1194091656800139e-05
42.500000000000036; 1.2056545251581566e-05
42.60000000000004; 1.2976781852452392e-05
42.70000000000004; 1.3958041765307236e-05
42.80000000000004; 1.5003706833817056e-05
42.900000000000034; 1.6117304439642643e-05
43.000000000000036; 1.7302511516202765e-05
43.10000000000004; 1.8563158571790598e-05
43.20000000000004; 1.990323371771964e-05
43.30000000000004; 2.1326886697109297e-05
43.400000000000034; 2.2838432909841666e-05
43.500000000000036; 2.4442357429139912e-05
43.60000000000004; 2.6143319005185278e-05
43.70000000000004; 2.7946154051100882e-05
43.80000000000004; 2.9855880606605422e-05
43.90000000000004; 3.1877702274598886e-05
44.000000000000036; 3.4017012125921425e-05
44.10000000000004; 3.6279396567470095e-05
44.20000000000004; 3.867063916887875e-05
44.30000000000004; 4.1196724442968664e-05
44.40000000000004; 4.38638415751251e-05
44.500000000000036; 4.667838809682121e-05
44.60000000000004; 4.964697349851468e-05
44.70000000000004; 5.277642277714885e-05
44.80000000000004; 5.6073779913538885e-05
44.90000000000004; 5.954631127498019e-05
45.00000000000004; 6.320150893843677e-05
45.10000000000004; 6.704709392975376e-05
45.20000000000004; 7.109101937436927e-05
45.30000000000004; 7.53414735551286e-05
45.40000000000004; 7.980688287280697e-05
45.50000000000004; 8.449591470510248e-05
45.60000000000004; 8.941748015994027e-05
45.70000000000004; 9.458073671898191e-05
45.80000000000004; 9.999509076737394e-05
45.90000000000004; 0.00010567020000595664
46.00000000000004; 0.00011161597574206495
46.10000000000004; 0.00011784258505546138
46.20000000000004; 0.00012436045283579844
46.30000000000004; 0.0001311802636883339
46.40000000000004; 0.00013831296370464397
46.50000000000004; 0.00014576976209530523
46.60000000000004; 0.000153562132681619
46.70000000000004; 0.00016170181524360067
46.80000000000004; 0.00017020081672161337
46.90000000000004; 0.00017907141226921138
47.00000000000004; 0.0001883261461548973
47.100000000000044; 0.00019797783251067935
47.20000000000004; 0.00020803955592537716
47.30000000000004; 0.0002185246718810554
47.40000000000004; 0.00022944680703074235
47.50000000000004; 0.00024081985931615166
47.600000000000044; 0.00025265799792407816
47.70000000000004; 0.00026497566308025463
47.80000000000004; 0.0002777875656799285
47.90000000000004; 0.00029110868675421653
48.00000000000004; 0.00030495427677174384
48.100000000000044; 0.0003193398547750761
48.200000000000045; 0.00033428120735184866
48.30000000000004; 0.0003497943874403565
48.40000000000004; 0.00036589571296977646
48.50000000000004; 0.0003826017653352687
48.600000000000044; 0.0003999293877084642
48.700000000000045; 0.00041789568318384825
48.80000000000004; 0.00043651801276184713
48.90000000000004; 0.0004558139931695198
49.00000000000004; 0.00047580149451994185
49.100000000000044; 0.000496498637811647
49.200000000000045; 0.0005179237922692119
49.30000000000004; 0.0005400955725269167
49.40000000000004; 0.000563032835656901
49.50000000000004; 0.0005867546780435817
49.600000000000044; 0.000611280432106783
49.700000000000045; 0.0006366296628749138
49.80000000000004; 0.0006628221644112461
49.90000000000004; 0.0006898779560950928
50.00000000000004; 0.0007178172787604455
50.100000000000044; 0.0007466712995709184
50.200000000000045; 0.0007764507825759884
50.30000000000005; 0.0008071764942777669
50.40000000000004; 0.0008388695171137593
50.50000000000004; 0.0008715511309463589
50.600000000000044; 0.0009052428082501039
50.700000000000045; 0.0009399662091748995
50.80000000000005; 0.0009757431764887077
50.90000000000004; 0.0010125957304032637
51.00000000000004; 0.0010505460632863604
51.100000000000044; 0.0010896165342644507
51.200000000000045; 0.0011298296637193958
51.30000000000005; 0.001171208127683113
51.40000000000005; 0.001213774752134266
51.50000000000004; 0.0012575525072003478
51.600000000000044; 0.0013025645012701536
51.700000000000045; 0.0013488339750196896
51.80000000000005; 0.0013963842953562378
51.90000000000005; 0.0014452389492846539
52.00000000000004; 0.001495421537699569
52.100000000000044; 0.0015469557691084872
52.200000000000045; 0.0015998654532893217
52.30000000000005; 0.0016541744948867828
52.40000000000005; 0.0017099068869520498
52.50000000000004; 0.001767086704429835
52.600000000000044; 0.0018257380975968125
52.700000000000045; 0.0018858852854560257
52.80000000000005; 0.0019475525490918093
52.90000000000005; 0.002010764224988338
53.00000000000004; 0.002075544698317193
53.100000000000044; 0.00214191839619756
53.200000000000045; 0.0022099097809332845
53.30000000000005; 0.002279543343231047
53.40000000000005; 0.002350843595403638
53.50000000000005; 0.002423835064562509
53.600000000000044; 0.0024985422858039585
53.700000000000045; 0.002574989795391779
53.80000000000005; 0.0026532021239421507
53.90000000000005; 0.002733203789613193
54.00000000000005; 0.0028150192913037214
54.100000000000044; 0.002898673101864594
54.200000000000045; 0.002984189661327388
54.30000000000005; 0.003071593370152665
54.40000000000005; 0.0031609085825025137
54.50000000000005; 0.0032521595995410974
54.60000000000005; 0.0033453706627652948
54.700000000000045; 0.00344056594737098
54.80000000000005; 0.0035377695556565937
54.90000000000005; 0.0036370055104678967
55.00000000000005; 0.003738297748687929
55.10000000000005; 0.003841670114773448
55.200000000000045; 0.0039471463543432695
55.30000000000005; 0.004054750107819914
55.40000000000005; 0.004164504904127405
55.50000000000005; 0.004276434154449847
55.60000000000005; 0.004390561146051481
55.700000000000045; 0.004506909036161826
55.80000000000005; 0.004625500845928792
55.90000000000005; 0.004746359454442175
56.00000000000005; 0.00486950759282896
56.10000000000005; 0.004994967838425232
56.200000000000045; 0.005122762609023388
56.30000000000005; 0.005252914157201001
56.40000000000005; 0.0053854445647295805
56.50000000000005; 0.005520375737068269
56.60000000000005; 0.005657729397942309
56.70000000000005; 0.005797527084010155
56.80000000000005; 0.005939790139618734
56.90000000000005; 0.006084539711649819
57.00000000000005; 0.0062317967444603314
57.10000000000005; 0.006381581974915475
57.20000000000005; 0.006533915927517525
57.30000000000005; 0.006688818909632949
57.40000000000005; 0.00684631100681627
57.50000000000005; 0.007006412078233523
57.60000000000005; 0.0071691417521883875
57.70000000000005; 0.007334519421746854
57.800000000000054; 0.007502564240466997
57.90000000000005; 0.007673295118231579
58.00000000000005; 0.00784673071718373
58.10000000000005; 0.008022889447770453
58.20000000000005; 0.008201789464888707
58.300000000000054; 0.008383448664140036
58.40000000000005; 0.008567884678191636
58.50000000000005; 0.008755114873244279
58.60000000000005; 0.008945156345607327
58.70000000000005; 0.009138025918384272
58.800000000000054; 0.009333740138262703
58.90000000000005; 0.009532315272416417
59.00000000000005; 0.009733767305513055
59.10000000000005; 0.009938111936832528
59.20000000000005; 0.010145364577492402
59.300000000000054; 0.010355540347782754
59.40000000000005; 0.010568654074608358
59.50000000000005; 0.010784720289040097
59.60000000000005; 0.011003753223973381
59.70000000000005; 0.011225766811894218
59.800000000000054; 0.011450774682752832
59.900000000000055; 0.011678790161944369
60.00000000000005; 0.011909826268393587
60.10000000000005; 0.01214385354593684
60.20000000000005; 0.012380925517397058
60.300000000000054; 0.012621054387575796
60.400000000000055; 0.012864252050164119
60.50000000000005; 0.013110530090362263
60.60000000000005; 0.01335989978363142
60.70000000000005; 0.013612372094545784
60.800000000000054; 0.013867957675740703
60.900000000000055; 0.014126666866959944
61.00000000000006; 0.014388509694196683
61.10000000000005; 0.01465349586893114
61.20000000000005; 0.014921634787461573
61.300000000000054; 0.015192935530329053
61.400000000000055; 0.0154674068618326
61.50000000000006; 0.015745057229638624
61.60000000000005; 0.016025894764476557
61.70000000000005; 0.01630992727992533
61.800000000000054; 0.016597162272287507
61.900000000000055; 0.01688760692055079
62.00000000000006; 0.017181268086431164
62.10000000000005; 0.0174781523145057
62.20000000000005; 0.01777826583242399
62.300000000000054; 0.018081614551202597
62.400000000000055; 0.01838820406560194
62.50000000000006; 0.01869803965457816
62.60000000000005; 0.019011126281818145
62.70000000000005; 0.01932746859634672
62.800000000000054; 0.01964707093321137
62.900000000000055; 0.019969937314241945
63.00000000000006; 0.02029607144887968
63.10000000000006; 0.020625476735081708
63.20000000000005; 0.020958156260292446
63.300000000000054; 0.02129411280248487
63.400000000000055; 0.02163334883127035
63.50000000000006; 0.021975866509072628
63.60000000000006; 0.022321667692365717
63.70000000000005; 0.022670753932978946
63.800000000000054; 0.023023126479459952
63.900000000000055; 0.023378786278498816
64.00000000000006; 0.023737733976414536
64.10000000000005; 0.024099969920694842
64.20000000000006; 0.02446549416159475
64.30000000000005; 0.02483430645379125
64.40000000000006; 0.02520640625808912
64.50000000000006; 0.025581792743180093
64.60000000000005; 0.025960464787454444
64.70000000000006; 0.026342420980859236
64.80000000000005; 0.026727659626807197
64.90000000000006; 0.02711617874413354
65.00000000000006; 0.027507976069092048
65.10000000000005; 0.027903049057405586
65.20000000000006; 0.028301394886349043
65.30000000000005; 0.02870301045688079
65.40000000000006; 0.02910789239581352
65.50000000000006; 0.029516037058019483
65.60000000000005; 0.02992744052867994
65.70000000000006; 0.03034209862556686
65.80000000000005; 0.030760006901359518
65.90000000000006; 0.03118116064599744
66.00000000000006; 0.03160555488906567
66.10000000000005; 0.03203318440220763
66.20000000000006; 0.032464043701573984
66.30000000000005; 0.0328981270502961
66.40000000000006; 0.03333542846098862
66.50000000000006; 0.033775941698278716
66.60000000000005; 0.03421966028136049
66.70000000000006; 0.03466657748657527
66.80000000000005; 0.03511668635001057
66.90000000000006; 0.03556997967012767
67.00000000000006; 0.03602645001040099
67.10000000000007; 0.036486089701989154
67.20000000000006; 0.03694889084641108
67.30000000000005; 0.037414845318252524
67.40000000000006; 0.037883944767877736
67.50000000000006; 0.03835618062416661
67.60000000000007; 0.038831544097257996
67.70000000000006; 0.03931002618131104
67.80000000000005; 0.0397916176572783
67.90000000000006; 0.040276309095690216
68.00000000000006; 0.0407640908594472
68.10000000000007; 0.04125495310662542
68.20000000000006; 0.0417488857932889
68.30000000000005; 0.042245878676308836
68.40000000000006; 0.04274592131619111
68.50000000000006; 0.043249003079908414
68.60000000000007; 0.04375511314373798
68.70000000000006; 0.044264240496102066
68.80000000000005; 0.04477637394041373
68.90000000000006; 0.04529150209792428
69.00000000000006; 0.045809613410570424
69.10000000000007; 0.046330696143824825
69.20000000000006; 0.04685473838954553
69.30000000000005; 0.04738172806882566
69.40000000000006; 0.04791165293483742
69.50000000000006; 0.04844450057568066
69.60000000000007; 0.04898025841722338
69.70000000000006; 0.04951891372594021
69.80000000000007; 0.05006045361174615
69.90000000000006; 0.0506048650308261
70.00000000000006; 0.051152134788457974
70.10000000000007; 0.051702249541828726
70.20000000000006; 0.052255195802846766
70.30000000000007; 0.052810959940942856
70.40000000000006; 0.0533695281858631
70.50000000000006; 0.05393088663045825
70.60000000000007; 0.054495021233456134
70.70000000000006; 0.05506191782223278
70.80000000000007; 0.0556315620955622
70.90000000000006; 0.05620393962636821
71.00000000000006; 0.05677903586445379
71.10000000000007; 0.057356836139225154
71.20000000000006; 0.057937325662400875
71.30000000000007; 0.058520489530708
71.40000000000006; 0.059106312728565216
71.50000000000006; 0.05969478013075446
71.60000000000007; 0.060285876505074144
71.70000000000006; 0.060879586514982154
71.80000000000007; 0.06147589472222043
71.90000000000006; 0.062074785589425106
72.00000000000006; 0.06267624348272223
72.10000000000007; 0.06328025267430841
72.20000000000006; 0.06388679734500922
72.30000000000007; 0.064495861586829
72.40000000000006; 0.06510742940547391
72.50000000000006; 0.06572148472287094
72.60000000000007; 0.06633801137965198
72.70000000000006; 0.06695699313763778
72.80000000000007; 0.06757841368228913
72.90000000000006; 0.06820225662514817
73.00000000000006; 0.06882850550625769
73.10000000000007; 0.06945714379656055
73.20000000000006; 0.07008815490028418
73.30000000000007; 0.07072152215729931
73.40000000000006; 0.07135722884546496
73.50000000000007; 0.07199525818294926
73.60000000000007; 0.07263559333053053
73.70000000000006; 0.07327821739388309
73.80000000000007; 0.07392311342583498
73.90000000000006; 0.07457026442861209
74.00000000000007; 0.07521965335605654
74.10000000000007; 0.07587126311582493
74.20000000000006; 0.07652507657156966
74.30000000000007; 0.07718107654509349
74.40000000000006; 0.07783924581848795
74.50000000000007; 0.07849956713624386
74.60000000000007; 0.0791620232073483
74.70000000000006; 0.07982659670735491
74.80000000000007; 0.08049327028043046
74.90000000000006; 0.08116202654138721
75.00000000000007; 0.08183284807768787
75.10000000000007; 0.0825057174514279
75.20000000000006; 0.08318061720130052
75.30000000000007; 0.08385752984453484
75.40000000000006; 0.08453643787881618
75.50000000000007; 0.08521732378418184
75.60000000000007; 0.08590017002489488
75.70000000000006; 0.08658495905129605
75.80000000000007; 0.08727167330163688
75.90000000000006; 0.08796029520388138
76.00000000000007; 0.08865080717750158
76.10000000000007; 0.08934319163522997
76.20000000000007; 0.09003743098481237
76.30000000000007; 0.09073350763071775
76.40000000000006; 0.09143140397584494
76.50000000000007; 0.0921311024231912
76.60000000000007; 0.09283258537750864
76.70000000000007; 0.09353583524693694
76.80000000000007; 0.09424083444461133
76.90000000000006; 0.09494756539025202
77.00000000000007; 0.09565601051173094
77.10000000000007; 0.09636615224661062
77.20000000000007; 0.0970779730436763
77.30000000000007; 0.09779145536443062
77.40000000000006; 0.09850658168457287
77.50000000000007; 0.09922333449546293
77.60000000000007; 0.09994169630555029
77.70000000000007; 0.10066164964179726
77.80000000000007; 0.10138317705106682
77.90000000000006; 0.10210626110150045
78.00000000000007; 0.10283088438386706
78.10000000000007; 0.10355702951289757
78.20000000000007; 0.10428467912859088
78.30000000000007; 0.10501381589750766
78.40000000000006; 0.10574442251403816
78.50000000000007; 0.10647648170164913
78.60000000000007; 0.10720997621411453
78.70000000000007; 0.10794488883672033
78.80000000000007; 0.10868120238745764
78.90000000000006; 0.1094188997181821
79.00000000000007; 0.11015796371577016
79.10000000000007; 0.110898377303242
79.20000000000007; 0.1116401234408711
79.30000000000007; 0.1123831851272721
79.40000000000006; 0.11312754540047304
79.50000000000007; 0.1138731873389626
79.60000000000007; 0.11462009406272042
79.70000000000007; 0.11536824873423411
79.80000000000007; 0.1161176345594865
79.90000000000008; 0.11686823478893073
80.00000000000007; 0.11762003271845264
80.10000000000007; 0.11837320219294233
80.20000000000007; 0.1191275395478635
80.30000000000007; 0.11988302526795336
80.40000000000008; 0.12063964267759085
80.50000000000007; 0.12139737515032685
80.60000000000007; 0.12215620610976279
80.70000000000007; 0.12291611903041641
80.80000000000007; 0.12367709743856128
80.90000000000008; 0.12443912491305587
81.00000000000007; 0.1252021850861516
81.10000000000007; 0.12596626164428276
81.20000000000007; 0.12673133832884623
81.30000000000007; 0.1274973989369541
81.40000000000008; 0.1282644273221769
81.50000000000007; 0.12903240739527214
81.60000000000007; 0.12980132312488482
81.70000000000007; 0.13057115853824416
81.80000000000007; 0.13134189772183727
81.90000000000008; 0.1321135248220735
82.00000000000007; 0.13288602404592048
82.10000000000007; 0.13365937966153774
82.20000000000007; 0.13443357599889053
82.30000000000007; 0.13520859745034086
82.40000000000008; 0.13598442847123768
82.50000000000007; 0.13676105358047694
82.60000000000008; 0.13753845736105924
82.70000000000007; 0.13831662446062443
82.80000000000007; 0.13909553959197532
82.90000000000008; 0.1398751875335854
83.00000000000007; 0.14065555313009423
83.10000000000008; 0.14143662129279058
83.20000000000007; 0.14221837700007123
83.30000000000007; 0.1430008052979017
83.40000000000008; 0.14378389130024818
83.50000000000007; 0.14456762018950853
83.60000000000008; 0.1453519772169219
83.70000000000007; 0.14613694770296856
83.80000000000007; 0.14692251703775333
83.90000000000008; 0.14770867068138294
84.00000000000007; 0.1484953941643237
84.10000000000008; 0.14928267308774995
84.20000000000007; 0.15007049312387924
84.30000000000007; 0.15085884001629962
84.40000000000008; 0.15164769958027347
84.50000000000007; 0.1524370577030423
84.60000000000008; 0.153226900344115
84.70000000000007; 0.15401721353554124
84.80000000000007; 0.15480798338217486
84.90000000000008; 0.15559919606193057
85.00000000000007; 0.15639083782602264
85.10000000000008; 0.1571828949992028
85.20000000000007; 0.15797535397996726
85.30000000000007; 0.15876820124078103
85.40000000000008; 0.1595614233282657
85.50000000000007; 0.16035500686339269
85.60000000000008; 0.1611489385416643
85.70000000000007; 0.16194320513327243
85.80000000000007; 0.16273779348326547
85.90000000000008; 0.16353269051169228
86.00000000000007; 0.16432788321374242
86.10000000000008; 0.16512335865987188
86.20000000000007; 0.1659191039959264
86.30000000000008; 0.1667151064432479
86.40000000000008; 0.16751135329877934
86.50000000000007; 0.1683078319351515
86.60000000000008; 0.16910452980077006
86.70000000000007; 0.16990143441988895
86.80000000000008; 0.17069853339267577
86.90000000000008; 0.1714958143952649
87.00000000000007; 0.17229326517981391
87.10000000000008; 0.1730908735745373
87.20000000000007; 0.17388862748374345
87.30000000000008; 0.17468651488785583
87.40000000000008; 0.17548452384342925
87.50000000000007; 0.17628264248316264
87.60000000000008; 0.17708085901589724
87.70000000000007; 0.1778791617266075
87.80000000000008; 0.17867753897639396
87.90000000000008; 0.17947597920245936
88.00000000000007; 0.18027447091807727
88.10000000000008; 0.1810730027125645
88.20000000000007; 0.1818715632512315
88.30000000000008; 0.18267014127533723
88.40000000000008; 0.18346872560203842
88.50000000000007; 0.18426730512431716
88.60000000000008; 0.18506586881092427
88.70000000000007; 0.18586440570629598
88.80000000000008; 0.18666290493048024
88.90000000000008; 0.18746135567904193
89.00000000000009; 0.1882597472229804
89.10000000000008; 0.18905806890862006
89.20000000000007; 0.18985631015751742
89.30000000000008; 0.19065446046634046
89.40000000000008; 0.19145250940676
89.50000000000009; 0.19225044662532756
89.60000000000008; 0.19304826184334692
89.70000000000007; 0.19384594485674586
89.80000000000008; 0.19464348553593783
89.90000000000008; 0.19544087382567907
90.00000000000009; 0.19623809974492895
90.10000000000008; 0.19703515338668617
90.20000000000007; 0.19783202491784785
90.30000000000008; 0.1986287045790348
90.40000000000008; 0.19942518268443687
90.50000000000009; 0.20022144962163863
90.60000000000008; 0.20101749585144582
90.70000000000007; 0.20181331190770768
90.80000000000008; 0.202608888397135
90.90000000000008; 0.20340421599911074
91.00000000000009; 0.20419928546550706
91.10000000000008; 0.20499408762048046
91.20000000000007; 0.2057886133602835
91.30000000000008; 0.20658285365305795
91.40000000000008; 0.20737679953862775
91.50000000000009; 0.2081704421282944
91.60000000000008; 0.20896377260462307
91.70000000000007; 0.20975678222122496
91.80000000000008; 0.21054946230254018
91.90000000000008; 0.21134180424361187
92.00000000000009; 0.2121337995098671
92.10000000000008; 0.21292543963688054
92.20000000000007; 0.21371671623014996
92.30000000000008; 0.21450762096485523
92.40000000000008; 0.21529814558562613
92.50000000000009; 0.21608828190629928
92.60000000000008; 0.2168780218096762
92.70000000000009; 0.21766735724727673
92.80000000000008; 0.21845628023909186
92.90000000000008; 0.2192447828733332
93.00000000000009; 0.22003285730617955
93.10000000000008; 0.2208204957615241
93.20000000000009; 0.22160769053071167
93.30000000000008; 0.22239443397228204
93.40000000000008; 0.22318071851170906
93.50000000000009; 0.22396653664113442
93.60000000000008; 0.22475188091910203
93.70000000000009; 0.22553674397028975
93.80000000000008; 0.2263211184852423
93.90000000000008; 0.2271049972200927
94.00000000000009; 0.22788837299629722
94.10000000000008; 0.228671238700353
94.20000000000009; 0.22945358728352616
94.30000000000008; 0.23023541176156784
94.40000000000008; 0.23101670521443854
94.50000000000009; 0.2317974607860284
94.60000000000008; 0.23257767168386348
94.70000000000009; 0.23335733117883758
94.80000000000008; 0.23413643260490952
94.90000000000008; 0.2349149693588298
95.00000000000009; 0.2356929348998423
95.10000000000008; 0.23647032274940383
95.20000000000009; 0.23724712649088345
95.30000000000008; 0.23802333976928253
95.40000000000009; 0.23879895629093045
95.50000000000009; 0.2395739698231978
95.60000000000008; 0.24034837419420163
95.70000000000009; 0.24112216329250752
95.80000000000008; 0.24189533106683525
95.90000000000009; 0.24266787152576094
96.00000000000009; 0.24343977873741626
96.10000000000008; 0.24421104682919548
96.20000000000009; 0.2449816699874546
96.30000000000008; 0.2457516424572072
96.40000000000009; 0.24652095854182793
96.50000000000009; 0.24728961260275423
96.60000000000008; 0.24805759905917535
96.70000000000009; 0.24882491238774326
96.80000000000008; 0.2495915471222593
96.90000000000009; 0.2503574978533762
97.00000000000009; 0.2511227592282966
97.10000000000008; 0.25188732595046454
97.20000000000009; 0.2526511927792688
97.30000000000008; 0.25341435452973116
97.40000000000009; 0.2541768060722104
97.50000000000009; 0.25493854233209184
97.60000000000008; 0.2556995582894829
97.70000000000009; 0.25645984897891666
97.80000000000008; 0.2572194094890359
97.90000000000009; 0.2579782349622969
98.00000000000009; 0.2587363205946617
98.10000000000008; 0.25949366163529475
98.20000000000009; 0.26025025338625585
98.30000000000008; 0.2610060912021974
98.40000000000009; 0.2617611704900637
98.50000000000009; 0.2625154867087785
98.60000000000008; 0.2632690353689496
98.70000000000009; 0.2640218120325603
98.80000000000008; 0.2647738123126666
98.90000000000009; 0.26552503187309273
99.00000000000009; 0.26627546642813155
99.1000000000001; 0.26702511174224103
99.20000000000009; 0.2677739636297374
99.30000000000008; 0.2685220179545014
99.40000000000009; 0.2692692706296653
99.50000000000009; 0.2700157176173227
99.6000000000001; 0.27076135492822184
99.70000000000009; 0.27150617862146764
99.80000000000008; 0.27225018480422025
99.90000000000009; 0.2729933696313939
100.00000000000009; 0.2737357240882927
100.1000000000001; 0.27447705012964757
100.20000000000009; 0.27521754386349373
100.30000000000008; 0.27595720165487764
100.40000000000009; 0.27669601991503767
100.50000000000009; 0.2774339951011061
100.6000000000001; 0.2781711237158083
100.70000000000009; 0.2789074023071748
100.80000000000008; 0.2796428274682443
100.90000000000009; 0.2803773958367649
101.00000000000009; 0.2811111040949117
101.1000000000001; 0.28184394896898185
101.20000000000009; 0.28257592722911096
101.30000000000008; 0.28330703568898224
101.40000000000009; 0.28403727120553146
101.50000000000009; 0.2847666306786625
101.6000000000001; 0.28549511105095676
101.70000000000009; 0.2862227093073855
101.8000000000001; 0.28694942247502137
101.90000000000009; 0.2876752476227589
102.00000000000009; 0.28840018186101835
102.1000000000001; 0.28912422234147445
102.20000000000009; 0.28984736625676233
102.3000000000001; 0.29056961084020033
102.40000000000009; 0.2912909533655075
102.50000000000009; 0.29201139114652225
102.6000000000001; 0.29273092153692293
102.70000000000009; 0.2934495419299525
102.8000000000001; 0.29416724975813463
102.90000000000009; 0.2948840424929986
103.00000000000009; 0.2955999176448108
103.1000000000001; 0.2963148727622869
103.20000000000009; 0.2970289054323294
103.3000000000001; 0.2977420132797491
103.40000000000009; 0.298454193966995
103.50000000000009; 0.29916544519388166
103.6000000000001; 0.2998757646973235
103.70000000000009; 0.30058515025106186
103.8000000000001; 0.3012935996653981
103.90000000000009; 0.3020011107869283
104.00000000000009; 0.30270768149827765
104.1000000000001; 0.3034133097178344
104.20000000000009; 0.3041179933994896
104.3000000000001; 0.3048217305323698
104.40000000000009; 0.305524519140579
104.50000000000009; 0.3062263572829423
104.6000000000001; 0.3069272430527352
104.70000000000009; 0.3076271745774412
104.8000000000001; 0.3083261500184785
104.90000000000009; 0.3090241675709605
105.00000000000009; 0.3097212254634264
105.1000000000001; 0.3104173219576011
105.20000000000009; 0.31111245534813015
105.3000000000001; 0.3118066239623379
105.40000000000009; 0.3124998261599747
105.5000000000001; 0.31319206033296687
105.6000000000001; 0.31388332490516885
105.70000000000009; 0.3145736183321187
105.8000000000001; 0.31526293910078806
105.90000000000009; 0.3159512857293458
106.0000000000001; 0.3166386567669044
106.1000000000001; 0.31732505079328877
106.20000000000009; 0.3180104664187874
106.3000000000001; 0.31869490228391495
106.40000000000009; 0.3193783570591761
106.5000000000001; 0.3200608294448258
106.6000000000001; 0.3207423181706313
106.70000000000009; 0.32142282199564287
106.8000000000001; 0.32210233970795676
106.90000000000009; 0.32278087012447804
107.0000000000001; 0.32345841209069953
107.1000000000001; 0.3241349644804622
107.20000000000009; 0.3248105261957304
107.3000000000001; 0.32548509616636084
107.40000000000009; 0.3261586733498834
107.5000000000001; 0.3268312567312631
107.6000000000001; 0.3275028453226914
107.70000000000009; 0.3281734381633463
107.8000000000001; 0.3288430343191852
107.90000000000009; 0.3295116328827135
108.0000000000001; 0.3301792329727732
108.1000000000001; 0.3308458337343142
108.2000000000001; 0.3315114343381896
108.3000000000001; 0.33217603398093043
108.40000000000009; 0.33283963188453314
108.5000000000001; 0.33350222729624884
108.6000000000001; 0.3341638194883671
108.7000000000001; 0.3348244077580048
108.8000000000001; 0.3354839914268995
108.90000000000009; 0.3361425698411988
109.0000000000001; 0.33680014237124856
109.1000000000001; 0.33745670841139175
109.2000000000001; 0.3381122673797642
109.3000000000001; 0.3387668187180815
109.40000000000009; 0.33942036189144537
109.5000000000001; 0.3400728963881375
109.6000000000001; 0.34072442171941963
109.7000000000001; 0.3413749374193344
109.8000000000001; 0.3420244430445052
109.90000000000009; 0.34267293817394034
110.0000000000001; 0.34332042240883826
110.1000000000001; 0.3439668953723896
110.2000000000001; 0.3446123567095857
110.3000000000001; 0.345256806087027
110.40000000000009; 0.34590024319272644
110.5000000000001; 0.3465426677359282
110.6000000000001; 0.34718407944691
110.7000000000001; 0.347824478076797
110.8000000000001; 0.3484638633973794
110.90000000000009; 0.3491022352009227
111.0000000000001; 0.3497395932999829
111.1000000000001; 0.35037593752722723
111.2000000000001; 0.3510112677352478
111.3000000000001; 0.35164558379638056
111.40000000000009; 0.35227888560252757
111.5000000000001; 0.3529111730649774
111.6000000000001; 0.3535424461142246
111.7000000000001; 0.3541727046997996
111.8000000000001; 0.3548019487900862
111.9000000000001; 0.3554301783721493
112.0000000000001; 0.3560573934515638
112.1000000000001; 0.35668359405224215
112.2000000000001; 0.35730878021625784
112.3000000000001; 0.35793295200368325
112.4000000000001; 0.3585561094924147
112.5000000000001; 0.35917825277800897
112.6000000000001; 0.35979938197351286
112.7000000000001; 0.3604194972092991
112.8000000000001; 0.3610385986329025
112.9000000000001; 0.36165668640885573
113.0000000000001; 0.36227376071852696
113.1000000000001; 0.362889821759956
113.2000000000001; 0.36350486974770235
113.3000000000001; 0.3641189049126743
113.4000000000001; 0.36473192750197864
113.5000000000001; 0.36534393777876256
113.6000000000001; 0.36595493602205376
113.7000000000001; 0.36656492252661144
113.8000000000001; 0.36717389760276614
113.9000000000001; 0.36778186157626946
114.0000000000001; 0.36838881478814606
114.1000000000001; 0.36899475759453465
114.2000000000001; 0.3695996903665442
114.3000000000001; 0.37020361349010267
114.4000000000001; 0.3708065273658113
114.5000000000001; 0.37140843240879584
114.60000000000011; 0.37200932904856016
114.7000000000001; 0.37260921772884203
114.8000000000001; 0.3732080989074715
114.9000000000001; 0.37380597305622654
115.0000000000001; 0.37440284066068935
115.10000000000011; 0.37499870222010784
115.2000000000001; 0.3755935582472546
115.3000000000001; 0.37618740926828864
115.4000000000001; 0.37678025582261887
115.5000000000001; 0.37737209846276293
115.60000000000011; 0.37796293775421597
115.7000000000001; 0.37855277427531336
115.8000000000001; 0.3791416086170943
115.9000000000001; 0.3797294413831764
116.0000000000001; 0.38031627318961136
116.10000000000011; 0.3809021046647663
116.2000000000001; 0.3814869364491867
116.3000000000001; 0.38207076919546545
116.4000000000001; 0.3826536035681187
116.5000000000001; 0.3832354402434593
116.60000000000011; 0.38381627990946454
116.7000000000001; 0.3843961232656532
116.8000000000001; 0.3849749710229643
116.9000000000001; 0.38555282390362744
117.0000000000001; 0.3861296826410453
117.10000000000011; 0.386705547979664
117.2000000000001; 0.3872804206748614
117.3000000000001; 0.3878543014928216
117.4000000000001; 0.3884271912104137
117.5000000000001; 0.38899909061507804
117.60000000000011; 0.3895700005047035
117.7000000000001; 0.3901399216875175
117.8000000000001; 0.39070885498196234
117.9000000000001; 0.3912768012165847
118.0000000000001; 0.391843761229922
118.10000000000011; 0.39240973587038575
118.2000000000001; 0.3929747259961528
118.30000000000011; 0.39353873247504995
118.4000000000001; 0.39410175618444465
118.5000000000001; 0.394663798011138
118.60000000000011; 0.39522485885125147
118.7000000000001; 0.3957849396101189
118.80000000000011; 0.3963440412021805
118.9000000000001; 0.3969021645508768
119.0000000000001; 0.3974593105885423
119.10000000000011; 0.39801548025629624
119.2000000000001; 0.3985706745039473
119.30000000000011; 0.39912489428987835
119.4000000000001; 0.3996781405809553
119.5000000000001; 0.40023041435241624
119.60000000000011; 0.4007817165877778
119.7000000000001; 0.40133204827872854
119.80000000000011; 0.4018814104250314
119.9000000000001; 0.40242980403442596
120.0000000000001; 0.4029772301225316
120.10000000000011; 0.403523689712747
120.2000000000001; 0.40406918383615364
120.30000000000011; 0.40461371353142483
120.4000000000001; 0.40515727984472294
120.5000000000001; 0.40569988382961497
120.60000000000011; 0.4062415265469691
120.7000000000001; 0.4067822090648668
120.80000000000011; 0.40732193245851406
120.9000000000001; 0.40786069781014084
121.00000000000011; 0.4083985062089219
121.10000000000011; 0.408935358750874
121.2000000000001; 0.40947125653878136
121.30000000000011; 0.41000620068209304
121.4000000000001; 0.4105401922968448
121.50000000000011; 0.4110732325055667
121.60000000000011; 0.4116053224372026
121.7000000000001; 0.412136463227016
121.80000000000011; 0.41266665601651403
121.9000000000001; 0.4131959019533555
122.00000000000011; 0.41372420219127176
122.10000000000011; 0.41425155788998336
122.2000000000001; 0.4147779702151151
122.30000000000011; 0.4153034403381192
122.4000000000001; 0.4158279694361875
122.50000000000011; 0.41635155869217955
122.60000000000011; 0.41687420929453495
122.7000000000001; 0.41739592243719853
122.80000000000011; 0.41791669931954195
122.9000000000001; 0.4184365411462864
123.00000000000011; 0.41895544912742283
123.10000000000011; 0.4194734244781383
123.2000000000001; 0.4199904684187361
123.30000000000011; 0.4205065821745676
123.4000000000001; 0.4210217669759527
123.50000000000011; 0.4215360240581033
123.60000000000011; 0.4220493546610573
123.7000000000001; 0.42256176002960094
123.80000000000011; 0.423073241413198
123.9000000000001; 0.42358380006591545
124.00000000000011; 0.42409343724635806
124.10000000000011; 0.42460215421759445
124.2000000000001; 0.4251099522470869
124.30000000000011; 0.42561683260662486
124.4000000000001; 0.42612279657225394
124.50000000000011; 0.42662784542420823
124.60000000000011; 0.42713198044684403
124.70000000000012; 0.4276352029285731
124.80000000000011; 0.4281375141617957
124.9000000000001; 0.4286389154428321
125.00000000000011; 0.42913940807186446
125.10000000000011; 0.4296389933528647
125.20000000000012; 0.4301376725935358
125.30000000000011; 0.4306354471052438
125.4000000000001; 0.43113231820296094
125.50000000000011; 0.4316282872051949
125.60000000000011; 0.43212335543393543
125.70000000000012; 0.43261752421458777
125.80000000000011; 0.43311079487591375
125.9000000000001; 0.4336031687499696
126.00000000000011; 0.4340946471720476
126.10000000000011; 0.43458523148061895
126.20000000000012; 0.43507492301727213
126.30000000000011; 0.43556372312665326
126.4000000000001; 0.43605163315641293
126.50000000000011; 0.43653865445714496
126.60000000000011; 0.4370247883823327
126.70000000000012; 0.43751003628829166
126.80000000000011; 0.43799439953411073
126.9000000000001; 0.4384778794816052
127.00000000000011; 0.43896047749525097
127.10000000000011; 0.43944219494213876
127.20000000000012; 0.4399230331919183
127.30000000000011; 0.44040299361674295
127.40000000000012; 0.440882077591218
127.50000000000011; 0.44136028649235
127.60000000000011; 0.441837621699492
127.70000000000012; 0.44231408459429444
127.80000000000011; 0.4427896765606523
127.90000000000012; 0.443264398984658
128.0000000000001; 0.44373825325454624
128.1000000000001; 0.44421124076064933
128.2000000000001; 0.44468336289534416
128.30000000000013; 0.4451546210530056
128.40000000000012; 0.4456250166299593
128.5000000000001; 0.44609455102443124
128.6000000000001; 0.4465632256365009
128.7000000000001; 0.44703104186805737
128.80000000000013; 0.4474980011227477
128.90000000000012; 0.4479641048059349
129.0000000000001; 0.44842935432465064
129.1000000000001; 0.44889375108755114
129.2000000000001; 0.44935729650486966
129.30000000000013; 0.4498199919883745
129.40000000000012; 0.4502818389513268
129.5000000000001; 0.45074283880842997
129.6000000000001; 0.4512029929757942
129.7000000000001; 0.4516623028708915
129.80000000000013; 0.45212076991250855
129.90000000000012; 0.45257839552071066
130.0000000000001; 0.45303518111679747
130.1000000000001; 0.4534911281232644
130.2000000000001; 0.4539462379637557
130.30000000000013; 0.4544005120630304
130.40000000000012; 0.4548539518469199
130.5000000000001; 0.4553065587422862
130.6000000000001; 0.4557583341769869
130.7000000000001; 0.4562092795798324
130.80000000000013; 0.45665939638055075
130.90000000000012; 0.45710868600974397
131.0000000000001; 0.45755714989885654
131.1000000000001; 0.45800478948013545
131.2000000000001; 0.45845160618659037
131.30000000000013; 0.4588976014519634
131.40000000000012; 0.459342776710684
131.5000000000001; 0.45978713339784055
131.6000000000001; 0.4602306729491412
131.7000000000001; 0.4606733968008769
131.80000000000013; 0.46111530638989234
131.90000000000012; 0.4615564031535448
132.0000000000001; 0.46199668852967185
132.1000000000001; 0.46243616395655934
132.2000000000001; 0.46287483087290593
132.30000000000013; 0.4633126907177906
132.40000000000012; 0.46374974493063814
132.5000000000001; 0.46418599495118956
132.6000000000001; 0.46462144221946405
132.70000000000013; 0.46505608817573524
132.80000000000013; 0.46548993426049134
132.90000000000012; 0.46592298191440884
133.0000000000001; 0.46635523257831896
133.1000000000001; 0.46678668769317855
133.20000000000013; 0.467217348700039
133.30000000000013; 0.4676472170400154
133.40000000000012; 0.46807629415425733
133.5000000000001; 0.4685045814839189
133.6000000000001; 0.46893208047013013
133.70000000000013; 0.4693587925539684
133.80000000000013; 0.46978471917642733
133.90000000000012; 0.47020986177839175
134.0000000000001; 0.47063422180060727
134.1000000000001; 0.47105780068365266
134.20000000000013; 0.4714805998679151
134.30000000000013; 0.4719026207935564
134.40000000000012; 0.4723238649004956
134.5000000000001; 0.47274433362837376
134.6000000000001; 0.4731640284165326
134.70000000000013; 0.4735829507039848
134.80000000000013; 0.4740011019293922
134.90000000000012; 0.4744184835310376
135.0000000000001; 0.4748350969467988
135.1000000000001; 0.47525094361412584
135.20000000000013; 0.4756660249700162
135.30000000000013; 0.4760803424509855
135.40000000000012; 0.4764938974930518
135.5000000000001; 0.47690669153170295
135.6000000000001; 0.4773187260018783
135.70000000000013; 0.47773000233794527
135.80000000000013; 0.4781405219736705
135.90000000000012; 0.47855028634220415
136.0000000000001; 0.47895929687605376
136.1000000000001; 0.4793675550070596
136.20000000000013; 0.47977506216637655
136.30000000000013; 0.48018181978445007
136.40000000000012; 0.4805878292909936
136.5000000000001; 0.48099309211496866
136.6000000000001; 0.48139760968456463
136.70000000000013; 0.48180138342717244
136.80000000000013; 0.4822044147693718
136.90000000000012; 0.4826067051369019
137.0000000000001; 0.48300825595464764
137.1000000000001; 0.4834090686466168
137.20000000000013; 0.48380914463592106
137.30000000000013; 0.4842084853447542
137.40000000000012; 0.4846070921943752
137.5000000000001; 0.48500496660508724
137.6000000000001; 0.4854021099962215
137.70000000000013; 0.48579852378611404
137.80000000000013; 0.48619420939208985
137.90000000000012; 0.48658916823044496
138.0000000000001; 0.4869834017164254
138.1000000000001; 0.4873769112642137
138.20000000000013; 0.48776969828690686
138.30000000000013; 0.4881617641965009
138.40000000000012; 0.4885531104038732
138.5000000000001; 0.48894373831876614
138.60000000000014; 0.48933364934976814
138.70000000000013; 0.489722844904297
138.80000000000013; 0.49011132638858873
138.90000000000012; 0.49049909520767127
139.0000000000001; 0.4908861527653579
139.10000000000014; 0.49127250046422555
139.20000000000013; 0.4916581397056022
139.30000000000013; 0.49204307188954843
139.40000000000012; 0.4924272984148444
139.5000000000001; 0.4928108206789732
139.60000000000014; 0.49319364007810557
139.70000000000013; 0.4935757580070877
139.80000000000013; 0.49395717585942317
139.90000000000012; 0.4943378950272607
140.0000000000001; 0.4947179169013784
140.10000000000014; 0.4950972428711706
140.20000000000013; 0.49547587432463286
140.30000000000013; 0.49585381264835154
140.40000000000012; 0.49623105922748345
140.5000000000001; 0.4966076154457512
140.60000000000014; 0.4969834826854214
140.70000000000013; 0.49735866232729653
140.80000000000013; 0.49773315575070254
140.90000000000012; 0.49810696433347207
141.0000000000001; 0.49848008945193617
141.10000000000014; 0.4988525324809078
141.20000000000013; 0.4992242947936727
141.30000000000013; 0.4995953777619777
141.40000000000012; 0.4999657827560145
141.5000000000001; 0.5003355111444135
141.60000000000014; 0.5007045642942253
141.70000000000013; 0.5010729435709173
141.80000000000013; 0.501440650338355
141.90000000000012; 0.5018076859587964
142.0000000000001; 0.5021740517928768
142.10000000000014; 0.502539749199601
142.20000000000013; 0.5029047795363297
142.30000000000013; 0.5032691441587727
142.40000000000012; 0.5036328444209729
142.5000000000001; 0.5039958816753028
142.60000000000014; 0.5043582572724473
142.70000000000013; 0.5047199725613992
142.80000000000013; 0.5050810288894483
142.90000000000012; 0.5054414276021677
143.0000000000001; 0.5058011700434086
143.10000000000014; 0.5061602575552896
143.20000000000013; 0.5065186914781864
143.30000000000013; 0.5068764731507238
143.40000000000012; 0.5072336039097656
143.5000000000001; 0.5075900850904067
143.60000000000014; 0.5079459180259632
143.70000000000013; 0.5083011040479639
143.80000000000013; 0.5086556444861431
143.90000000000012; 0.5090095406684301
144.0000000000001; 0.5093627939209429
144.10000000000014; 0.5097154055679788
144.20000000000013; 0.5100673769320068
144.30000000000013; 0.5104187093336588
144.40000000000012; 0.5107694040917231
144.5000000000001; 0.5111194625231369
144.60000000000014; 0.5114688859429755
144.70000000000013; 0.5118176756644496
144.80000000000013; 0.5121658329988945
144.90000000000012; 0.5125133592557659
145.0000000000001; 0.5128602557426283
145.10000000000014; 0.5132065237651524
145.20000000000013; 0.5135521646271054
145.30000000000013; 0.5138971796303478
145.40000000000012; 0.5142415700748207
145.50000000000014; 0.514585337258546
145.60000000000014; 0.5149284824776148
145.70000000000013; 0.5152710070261846
145.80000000000013; 0.5156129121964708
145.90000000000012; 0.5159541992787413
146.00000000000014; 0.5162948695613111
146.10000000000014; 0.5166349243305356
146.20000000000013; 0.5169743648708048
146.30000000000013; 0.5173131924645392
146.40000000000012; 0.517651408392182
146.50000000000014; 0.5179890139321945
146.60000000000014; 0.5183260103610506
146.70000000000013; 0.5186623989532331
146.80000000000013; 0.5189981809812255
146.90000000000012; 0.5193333577155093
147.00000000000014; 0.5196679304245582
147.10000000000014; 0.520001900374832
147.20000000000013; 0.5203352688307752
147.30000000000013; 0.5206680370548084
147.40000000000012; 0.5210002063073267
147.50000000000014; 0.5213317778466924
147.60000000000014; 0.5216627529292318
147.70000000000013; 0.5219931328092341
147.80000000000013; 0.5223229187389397
147.90000000000012; 0.5226521119685448
148.00000000000014; 0.5229807137461893
148.10000000000014; 0.5233087253179581
148.20000000000013; 0.5236361479278764
148.30000000000013; 0.5239629828179029
148.40000000000012; 0.5242892312279309
148.50000000000014; 0.5246148943957788
148.60000000000014; 0.5249399735571909
148.70000000000013; 0.5252644699458344
148.80000000000013; 0.5255883847932928
148.90000000000012; 0.5259117193290628
149.00000000000014; 0.5262344747805543
149.10000000000014; 0.5265566523730842
149.20000000000013; 0.526878253329874
149.30000000000013; 0.5271992788720493
149.40000000000012; 0.527519730218631
149.50000000000014; 0.5278396085865384
149.60000000000014; 0.5281589151905846
149.70000000000013; 0.528477651243471
149.80000000000013; 0.5287958179557898
149.90000000000012; 0.5291134165360162
150.00000000000014; 0.5294304481905096
150.10000000000014; 0.5297469210521702
150.20000000000013; 0.5300628294677561
150.30000000000013; 0.5303781745310323
150.40000000000012; 0.5306929574332404
150.50000000000014; 0.5310071793635565
150.60000000000014; 0.5313208415090954
150.70000000000013; 0.531633945054904
150.80000000000013; 0.531946491183959
150.90000000000012; 0.5322584810771673
151.00000000000014; 0.5325699159133602
151.10000000000014; 0.5328807968692951
151.20000000000013; 0.5331911251196481
151.30000000000013; 0.5335009018370183
151.40000000000015; 0.5338101281919202
151.50000000000014; 0.5341188053527864
151.60000000000014; 0.5344269344859626
151.70000000000013; 0.5347345167557049
151.80000000000013; 0.5350415533241826
151.90000000000015; 0.535348045351474
152.00000000000014; 0.5356539939955615
152.10000000000014; 0.5359594004123357
152.20000000000013; 0.536264265755592
152.30000000000013; 0.5365685911770273
152.40000000000015; 0.5368723778262392
152.50000000000014; 0.537175626850727
152.60000000000014; 0.5374783393958875
152.70000000000013; 0.5377805166050178
152.80000000000013; 0.5380821596193077
152.90000000000015; 0.5383832695778455
153.00000000000014; 0.5386838476176133
153.10000000000014; 0.5389838948734856
153.20000000000013; 0.5392834124782302
153.30000000000013; 0.5395824015625069
153.40000000000015; 0.5398808632548656
153.50000000000014; 0.5401787986817475
153.60000000000014; 0.5404762089674822
153.70000000000013; 0.5407730952342896
153.80000000000013; 0.5410694586022746
153.90000000000015; 0.5413653001894351
154.00000000000014; 0.5416606211116498
154.10000000000014; 0.54195542248269
154.20000000000013; 0.5422497054142091
154.30000000000013; 0.5425434710157493
154.40000000000015; 0.5428367203947364
154.50000000000014; 0.5431294546564833
154.60000000000014; 0.5434216749041877
154.70000000000013; 0.5437133822389312
154.80000000000013; 0.5440045777596823
154.90000000000015; 0.5442952625632932
155.00000000000014; 0.5445854377445025
155.10000000000014; 0.5448751043959307
155.20000000000013; 0.5451642636080869
155.30000000000013; 0.5454529164693633
155.40000000000015; 0.5457410640660377
155.50000000000014; 0.5460287074822731
155.60000000000014; 0.5463158478001201
155.70000000000013; 0.5466024860995128
155.80000000000013; 0.5468886234582738
155.90000000000015; 0.5471742609521104
156.00000000000014; 0.5474593996546198
156.10000000000014; 0.5477440406372839
156.20000000000013; 0.5480281849694754
156.30000000000013; 0.5483118337184528
156.40000000000015; 0.5485949879493671
156.50000000000014; 0.548877648725256
156.60000000000014; 0.5491598171070508
156.70000000000013; 0.5494414941535714
156.80000000000013; 0.5497226809215303
156.90000000000015; 0.5500033784655338
157.00000000000014; 0.5502835878380805
157.10000000000014; 0.5505633100895638
157.20000000000013; 0.5508425462682731
157.30000000000013; 0.5511212974203913
157.40000000000015; 0.5513995645900016
157.50000000000014; 0.551677348819084
157.60000000000014; 0.5519546511475161
157.70000000000013; 0.552231472613077
157.80000000000013; 0.552507814251448
157.90000000000015; 0.5527836770962101
158.00000000000014; 0.5530590621788505
158.10000000000014; 0.5533339705287592
158.20000000000013; 0.5536084031732317
158.30000000000015; 0.5538823611374725
158.40000000000015; 0.5541558454445935
158.50000000000014; 0.5544288571156152
158.60000000000014; 0.5547013971694711
158.70000000000013; 0.5549734666230057
158.80000000000015; 0.5552450664909769
158.90000000000015; 0.5555161977860603
159.00000000000014; 0.555786861518845
159.10000000000014; 0.55605705869784
159.20000000000013; 0.5563267903294737
159.30000000000015; 0.5565960574180966
159.40000000000015; 0.5568648609659794
159.50000000000014; 0.55713320197332
159.60000000000014; 0.5574010814382419
159.70000000000013; 0.557668500356793
159.80000000000015; 0.5579354597229554
159.90000000000015; 0.5582019605286394
160.00000000000014; 0.5584680037636887
