energy (keV); transmission
1.0; 0.0
1.1; 0.0
1.2000000000000002; 0.0
1.3000000000000003; 0.0
1.4000000000000004; 0.0
1.5000000000000004; 0.0
1.6000000000000005; 0.0
1.7000000000000006; 0.0
1.8000000000000007; 0.0
1.9000000000000008; 0.0
2.000000000000001; 0.0
2.100000000000001; 0.0
2.200000000000001; 0.0
2.300000000000001; 0.0
2.4000000000000012; 0.0
2.5000000000000013; 0.0
2.6000000000000014; 0.0
2.7000000000000015; 0.0
2.8000000000000016; 0.0
2.9000000000000017; 0.0
3.0000000000000018; 0.0
3.100000000000002; 0.0
3.200000000000002; 0.0
3.300000000000002; 0.0
3.400000000000002; 0.0
3.500000000000002; 0.0
3.6000000000000023; 0.0
3.7000000000000024; 0.0
3.8000000000000025; 0.0
3.9000000000000026; 0.0
4.000000000000003; 0.0
4.100000000000003; 0.0
4.200000000000003; 0.0
4.3000000000000025; 0.0
4.400000000000003; 0.0
4.5000000000000036; 0.0
4.600000000000003; 0.0
4.700000000000003; 7.64821171986e-312
4.800000000000003; 9.726808370282634e-295
4.900000000000004; 6.641443893002377e-279
5.0000000000000036; 8.39165360506138e-272
5.100000000000003; 7.398178577274665e-258
5.200000000000004; 8.217093064190418e-245
5.300000000000004; 1.3307002098599253e-232
5.400000000000004; 3.5846031057929054e-221
5.5000000000000036; 1.8126656386328897e-210
5.600000000000004; 1.9252314907622194e-200
5.700000000000005; 4.7703868238152325e-191
5.800000000000004; 3.0431788241872966e-182
5.900000000000004; 5.482373555629037e-174
6.000000000000004; 1.514799563008904e-287
6.100000000000005; 6.868178499407557e-281
6.200000000000005; 1.625760045856541e-273
6.300000000000004; 1.4812470113272858e-265
6.400000000000005; 3.778869386046417e-257
6.500000000000005; 1.973456828157286e-248
6.600000000000005; 1.51294723983881e-239
6.700000000000005; 1.4070550402977884e-230
6.800000000000005; 1.2070378442969603e-221
6.900000000000006; 7.819287753257374e-213
7.000000000000005; 3.2421694221232574e-204
7.100000000000005; 7.537873145997349e-196
7.2000000000000055; 2.838936401483814e-277
7.300000000000006; 1.2158695117384387e-266
7.400000000000006; 1.741946095064918e-256
7.500000000000005; 8.262836205859392e-247
7.600000000000006; 1.3024976885764488e-237
7.700000000000006; 6.924754731460076e-229
7.800000000000006; 1.2709519730111943e-220
7.900000000000006; 8.294171266397026e-213
8.000000000000007; 1.9907460593047246e-205
8.100000000000007; 1.9148212896968948e-198
8.200000000000006; 7.607244652796059e-192
8.300000000000006; 1.3447864516515443e-185
8.400000000000006; 0.0
8.500000000000007; 0.0
8.600000000000007; 0.0
8.700000000000006; 0.0
8.800000000000008; 0.0
8.900000000000007; 0.0
9.000000000000007; 0.0
9.100000000000007; 4.57967e-318
9.200000000000006; 2.020406732715957e-309
9.300000000000008; 4.252999142313111e-301
9.400000000000007; 4.456803650191047e-293
9.500000000000007; 2.417875789771149e-285
9.600000000000009; 7.041382264459113e-278
9.700000000000008; 1.1383137089872555e-270
9.800000000000008; 1.053780934415962e-263
9.900000000000007; 5.749840676431473e-257
10.000000000000007; 1.8994211666888363e-250
10.100000000000009; 3.924581640208068e-244
10.200000000000008; 5.118034482597135e-238
10.300000000000008; 4.282867147343187e-232
10.40000000000001; 2.3366649376337696e-226
10.500000000000009; 8.439818346735206e-221
10.600000000000009; 2.0480214734827178e-215
10.700000000000008; 3.3864594724460575e-210
10.800000000000008; 3.867916985435536e-205
10.90000000000001; 3.0918042068021874e-200
11.000000000000009; 1.7515261840410494e-195
11.100000000000009; 7.117841735734006e-191
11.20000000000001; 2.0992465424493877e-186
11.30000000000001; 4.5438646338225036e-182
11.40000000000001; 7.296458483307029e-178
11.500000000000009; 8.782607697470976e-174
11.600000000000009; 8.0036525124778e-170
11.70000000000001; 5.575331792588656e-166
11.80000000000001; 2.9962461110874387e-162
11.90000000000001; 1.2533242243594675e-158
12.00000000000001; 4.115644740627046e-155
12.10000000000001; 1.0697204667263035e-151
12.20000000000001; 2.2181755649997787e-148
12.30000000000001; 3.6976089201055965e-145
12.40000000000001; 4.991463709061348e-142
12.50000000000001; 5.495159109620858e-139
12.60000000000001; 4.967379958988441e-136
12.70000000000001; 3.711153658421006e-133
12.800000000000011; 2.3060001388980815e-130
12.900000000000011; 1.1989796841675726e-127
13.00000000000001; 5.246897381392648e-125
13.10000000000001; 1.9434547941192124e-122
13.20000000000001; 6.1260528013899217e-120
13.300000000000011; 1.6519188064650452e-117
13.400000000000011; 3.829860268336434e-115
13.50000000000001; 7.671294214519844e-113
13.600000000000012; 1.3337510332003257e-110
13.700000000000012; 2.021887492039194e-108
13.800000000000011; 2.684111537369332e-106
13.900000000000011; 3.1334524924449255e-104
14.00000000000001; 3.2298122584398856e-102
14.100000000000012; 2.9508912917031717e-100
14.200000000000012; 2.3987281758110747e-98
14.300000000000011; 1.7411379321649865e-96
14.400000000000013; 1.1324696876270323e-94
14.500000000000012; 6.6225446297721976e-93
14.600000000000012; 3.493336824979982e-91
14.700000000000012; 1.6673867987354887e-89
14.800000000000011; 7.223176852625399e-88
14.900000000000013; 2.8483031262466686e-86
15.000000000000012; 1.0252657776991003e-84
15.100000000000012; 3.383994572249931e-83
15.200000000000014; 1.0251346067399416e-81
15.300000000000013; 2.8579761758967145e-80
15.400000000000013; 7.351685263831962e-79
15.500000000000012; 1.7492307983912282e-77
15.600000000000012; 3.8590434318679e-76
15.700000000000014; 7.911993790476981e-75
15.800000000000013; 1.510880036037475e-73
15.900000000000013; 2.69302367994855e-72
16.000000000000014; 4.4896320968943795e-71
16.100000000000016; 7.014606840212368e-70
16.200000000000014; 1.029077975417578e-68
16.30000000000001; 1.4201887684611833e-67
16.400000000000013; 1.8470070399608783e-66
16.500000000000014; 2.2675670733664998e-65
16.600000000000016; 2.6323219629395743e-64
16.700000000000014; 2.893997375019633e-63
16.800000000000015; 3.017910623046589e-62
16.900000000000013; 2.9895749537520454e-61
17.000000000000014; 2.817285587428121e-60
17.100000000000016; 2.5291400878413575e-59
17.200000000000014; 2.1657946586983656e-58
17.300000000000015; 1.771439130136268e-57
17.400000000000013; 1.3856166689776286e-56
17.500000000000014; 1.0377509357421742e-55
17.600000000000016; 7.450479402601504e-55
17.700000000000014; 5.1334287279749387e-54
17.800000000000015; 3.3981161698547977e-53
17.900000000000016; 2.1633957724290615e-52
18.000000000000014; 1.3260065393509676e-51
18.100000000000016; 7.832454506907618e-51
18.200000000000017; 4.462821147645862e-50
18.300000000000015; 2.455184396511558e-49
18.400000000000016; 1.3053071169203807e-48
18.500000000000014; 6.712339801716454e-48
18.600000000000016; 3.3414478383973465e-47
18.700000000000017; 1.611574882341504e-46
18.800000000000015; 7.536434514743817e-46
18.900000000000016; 3.4199128892963466e-45
19.000000000000014; 7.526498737515341e-50
19.100000000000016; 3.7679025537649404e-49
19.200000000000017; 1.8293003968135846e-48
19.300000000000015; 8.619542025959784e-48
19.400000000000016; 3.944769994047131e-47
19.500000000000018; 1.754736377681079e-46
19.600000000000016; 7.592055102206437e-46
19.700000000000017; 3.1971223514936506e-45
19.80000000000002; 1.3112867516853758e-44
19.900000000000016; 5.241455893930463e-44
20.000000000000018; 2.0431062459312044e-43
20.100000000000016; 9.378583703243201e-46
20.200000000000017; 3.782892669977575e-45
20.30000000000002; 1.4883658529766456e-44
20.400000000000016; 5.715216255298086e-44
20.500000000000018; 2.143014175354933e-43
20.600000000000016; 7.850781062567605e-43
20.700000000000017; 2.8113588898957333e-42
20.80000000000002; 9.84577167279021e-42
20.900000000000016; 3.3738221437012773e-41
21.000000000000018; 1.1317150684748214e-40
21.10000000000002; 3.717858241482574e-40
21.200000000000017; 1.1966926833432019e-39
21.30000000000002; 3.7756774478145926e-39
21.40000000000002; 1.1681891647883225e-38
21.500000000000018; 3.5458182646057765e-38
21.60000000000002; 1.056280513626898e-37
21.700000000000017; 3.0893825313260013e-37
21.80000000000002; 8.87482144116344e-37
21.90000000000002; 2.504983478860297e-36
22.000000000000018; 6.949686379449143e-36
22.10000000000002; 1.8958089194904618e-35
22.200000000000017; 5.086781492684552e-35
22.30000000000002; 1.3429420004505679e-34
22.40000000000002; 3.4896351020740147e-34
22.500000000000018; 8.92793128245271e-34
22.60000000000002; 2.2496027729217483e-33
22.70000000000002; 5.5844173280268806e-33
22.80000000000002; 1.3661443664135854e-32
22.90000000000002; 3.294493194260675e-32
23.00000000000002; 7.833890717310979e-32
23.10000000000002; 1.8373163667689574e-31
23.20000000000002; 4.25133908563365e-31
23.30000000000002; 9.707736470238808e-31
23.40000000000002; 2.188129487785341e-30
23.50000000000002; 4.8696823111909076e-30
23.60000000000002; 1.0703061701940121e-29
23.70000000000002; 2.3238064897803274e-29
23.80000000000002; 4.985156038907465e-29
23.90000000000002; 1.0569255741160725e-28
24.00000000000002; 2.215106520972436e-28
24.10000000000002; 4.590128744743996e-28
24.20000000000002; 9.406509090836255e-28
24.300000000000022; 1.906762779286104e-27
24.40000000000002; 3.8240061817513044e-27
24.50000000000002; 7.58894492545684e-27
24.600000000000023; 1.490631612204217e-26
24.70000000000002; 2.8984691551776947e-26
24.800000000000022; 5.580305050376231e-26
24.90000000000002; 1.0639415545461857e-25
25.00000000000002; 2.009213531435292e-25
25.100000000000023; 3.758885684940302e-25
25.20000000000002; 6.967731176240134e-25
25.300000000000022; 1.2799582978792093e-24
25.40000000000002; 2.33047128708847e-24
25.50000000000002; 4.206345975060662e-24
25.600000000000023; 7.527448873788812e-24
25.70000000000002; 1.3357926582629505e-23
25.800000000000022; 2.3509538228140914e-23
25.900000000000023; 4.1041852464925113e-23
26.00000000000002; 7.108046505953727e-23
26.100000000000023; 1.2214489764834554e-22
26.200000000000024; 2.0828700858219556e-22
26.300000000000022; 3.5250848607628125e-22
26.400000000000023; 5.921817744813059e-22
26.50000000000002; 9.875859183753895e-22
26.600000000000023; 1.6352504737979834e-21
26.700000000000024; 2.688668312520768e-21
26.800000000000022; 4.3902233475594035e-21
26.900000000000023; 7.1200696662008e-21
27.00000000000002; 1.1470460386493223e-20
27.100000000000023; 1.8358032410942676e-20
27.200000000000024; 2.919233106399922e-20
27.300000000000022; 4.612713420038117e-20
27.400000000000023; 7.243291329030043e-20
27.500000000000025; 1.1304542678857436e-19
27.600000000000023; 1.753688560308674e-19
27.700000000000024; 2.704446083481107e-19
27.800000000000026; 4.1464234826285795e-19
27.900000000000023; 6.320925544798466e-19
28.000000000000025; 9.581660284688207e-19
28.100000000000023; 1.4444233539805656e-18
28.200000000000024; 2.1656169159461152e-18
28.300000000000026; 3.2295435780648747e-18
28.400000000000023; 4.79083549409205e-18
28.500000000000025; 7.070163068742767e-18
28.600000000000023; 1.0380837733146853e-17
28.700000000000024; 1.5165481265103486e-17
28.800000000000026; 2.204632162131104e-17
28.900000000000023; 3.1893844389595126e-17
29.000000000000025; 4.5920051781547074e-17
29.100000000000026; 6.580455504928062e-17
29.200000000000024; 9.386427290981793e-17
29.300000000000026; 1.3328077891451749e-16
29.400000000000027; 1.8840352113640225e-16
29.500000000000025; 2.6515245727538806e-16
29.600000000000026; 3.7155038778571316e-16
29.700000000000024; 5.184237705855971e-16
29.800000000000026; 7.203214776068203e-16
29.900000000000027; 9.967143060093024e-16
30.000000000000025; 1.3735546863574533e-15
30.100000000000026; 1.8855317813412676e-15
30.200000000000024; 2.5781424521435403e-15
30.300000000000026; 3.511486054195965e-15
30.400000000000027; 4.76444259972896e-15
30.500000000000025; 6.440150382742753e-15
30.600000000000026; 8.672970089780806e-15
30.700000000000028; 1.1637302635467818e-14
30.800000000000026; 1.555871425455371e-14
30.900000000000027; 2.0727923182028952e-14
31.00000000000003; 2.7518323068331174e-14
31.100000000000026; 3.640786256857328e-14
31.200000000000028; 4.800627227280394e-14
31.300000000000026; 6.308883382001733e-14
31.400000000000027; 8.263812678430244e-14
31.50000000000003; 1.0789547252879278e-13
31.600000000000026; 1.404241272171014e-13
31.700000000000028; 1.8218666587554856e-13
31.800000000000026; 2.356394540002534e-13
31.900000000000027; 3.038476318197278e-13
32.00000000000003; 3.9062464907860846e-13
32.10000000000002; 5.007010962866513e-13
32.20000000000003; 6.399283941043516e-13
32.300000000000026; 8.155238394356792e-13
32.40000000000003; 1.0363645796487309e-12
32.50000000000003; 1.3133393112523515e-12
32.60000000000003; 1.6597678937807051e-12
32.70000000000003; 2.0919006524728746e-12
32.800000000000026; 2.6295109348982107e-12
32.90000000000003; 3.2965965087833066e-12
33.00000000000003; 4.122207664247181e-12
33.10000000000003; 5.141422438227172e-12
33.20000000000003; 6.396492238375185e-12
33.300000000000026; 7.938184335839795e-12
33.40000000000003; 9.827351250314153e-12
33.50000000000003; 1.2136760996973156e-11
33.60000000000003; 1.4953226535351714e-11
33.70000000000003; 1.8380077587623654e-11
33.800000000000026; 2.254002331241558e-11
33.90000000000003; 2.7578460164893782e-11
34.00000000000003; 3.3667285680431335e-11
34.10000000000003; 4.1009285923598475e-11
34.20000000000003; 4.9843171983683883e-11
34.30000000000003; 6.044934920866344e-11
34.40000000000003; 7.315651188856966e-11
34.50000000000003; 8.834916586277678e-11
34.60000000000003; 1.0647619206906882e-10
34.70000000000003; 1.2806057541076535e-10
34.80000000000003; 1.5371043552368624e-10
34.90000000000003; 1.8413150911077784e-10
35.00000000000003; 2.20141247505658e-10
35.10000000000003; 2.6268470805711757e-10
35.20000000000003; 3.128524338167626e-10
35.30000000000003; 3.7190053288295766e-10
35.400000000000034; 4.4127318662543285e-10
35.50000000000003; 5.226278348951669e-10
35.60000000000003; 6.178633062292077e-10
35.70000000000003; 7.291511819860082e-10
35.80000000000003; 8.58970705300373e-10
35.900000000000034; 1.0101475687166547e-09
36.00000000000003; 1.1858969383319647e-09
36.10000000000003; 1.3898710972447818e-09
36.20000000000003; 1.6262121170233563e-09
36.30000000000003; 1.8996099927614064e-09
36.400000000000034; 2.215366705028208e-09
36.50000000000003; 2.579466700604448e-09
36.60000000000003; 2.998654313267728e-09
36.70000000000003; 3.480518675994685e-09
36.80000000000003; 4.033586706703165e-09
36.900000000000034; 4.667424780999617e-09
37.00000000000003; 5.3927497372406195e-09
37.10000000000003; 6.221549891447165e-09
37.20000000000003; 7.167216772171825e-09
37.30000000000003; 8.244688318150798e-09
37.400000000000034; 9.47060431440725e-09
37.500000000000036; 1.0863474875245519e-08
37.60000000000003; 1.2443862815225756e-08
37.70000000000003; 1.4234580781478895e-08
37.80000000000003; 1.6260904052648105e-08
37.900000000000034; 1.8550799940986385e-08
38.000000000000036; 2.1135174764722914e-08
38.10000000000003; 2.404813938744859e-08
38.20000000000003; 2.7327294349874137e-08
38.30000000000003; 3.1014035646729643e-08
38.400000000000034; 3.515388222754005e-08
38.500000000000036; 3.9796826324563755e-08
38.60000000000004; 4.499770773383922e-08
38.70000000000003; 5.0816613196314275e-08
38.80000000000003; 5.7319302044710716e-08
38.900000000000034; 6.457765929860689e-08
39.000000000000036; 7.267017740435799e-08
39.10000000000004; 8.168246782832793e-08
39.20000000000003; 9.170780372090097e-08
39.30000000000003; 1.0284769487513174e-07
39.400000000000034; 1.1521249620698114e-07
39.500000000000036; 1.2892205098445678e-07
39.60000000000004; 1.4410637002982207e-07
39.70000000000003; 1.609063481125218e-07
39.80000000000003; 1.794745187408853e-07
39.900000000000034; 1.9997584854678883e-07
40.000000000000036; 2.2258839438041442e-07
40.10000000000004; 2.4749074685883286e-07
40.20000000000003; 2.7490147027516484e-07
40.30000000000003; 3.0504367919120095e-07
40.400000000000034; 3.381574963124643e-07
40.500000000000036; 3.745011068844028e-07
40.60000000000004; 4.1435186041824504e-07
40.70000000000004; 4.580074207149365e-07
40.80000000000003; 5.057869651099605e-07
40.900000000000034; 5.580324338097757e-07
41.000000000000036; 6.151098301377584e-07
41.10000000000004; 6.774105724479405e-07
41.20000000000004; 7.453528984030035e-07
41.30000000000003; 8.193833222478917e-07
41.400000000000034; 8.999781456401857e-07
41.500000000000036; 9.876450225251606e-07
41.60000000000004; 1.0829245784691047e-06
41.70000000000004; 1.1863920847811989e-06
41.80000000000004; 1.2986591876753483e-06
41.900000000000034; 1.420375692635355e-06
42.000000000000036; 1.5522314040573553e-06
42.10000000000004; 1.6949580201552106e-06
42.20000000000004; 1.8493310830177824e-06
42.30000000000004; 2.016171983610877e-06
42.400000000000034; 2.196350021423046e-06
42.500000000000036; 2.390784518345359e-06
42.60000000000004; 2.600446986284408e-06
42.70000000000004; 2.82636334789549e-06
42.80000000000004; 3.0696162097222888e-06
42.900000000000034; 3.331347186926071e-06
43.000000000000036; 3.6127592786754747e-06
43.10000000000004; 3.915119293167641e-06
43.20000000000004; 4.239760321139561e-06
43.30000000000004; 4.588084256624503e-06
43.400000000000034; 4.9615643636014405e-06
43.500000000000036; 5.361747887076103e-06
43.60000000000004; 5.790258707034125e-06
43.70000000000004; 6.2488000335936835e-06
43.80000000000004; 6.739157141587147e-06
43.90000000000004; 7.263200142699071e-06
44.000000000000036; 7.822886793190618e-06
44.10000000000004; 8.420265335133558e-06
44.20000000000004; 9.05747736899076e-06
44.30000000000004; 9.73676075528883e-06
44.40000000000004; 1.04604525430243e-05
44.500000000000036; 1.123099192237124e-05
44.60000000000004; 1.2050923199171029e-05
44.70000000000004; 1.2922898788597744e-05
44.80000000000004; 1.3849682225319285e-05
44.90000000000004; 1.4834151187404332e-05
45.00000000000004; 1.587930053114752e-05
45.10000000000004; 1.6988245333926847e-05
45.20000000000004; 1.816422394213609e-05
45.30000000000004; 1.941060102119348e-05
45.40000000000004; 2.073087060455296e-05
45.50000000000004; 2.2128659138615836e-05
45.60000000000004; 2.360772852039292e-05
45.70000000000004; 2.517197912471487e-05
45.80000000000004; 2.6825452817763925e-05
45.90000000000004; 2.8572335953693877e-05
46.00000000000004; 3.041696235101889e-05
46.10000000000004; 3.2363816245518646e-05
46.20000000000004; 3.4417535216310615e-05
46.30000000000004; 3.658291308179141e-05
46.40000000000004; 3.8864902762106944e-05
46.50000000000004; 4.126861910484224e-05
46.60000000000004; 4.3799341670609914e-05
46.70000000000004; 4.646251747523243e-05
46.80000000000004; 4.926376368522504e-05
46.90000000000004; 5.220887026332347e-05
47.00000000000004; 5.5303802560813734e-05
47.100000000000044; 5.8554703853465266e-05
47.20000000000004; 6.196789781786615e-05
47.30000000000004; 6.5549890945092e-05
47.40000000000004; 6.930737488855095e-05
47.50000000000004; 7.32472287430326e-05
47.600000000000044; 7.73765212519683e-05
47.70000000000004; 8.170251293994956e-05
47.80000000000004; 8.623265816771766e-05
47.90000000000004; 9.097460710677647e-05
48.00000000000004; 9.593620763094726e-05
48.100000000000044; 0.00010112550712219952
48.200000000000045; 0.00010655075418824861
48.30000000000004; 0.00011222040028938641
48.40000000000004; 0.00011814310127217597
48.50000000000004; 0.00012432771880770076
48.600000000000044; 0.0001307833217321832
48.700000000000045; 0.00013751918728782217
48.80000000000004; 0.0001445448022618468
48.90000000000004; 0.00015186986402185594
49.00000000000004; 0.00015950428144562834
49.100000000000044; 0.00016745817574373873
49.200000000000045; 0.00017574188117325026
49.30000000000004; 0.00018436594564113964
49.40000000000004; 0.00019334113119595322
49.50000000000004; 0.0002026784144063945
49.600000000000044; 0.00021238898662585508
49.700000000000045; 0.00022248425414153568
49.80000000000004; 0.00023297583820753196
49.90000000000004; 0.0002438755749608334
50.00000000000004; 0.00025519551521954747
50.100000000000044; 0.0002669522997828601
50.200000000000045; 0.00027915441040451364
50.30000000000005; 0.00029181449772451893
50.40000000000004; 0.0003049454702410864
50.50000000000004; 0.0003185604471728442
50.600000000000044; 0.000332672757446228
50.700000000000045; 0.0003472959385605451
50.80000000000005; 0.0003624437353309802
50.90000000000004; 0.0003781300985099032
51.00000000000004; 0.0003943691832869154
51.100000000000044; 0.0004111753476682452
51.200000000000045; 0.0004285631507362023
51.30000000000005; 0.0004465473507894668
51.40000000000005; 0.0004651429033652307
51.50000000000004; 0.00048436495914394335
51.600000000000044; 0.000504228861738219
51.700000000000045; 0.000524750145366688
51.80000000000005; 0.0005459445324143881
51.90000000000005; 0.0005678279308810972
52.00000000000004; 0.0005904164317188957
52.100000000000044; 0.0006137263060609357
52.200000000000045; 0.0006377740023427958
52.30000000000005; 0.0006625761433183059
52.40000000000005; 0.0006881495229717777
52.50000000000004; 0.0007145111033285337
52.600000000000044; 0.0007416780111656281
52.700000000000045; 0.0007696675346250219
52.80000000000005; 0.000798497119731516
52.90000000000005; 0.0008281843668171709
53.00000000000004; 0.0008587470268550443
53.100000000000044; 0.0008902029977043452
53.200000000000045; 0.0009225703202694542
53.30000000000005; 0.0009558671745753282
53.40000000000005; 0.000990111875761763
53.50000000000005; 0.0010253228699991306
53.600000000000044; 0.0010615187303283566
53.700000000000045; 0.0010987181524272523
53.80000000000005; 0.0011369399503067612
53.90000000000005; 0.0011762030519391498
54.00000000000005; 0.0012165264948212414
54.100000000000044; 0.0012579294214752719
54.200000000000045; 0.0013004310748906936
54.30000000000005; 0.0013440507939090653
54.40000000000005; 0.0013888080085553997
54.50000000000005; 0.0014347222353189551
54.60000000000005; 0.0014818130723856491
54.700000000000045; 0.0015301001948260504
54.80000000000005; 0.001579603349741022
54.90000000000005; 0.0016303423513682228
55.00000000000005; 0.0016823370761527877
55.10000000000005; 0.0017356074577841785
55.200000000000045; 0.00179017348220329
55.30000000000005; 0.001846055182581946
55.40000000000005; 0.0019032726342776034
55.50000000000005; 0.0019618459497671215
55.60000000000005; 0.002021795273561404
55.700000000000045; 0.0020831407771042094
55.80000000000005; 0.002145902653658201
55.90000000000005; 0.0022101011131809433
56.00000000000005; 0.0022757563771931546
56.10000000000005; 0.0023428886736432584
56.200000000000045; 0.00241151823176911
56.30000000000005; 0.0024816652769618463
56.40000000000005; 0.00255335002563244
56.50000000000005; 0.002626592680085317
56.60000000000005; 0.002701413423400451
56.70000000000005; 0.0027778324143276738
56.80000000000005; 0.002855869782194518
56.90000000000005; 0.002935545621830772
57.00000000000005; 0.003016879988512934
57.10000000000005; 0.0030998928929294885
57.20000000000005; 0.0031846042961702565
57.30000000000005; 0.003271034104742806
57.40000000000005; 0.003359202165616658
57.50000000000005; 0.0034491282612985124
57.60000000000005; 0.0035408321049416967
57.70000000000005; 0.003634333335489186
57.800000000000054; 0.003729651512855432
57.90000000000005; 0.003826806113147221
58.00000000000005; 0.003925816523925327
58.10000000000005; 0.004026702039511142
58.20000000000005; 0.004129481856336865
58.300000000000054; 0.004234175068344109
58.40000000000005; 0.004340800662431289
58.50000000000005; 0.004449377513951501
58.60000000000005; 0.004559924382262431
58.70000000000005; 0.004672459906331884
58.800000000000054; 0.00478700260039666
58.90000000000005; 0.00490357084968083
59.00000000000005; 0.005022182906170905
59.10000000000005; 0.0051428568844523225
59.20000000000005; 0.005265610757606474
59.300000000000054; 0.005390462353170998
59.40000000000005; 0.00551742934916347
59.50000000000005; 0.005646529270170878
59.60000000000005; 0.005777779483504935
59.70000000000005; 0.005911197195424715
59.800000000000054; 0.006046799447428027
59.900000000000055; 0.006184603112612253
60.00000000000005; 0.006324624892104122
60.10000000000005; 0.006466855649032852
60.20000000000005; 0.006611336613193486
60.300000000000054; 0.006758084015445102
60.400000000000055; 0.006907113903133365
60.50000000000005; 0.00705844213936132
60.60000000000005; 0.007212084399925025
60.70000000000005; 0.007368056170323524
60.800000000000054; 0.007526372742841384
60.900000000000055; 0.007687049213706739
61.00000000000006; 0.007850100480322362
61.10000000000005; 0.008015541238572477
61.20000000000005; 0.008183385980204265
61.300000000000054; 0.008353648990284995
61.400000000000055; 0.008526344344733594
61.50000000000006; 0.008701485907930006
61.60000000000005; 0.008879087330397802
61.70000000000005; 0.009059162046563977
61.800000000000054; 0.009241723272594496
61.900000000000055; 0.009426784004306209
62.00000000000006; 0.009614357015152107
62.10000000000005; 0.009804454854285844
62.20000000000005; 0.009997089844698893
62.300000000000054; 0.010192274081434022
62.400000000000055; 0.010390019429875124
62.50000000000006; 0.010590337524109287
62.60000000000005; 0.010793239765366874
62.70000000000005; 0.010998737320533117
62.800000000000054; 0.011206841120735098
62.900000000000055; 0.011417561860003067
63.00000000000006; 0.011630909994002792
63.10000000000006; 0.01184689573884348
63.20000000000005; 0.012065529069955977
63.300000000000054; 0.012286819721043734
63.400000000000055; 0.012510777183105923
63.50000000000006; 0.012737410703530332
63.60000000000006; 0.012966729285256039
63.70000000000005; 0.013198741686008422
63.800000000000054; 0.013433456417600778
63.900000000000055; 0.01367088174530482
64.00000000000006; 0.013911025687291174
64.10000000000005; 0.014153896014134226
64.20000000000006; 0.014399500248384928
64.30000000000005; 0.014647845664210256
64.40000000000006; 0.014898939287096027
64.50000000000006; 0.015152787893614815
64.60000000000005; 0.015409398011258405
64.70000000000006; 0.015668775918331143
64.80000000000005; 0.015930927643906984
64.90000000000006; 0.0161958589678484
65.00000000000006; 0.016463575420881567
65.10000000000005; 0.016734082284737984
65.20000000000006; 0.017007384592347855
65.30000000000005; 0.017283487128095996
65.40000000000006; 0.01756239442813429
65.50000000000006; 0.017844110780747158
65.60000000000005; 0.018128640226776814
65.70000000000006; 0.018415986560100187
65.80000000000005; 0.018706153328159083
65.90000000000006; 0.018999143832544755
66.00000000000006; 0.01929496112963408
66.10000000000005; 0.019593608031273774
66.20000000000006; 0.01989508710551868
66.30000000000005; 0.02019940067741594
66.40000000000006; 0.020506550829838287
66.50000000000006; 0.020816539404364377
66.60000000000005; 0.021129368002205343
66.70000000000006; 0.02144503798517766
66.80000000000005; 0.02176355047671724
66.90000000000006; 0.022084906362941786
67.00000000000006; 0.022409106293749006
67.10000000000007; 0.022736150683964996
67.20000000000006; 0.023066039714523534
67.30000000000005; 0.023398773333694115
67.40000000000006; 0.02373435125834078
67.50000000000006; 0.024072772975225726
67.60000000000007; 0.02441403774234401
67.70000000000006; 0.024758144590297466
67.80000000000005; 0.02510509232370321
67.90000000000006; 0.025454879522636163
68.00000000000006; 0.025807504544102793
68.10000000000007; 0.026162965523550134
68.20000000000006; 0.02652126037640449
68.30000000000005; 0.02688238679964038
68.40000000000006; 0.027246342273380162
68.50000000000006; 0.027613124062521314
68.60000000000007; 0.027982729218392025
68.70000000000006; 0.028355154580432855
68.80000000000005; 0.02873039677790567
68.90000000000006; 0.02910845223162742
69.00000000000006; 0.02948931715572667
69.10000000000007; 0.029872987559425582
69.20000000000006; 0.030259459248843643
69.30000000000005; 0.030648727828823788
69.40000000000006; 0.03104078870477657
69.50000000000006; 0.03143563708454918
69.60000000000007; 0.03183326798031026
69.70000000000006; 0.03223367621045416
69.80000000000007; 0.03263685640152273
69.90000000000006; 0.03304280299014459
70.00000000000006; 0.0334515102249899
70.10000000000007; 0.03386297216873994
70.20000000000006; 0.03427718270007379
70.30000000000007; 0.034694135515665775
70.40000000000006; 0.03511382413219629
70.50000000000006; 0.035536241888378645
70.60000000000007; 0.03596138194699199
70.70000000000006; 0.03638923729693142
70.80000000000007; 0.03681980075526018
70.90000000000006; 0.03725306496928104
71.00000000000006; 0.0376890224186082
71.10000000000007; 0.03812766541725248
71.20000000000006; 0.03856898611571185
71.30000000000007; 0.03901297650306884
71.40000000000006; 0.039459628409094415
71.50000000000006; 0.03990893350635901
71.60000000000007; 0.04036088331234538
71.70000000000006; 0.04081546919156911
71.80000000000007; 0.04127268235770008
71.90000000000006; 0.04173251387568812
72.00000000000006; 0.04219495466389182
72.10000000000007; 0.04265999549621041
72.20000000000006; 0.0431276270042126
72.30000000000007; 0.043597839679272436
72.40000000000006; 0.044070623874698255
72.50000000000006; 0.044545969807871635
72.60000000000007; 0.04502386756237248
72.70000000000006; 0.04550430709011658
72.80000000000007; 0.045987278213480434
72.90000000000006; 0.0464727706274303
73.00000000000006; 0.046960773901646526
73.10000000000007; 0.047451277482643606
73.20000000000006; 0.04794427069589043
73.30000000000007; 0.048439742747921365
73.40000000000006; 0.048937682728447604
73.50000000000007; 0.04943807961246029
73.60000000000007; 0.049940922262328616
73.70000000000006; 0.05044619942989595
73.80000000000007; 0.05095389975856413
73.90000000000006; 0.0514640117853765
74.00000000000007; 0.05197652394309031
74.10000000000007; 0.052491424562242366
74.20000000000006; 0.05300870187321031
74.30000000000007; 0.053528344008261536
74.40000000000006; 0.054050339003597965
74.50000000000007; 0.05457467480138675
74.60000000000007; 0.055101339251788596
74.70000000000006; 0.05563032011497261
74.80000000000007; 0.056161605063119895
74.90000000000006; 0.056695181682423504
75.00000000000007; 0.05723103747507329
75.10000000000007; 0.0577691598612303
75.20000000000006; 0.05830953618099368
75.30000000000007; 0.05885215369635268
75.40000000000006; 0.05939699959313124
75.50000000000007; 0.059944060982918455
75.60000000000007; 0.06049332490498799
75.70000000000006; 0.061044778328205165
75.80000000000007; 0.061598408152925006
75.90000000000006; 0.06215420121287011
76.00000000000007; 0.06271214427700883
76.10000000000007; 0.06327222405140388
76.20000000000007; 0.0638344271810659
76.30000000000007; 0.06439874025177707
76.40000000000006; 0.0649651497919168
76.50000000000007; 0.06553364227426052
76.60000000000007; 0.06610420411777311
76.70000000000007; 0.06667682168938684
76.80000000000007; 0.06725148130576328
76.90000000000006; 0.06782816923504352
77.00000000000007; 0.06840687169858352
77.10000000000007; 0.06898757487267017
77.20000000000007; 0.06957026489023493
77.30000000000007; 0.07015492784253993
77.40000000000006; 0.07074154978085434
77.50000000000007; 0.07133011671812103
77.60000000000007; 0.07192061463059701
77.70000000000007; 0.07251302945949194
77.80000000000007; 0.07310734711257943
77.90000000000006; 0.07370355346580267
78.00000000000007; 0.07430163436485812
78.10000000000007; 0.07490157562676938
78.20000000000007; 0.07550336304143933
78.30000000000007; 0.07610698237319355
78.40000000000006; 0.07671241936230425
78.50000000000007; 0.07731965972649817
78.60000000000007; 0.07792868916245203
78.70000000000007; 0.07853949334726831
78.80000000000007; 0.07915205793994175
78.90000000000006; 0.0797663685827994
79.00000000000007; 0.08038241090293839
79.10000000000007; 0.08100017051363698
79.20000000000007; 0.08161963301575514
79.30000000000007; 0.08224078399911734
79.40000000000006; 0.08286360904388283
79.50000000000007; 0.08348809372189551
79.60000000000007; 0.08411422359801975
79.70000000000007; 0.0847419842314649
79.80000000000007; 0.08537136117708562
79.90000000000008; 0.08600233998667124
80.00000000000007; 0.08663490621022474
80.10000000000007; 0.08726920590663481
80.20000000000007; 0.08790506731632723
80.30000000000007; 0.08854247350502635
80.40000000000008; 0.08918140989018361
80.50000000000007; 0.08982186189245793
80.60000000000007; 0.09046381493692325
80.70000000000007; 0.09110725445426525
80.80000000000007; 0.09175216588195458
80.90000000000008; 0.09239853466541086
81.00000000000007; 0.09304634625914825
81.10000000000007; 0.09369558612790425
81.20000000000007; 0.09434623974775953
81.30000000000007; 0.09499829260723316
81.40000000000008; 0.09565173020836919
81.50000000000007; 0.0963065380678094
81.60000000000007; 0.09696270171784119
81.70000000000007; 0.09762020670744048
81.80000000000007; 0.09827903860329436
81.90000000000008; 0.09893918299081382
82.00000000000007; 0.09960062547512108
82.10000000000007; 0.10026335168203336
82.20000000000007; 0.10092734725902812
82.30000000000007; 0.10159259787618717
82.40000000000008; 0.10225908922713851
82.50000000000007; 0.1029268070299706
82.60000000000008; 0.10359573702814268
82.70000000000007; 0.10426586499137362
82.80000000000007; 0.10493717671651963
82.90000000000008; 0.10560965802843626
83.00000000000007; 0.10628329478082767
83.10000000000008; 0.10695807285708392
83.20000000000007; 0.10763397817109462
83.30000000000007; 0.10831099666806267
83.40000000000008; 0.10898911432529082
83.50000000000007; 0.10966831715296547
83.60000000000008; 0.11034859119491974
83.70000000000007; 0.11102992252938583
83.80000000000007; 0.11171229726973111
83.90000000000008; 0.11239570156518662
84.00000000000007; 0.11308012160155625
84.10000000000008; 0.11376554360191557
84.20000000000007; 0.11445195382729688
84.30000000000007; 0.11513933857736502
84.40000000000008; 0.11582768419107034
84.50000000000007; 0.1165169770473002
84.60000000000008; 0.11720720356551359
84.70000000000007; 0.11789835020636032
84.80000000000007; 0.11859040347228908
84.90000000000008; 0.11928334990814732
85.00000000000007; 0.11997717610176224
85.10000000000008; 0.1206718686845196
85.20000000000007; 0.12136741433191212
85.30000000000007; 0.12206379976410069
85.40000000000008; 0.12276101174644134
85.50000000000007; 0.12345903709001402
85.60000000000008; 0.12415786265213809
85.70000000000007; 0.12485747533686604
85.80000000000007; 0.12555786209548106
85.90000000000008; 0.12625900992697256
86.00000000000007; 0.12696090587850523
86.10000000000008; 0.12766353704587294
86.20000000000007; 0.12836689057394762
86.30000000000008; 0.12907095365711105
86.40000000000008; 0.12977571353968195
86.50000000000007; 0.13048115751632508
86.60000000000008; 0.1311872729324572
86.70000000000007; 0.131894047184639
86.80000000000008; 0.13260146772095674
86.90000000000008; 0.13330952204139035
87.00000000000007; 0.13401819769818205
87.10000000000008; 0.13472748229618198
87.20000000000007; 0.1354373634931938
87.30000000000008; 0.13614782900030406
87.40000000000008; 0.13685886658220398
87.50000000000007; 0.13757046405750567
87.60000000000008; 0.13828260929904265
87.70000000000007; 0.1389952902341613
87.80000000000008; 0.13970849484501097
87.90000000000008; 0.1404222111688169
88.00000000000007; 0.14113642729814346
88.10000000000008; 0.14185113138115832
88.20000000000007; 0.14256631162187394
88.30000000000008; 0.14328195628039062
88.40000000000008; 0.14399805367313173
88.50000000000007; 0.1447145921730571
88.60000000000008; 0.14543156020988746
88.70000000000007; 0.1461489462703026
88.80000000000008; 0.1468667388981453
88.90000000000008; 0.1475849266946041
89.00000000000009; 0.1483034983184038
89.10000000000008; 0.14902244248596974
89.20000000000007; 0.14974174797160367
89.30000000000008; 0.15046140360763274
89.40000000000008; 0.15118139828456628
89.50000000000009; 0.15190172095123755
89.60000000000008; 0.15262236061493786
89.70000000000007; 0.15334330634154775
89.80000000000008; 0.15406454725565666
89.90000000000008; 0.15478607254067592
90.00000000000009; 0.15550787143895212
90.10000000000008; 0.15622993325185597
90.20000000000007; 0.15695224733988958
90.30000000000008; 0.15767480312276025
90.40000000000008; 0.15839759007947019
90.50000000000009; 0.15912059774838572
90.60000000000008; 0.15984381572730494
90.70000000000007; 0.16056723367351886
90.80000000000008; 0.1612908413038662
90.90000000000008; 0.1620146283947793
91.00000000000009; 0.162738584782333
91.10000000000008; 0.16346270036227148
91.20000000000007; 0.16418696509004743
91.30000000000008; 0.1649113689808423
91.40000000000008; 0.16563590210958365
91.50000000000009; 0.16636055461096244
91.60000000000008; 0.16708531667943952
91.70000000000007; 0.1678101785692463
91.80000000000008; 0.1685351305943833
91.90000000000008; 0.16926016312860906
92.00000000000009; 0.16998526660543195
92.10000000000008; 0.17071043151808477
92.20000000000007; 0.17143564841950737
92.30000000000008; 0.17216090792231206
92.40000000000008; 0.17288620069875474
92.50000000000009; 0.17361151748069412
92.60000000000008; 0.17433684905954902
92.70000000000009; 0.1750621862862501
92.80000000000008; 0.17578752007118803
92.90000000000008; 0.17651284138415704
93.00000000000009; 0.17723814125429307
93.10000000000008; 0.17796341077001057
93.20000000000009; 0.17868864107892815
93.30000000000008; 0.17941382338779743
93.40000000000008; 0.18013894896242594
93.50000000000009; 0.18086400912759318
93.60000000000008; 0.18158899526696481
93.70000000000009; 0.18231389882300256
93.80000000000008; 0.18303871129687332
93.90000000000008; 0.18376342424834496
94.00000000000009; 0.18448802929569344
94.10000000000008; 0.18521251811559128
94.20000000000009; 0.18593688244300374
94.30000000000008; 0.18666111407107236
94.40000000000008; 0.1873852048510035
94.50000000000009; 0.1881091466919518
94.60000000000008; 0.18883293156088843
94.70000000000009; 0.18955655148249073
94.80000000000008; 0.1902799985389987
94.90000000000008; 0.19100326487009636
95.00000000000009; 0.19172634267276786
95.10000000000008; 0.19244922420116875
95.20000000000009; 0.19317190176647653
95.30000000000008; 0.1938943677367581
95.40000000000009; 0.1946166145368138
95.50000000000009; 0.1953386346480345
95.60000000000008; 0.19606042060825093
95.70000000000009; 0.19678196501157738
95.80000000000008; 0.19750326050825692
95.90000000000009; 0.19822429980450249
96.00000000000009; 0.19894507566233235
96.10000000000008; 0.19966558089941203
96.20000000000009; 0.20038580838888662
96.30000000000008; 0.20110575105920886
96.40000000000009; 0.201825401893972
96.50000000000009; 0.20254475393173987
96.60000000000008; 0.20326380026586338
96.70000000000009; 0.20398253404431543
96.80000000000008; 0.2047009484695024
96.90000000000009; 0.20541903679808715
97.00000000000009; 0.2061367923408084
97.10000000000008; 0.20685420846229116
97.20000000000009; 0.20757127858086705
97.30000000000008; 0.20828799616837887
97.40000000000009; 0.2090043547499982
97.50000000000009; 0.20972034790402833
97.60000000000008; 0.21043596926171096
97.70000000000009; 0.21115121250703914
97.80000000000008; 0.21186607137655022
97.90000000000009; 0.21258053965913623
98.00000000000009; 0.21329461119584153
98.10000000000008; 0.21400827987966353
98.20000000000009; 0.21472153965534826
98.30000000000008; 0.21543438451918884
98.40000000000009; 0.21614680851882415
98.50000000000009; 0.2168588057530252
98.60000000000008; 0.21757037037149657
98.70000000000009; 0.21828149657466353
98.80000000000008; 0.21899217861346337
98.90000000000009; 0.21970241078913447
99.00000000000009; 0.22041218745300736
99.1000000000001; 0.22112150300629238
99.20000000000009; 0.22183035189986153
99.30000000000008; 0.22253872863404217
99.40000000000009; 0.22324662775839108
99.50000000000009; 0.2239540438714891
99.6000000000001; 0.2246609716207181
99.70000000000009; 0.22536740570204633
99.80000000000008; 0.2260733408598077
99.90000000000009; 0.22677877188648166
100.00000000000009; 0.22748368866754878
100.1000000000001; 0.22818790148196538
100.20000000000009; 0.22889159496457068
100.30000000000008; 0.22959476412033103
100.40000000000009; 0.23029740400120832
100.50000000000009; 0.2309995097059347
100.6000000000001; 0.2317010763797836
100.70000000000009; 0.23240209921435187
100.80000000000008; 0.23310257344733293
100.90000000000009; 0.23380249436228565
101.00000000000009; 0.23450185728841924
101.1000000000001; 0.23520065760035502
101.20000000000009; 0.23589889071790704
101.30000000000008; 0.23659655210585592
101.40000000000009; 0.23729363727371616
101.50000000000009; 0.23799014177551409
101.6000000000001; 0.23868606120955785
101.70000000000009; 0.23938139121820964
101.8000000000001; 0.2400761274876561
101.90000000000009; 0.2407702657476866
102.00000000000009; 0.24146380177145418
102.1000000000001; 0.24215673137525967
102.20000000000009; 0.24284905041831314
102.3000000000001; 0.24354075480251028
102.40000000000009; 0.24423184047220273
102.50000000000009; 0.24492230341396953
102.6000000000001; 0.24561213965638806
102.70000000000009; 0.2463013452698093
102.8000000000001; 0.2469899163661232
102.90000000000009; 0.2476778490985322
103.00000000000009; 0.2483651396613298
103.1000000000001; 0.24905178428966016
103.20000000000009; 0.24973777925930044
103.3000000000001; 0.25042312088642815
103.40000000000009; 0.2511078055273946
103.50000000000009; 0.2517918295784956
103.6000000000001; 0.2524751894757484
103.70000000000009; 0.25315788169466
103.8000000000001; 0.25383990275000184
103.90000000000009; 0.2545212491955833
104.00000000000009; 0.25520191762402605
104.1000000000001; 0.25588190466653654
104.20000000000009; 0.2565612069926831
104.3000000000001; 0.2572398213101653
104.40000000000009; 0.25791774436459297
104.50000000000009; 0.2585949729392637
104.6000000000001; 0.2592715038549284
104.70000000000009; 0.25994733396958175
104.8000000000001; 0.2606224601782228
104.90000000000009; 0.2612968794126472
105.00000000000009; 0.2619705886412101
105.1000000000001; 0.2626435848686171
105.20000000000009; 0.2633158651356898
105.3000000000001; 0.263987426519153
105.40000000000009; 0.2646582661314116
105.5000000000001; 0.26532838112032875
105.6000000000001; 0.2659977686690056
105.70000000000009; 0.2666664259955641
105.8000000000001; 0.26733435035292347
105.90000000000009; 0.2680015390285894
106.0000000000001; 0.26866798934442593
106.1000000000001; 0.2693336986564484
106.20000000000009; 0.2699986643545994
106.3000000000001; 0.270662883862534
106.40000000000009; 0.2713263546374066
106.5000000000001; 0.2719890741696534
106.6000000000001; 0.2726510399827764
106.70000000000009; 0.27331224963313466
106.8000000000001; 0.27397270070972796
106.90000000000009; 0.2746323908339799
107.0000000000001; 0.2752913176595356
107.1000000000001; 0.2759494788720415
107.20000000000009; 0.27660687218893903
107.3000000000001; 0.27726349535925054
107.40000000000009; 0.2779193461633784
107.5000000000001; 0.2785744224128831
107.6000000000001; 0.279228721950291
107.70000000000009; 0.27988224264887035
107.8000000000001; 0.2805349824124393
107.90000000000009; 0.2811869391751491
108.0000000000001; 0.281838110901287
108.1000000000001; 0.28248849558506234
108.2000000000001; 0.28313809125041356
108.3000000000001; 0.28378689595079715
108.40000000000009; 0.2844349077689872
108.5000000000001; 0.28508212481687656
108.6000000000001; 0.28572854523527214
108.7000000000001; 0.2863741671936951
108.8000000000001; 0.28701898889018485
108.90000000000009; 0.2876630085510986
109.0000000000001; 0.28830622443090975
109.1000000000001; 0.28894863481201577
109.2000000000001; 0.289590238004543
109.3000000000001; 0.2902310323461427
109.40000000000009; 0.29087101620180517
109.5000000000001; 0.29151018796366157
109.6000000000001; 0.29214854605079166
109.7000000000001; 0.29278608890903146
109.8000000000001; 0.29342281501078016
109.90000000000009; 0.29405872285481033
110.0000000000001; 0.29469381096607933
110.1000000000001; 0.29532807789553694
110.2000000000001; 0.2959615222199392
110.3000000000001; 0.2965941425416617
110.40000000000009; 0.2972259374885076
110.5000000000001; 0.2978569057135307
110.6000000000001; 0.2984870458948415
110.7000000000001; 0.29911635673542514
110.8000000000001; 0.2997448369629617
110.90000000000009; 0.3003724853296399
111.0000000000001; 0.30099930061197466
111.1000000000001; 0.30162528161063057
111.2000000000001; 0.3022504271502369
111.3000000000001; 0.30287473607920934
111.40000000000009; 0.30349820726957283
111.5000000000001; 0.3041208396167834
111.6000000000001; 0.3047426320395491
111.7000000000001; 0.3053635834796595
111.8000000000001; 0.30598369290180416
111.9000000000001; 0.30660295929340076
112.0000000000001; 0.30722138166442287
112.1000000000001; 0.30783895904722774
112.2000000000001; 0.30845569049637905
112.3000000000001; 0.30907157508848354
112.4000000000001; 0.30968661192201463
112.5000000000001; 0.3103008001171484
112.6000000000001; 0.31091413881559027
112.7000000000001; 0.31152662718040997
112.8000000000001; 0.31213826439587494
112.9000000000001; 0.3127490496672838
113.0000000000001; 0.3133589822208015
113.1000000000001; 0.3139680613032925
113.2000000000001; 0.314576286182166
113.3000000000001; 0.3151836561452012
113.4000000000001; 0.3157901705003942
113.5000000000001; 0.3163958285757958
113.6000000000001; 0.3170006297193477
113.7000000000001; 0.31760457329872954
113.8000000000001; 0.31820765870119444
113.9000000000001; 0.31880988533341414
114.0000000000001; 0.31941125262132636
114.1000000000001; 0.32001176000997084
114.2000000000001; 0.32061140696334084
114.3000000000001; 0.32121019296422604
114.4000000000001; 0.32180811751406213
114.5000000000001; 0.3224051801327758
114.60000000000011; 0.32300138035863324
114.7000000000001; 0.32359671774808935
114.8000000000001; 0.32419119187564055
114.9000000000001; 0.32478480233367407
115.0000000000001; 0.3253775487323177
115.10000000000011; 0.3259694306992949
115.2000000000001; 0.3265604478797769
115.3000000000001; 0.32715059993623774
115.4000000000001; 0.32773988654831065
115.5000000000001; 0.32832830741263996
115.60000000000011; 0.3289158622427422
115.7000000000001; 0.32950255076886187
115.8000000000001; 0.33008837273782704
115.9000000000001; 0.33067332791291654
116.0000000000001; 0.3312574160737079
116.10000000000011; 0.3318406370159503
116.2000000000001; 0.33242299055141994
116.3000000000001; 0.3330044765077808
116.4000000000001; 0.33358509472845194
116.5000000000001; 0.33416484507247257
116.60000000000011; 0.3347437274143616
116.7000000000001; 0.3353217416439856
116.8000000000001; 0.3358988876664293
116.9000000000001; 0.3364751654018564
117.0000000000001; 0.3370505747853837
117.10000000000011; 0.33762511576694215
117.2000000000001; 0.33819878831115596
117.3000000000001; 0.3387715923972078
117.4000000000001; 0.3393435280187084
117.5000000000001; 0.3399145951835731
117.60000000000011; 0.34048479391388975
117.7000000000001; 0.3410541242457992
117.8000000000001; 0.34162258622936137
117.9000000000001; 0.34219017992843576
118.0000000000001; 0.3427569054205572
118.10000000000011; 0.34332276279680973
118.2000000000001; 0.34388775216170736
118.30000000000011; 0.344451873633069
118.4000000000001; 0.34501512734189865
118.5000000000001; 0.3455775134322683
118.60000000000011; 0.34613903206119406
118.7000000000001; 0.3466996833985182
118.80000000000011; 0.34725946762679216
118.9000000000001; 0.3478183849411603
119.0000000000001; 0.3483764355492428
119.10000000000011; 0.34893361967101594
119.2000000000001; 0.3494899375387056
119.30000000000011; 0.35004538939666185
119.4000000000001; 0.35059997550125654
119.5000000000001; 0.35115369612076164
119.60000000000011; 0.35170655153524455
119.7000000000001; 0.35225854203645074
119.80000000000011; 0.3528096679276951
119.9000000000001; 0.35335992952375256
120.0000000000001; 0.353909327150751
120.10000000000011; 0.35445786114605876
120.2000000000001; 0.35500553185817746
120.30000000000011; 0.3555523396466393
120.4000000000001; 0.3560982848818931
120.5000000000001; 0.356643367945209
120.60000000000011; 0.3571875892285627
120.7000000000001; 0.35773094913453685
120.80000000000011; 0.3582734480762205
120.9000000000001; 0.35881508647709726
121.00000000000011; 0.3593558647709542
121.10000000000011; 0.3598957834017678
121.2000000000001; 0.3604348428236178
121.30000000000011; 0.3609730435005728
121.4000000000001; 0.36151038590660056
121.50000000000011; 0.3620468705254638
121.60000000000011; 0.3625824978506281
121.7000000000001; 0.3631172683851562
121.80000000000011; 0.36365118264161955
121.9000000000001; 0.36418424114199544
122.00000000000011; 0.3647164444175755
122.10000000000011; 0.36524779300887067
122.2000000000001; 0.3657782874655146
122.30000000000011; 0.3663079283461746
122.4000000000001; 0.3668367162184523
122.50000000000011; 0.3673646516587998
122.60000000000011; 0.3678917352524199
122.7000000000001; 0.3684179675931796
122.80000000000011; 0.3689433492835196
122.9000000000001; 0.3694678809343653
123.00000000000011; 0.3699915631650348
123.10000000000011; 0.37051439660315366
123.2000000000001; 0.37103638188456267
123.30000000000011; 0.3715575196532378
123.4000000000001; 0.3720778105611991
123.50000000000011; 0.3725972552684216
123.60000000000011; 0.3731158544427577
123.7000000000001; 0.37363360875984747
123.80000000000011; 0.3741505189030358
123.9000000000001; 0.3746665855632859
124.00000000000011; 0.3751818094391024
124.10000000000011; 0.375696191236445
124.2000000000001; 0.37620973166864624
124.30000000000011; 0.37672243145633333
124.4000000000001; 0.37723429132734504
124.50000000000011; 0.3777453120166519
124.60000000000011; 0.3782554942662781
124.70000000000012; 0.37876483882522277
124.80000000000011; 0.37927334644938093
124.9000000000001; 0.3797810179014631
125.00000000000011; 0.38028785395092535
125.10000000000011; 0.38079385537388505
125.20000000000012; 0.38129902295305024
125.30000000000011; 0.3818033574776398
125.4000000000001; 0.3823068597433148
125.50000000000011; 0.3828095305520952
125.60000000000011; 0.3833113707122955
125.70000000000012; 0.38381238103844556
125.80000000000011; 0.38431256235122013
125.9000000000001; 0.3848119154773648
126.00000000000011; 0.3853104412496255
126.10000000000011; 0.3858081405066801
126.20000000000012; 0.38630501409306456
126.30000000000011; 0.38680106285910126
126.4000000000001; 0.38729628766083457
126.50000000000011; 0.38779068935995753
126.60000000000011; 0.38828426882374645
126.70000000000012; 0.38877702692499194
126.80000000000011; 0.38926896454192794
126.9000000000001; 0.3897600825581737
127.00000000000011; 0.39025038186265565
127.10000000000011; 0.3907398633495506
127.20000000000012; 0.39122852791821755
127.30000000000011; 0.3917163764731316
127.40000000000012; 0.39220340992381963
127.50000000000011; 0.39268962918479866
127.60000000000011; 0.39317503517550945
127.70000000000012; 0.3936596288202558
127.80000000000011; 0.3941434110481401
127.90000000000012; 0.39462638279300494
128.0000000000001; 0.3951085449933661
128.1000000000001; 0.3955898985923569
128.2000000000001; 0.39607044453766327
128.30000000000013; 0.3965501837814662
128.40000000000012; 0.3970291172803829
128.5000000000001; 0.39750724599540493
128.6000000000001; 0.3979845708918402
128.7000000000001; 0.3984610929392576
128.80000000000013; 0.3989368131114244
128.90000000000012; 0.39941173238625266
129.0000000000001; 0.3998858517457409
129.1000000000001; 0.40035917217591876
129.2000000000001; 0.4008316946667881
129.30000000000013; 0.40130342021227017
129.40000000000012; 0.4017743498101522
129.5000000000001; 0.4022444844620256
129.6000000000001; 0.4027138251732396
129.7000000000001; 0.40318237295284526
129.80000000000013; 0.4036501288135369
129.90000000000012; 0.4041170937716058
130.0000000000001; 0.4045832688468842
130.1000000000001; 0.4050486550626967
130.2000000000001; 0.4055132534458015
130.30000000000013; 0.405977065026346
130.40000000000012; 0.4064400908378137
130.5000000000001; 0.4069023319169711
130.6000000000001; 0.4073637893038227
130.7000000000001; 0.40782446404155676
130.80000000000013; 0.4082843571764996
130.90000000000012; 0.4087434697580618
131.0000000000001; 0.40920180283869506
131.1000000000001; 0.40965935747384274
131.2000000000001; 0.4101161347218886
131.30000000000013; 0.4105721356441165
131.40000000000012; 0.4110273613046546
131.5000000000001; 0.41148181277043633
131.6000000000001; 0.4119354911111513
131.7000000000001; 0.41238839739919714
131.80000000000013; 0.41284053270964105
131.90000000000012; 0.4132918981201672
132.0000000000001; 0.41374249471103497
132.1000000000001; 0.4141923235650363
132.2000000000001; 0.4146413857674502
132.30000000000013; 0.4150896824059993
132.40000000000012; 0.41553721457080656
132.5000000000001; 0.41598398335435394
132.6000000000001; 0.41642998985143564
132.70000000000013; 0.4168752351591233
132.80000000000013; 0.41731972037671644
132.90000000000012; 0.41776344660570636
133.0000000000001; 0.41820641494973243
133.1000000000001; 0.4186486265145428
133.20000000000013; 0.41909008240795387
133.30000000000013; 0.41953078373980934
133.40000000000012; 0.41997073162194115
133.5000000000001; 0.4204099271681295
133.6000000000001; 0.42084837149406523
133.70000000000013; 0.42128606571731064
133.80000000000013; 0.42172301095725895
133.90000000000012; 0.4221592083351001
134.0000000000001; 0.4225946589737801
134.1000000000001; 0.4230293639979639
134.20000000000013; 0.4234633245340014
134.30000000000013; 0.42389654170988383
134.40000000000012; 0.42432901665521705
134.5000000000001; 0.42476075050117684
134.6000000000001; 0.425191744380478
134.70000000000013; 0.4256219994273356
134.80000000000013; 0.4260515167774332
134.90000000000012; 0.42648029756788625
135.0000000000001; 0.42690834293720614
135.1000000000001; 0.4273356540252683
135.20000000000013; 0.42776223197327845
135.30000000000013; 0.42818807792373415
135.40000000000012; 0.4286131930203995
135.5000000000001; 0.429037578408264
135.6000000000001; 0.4294612352335147
135.70000000000013; 0.4298841646435042
135.80000000000013; 0.43030636778671244
135.90000000000012; 0.430727845812722
136.0000000000001; 0.4311485998721837
136.1000000000001; 0.4315686311167821
136.20000000000013; 0.43198794069920937
136.30000000000013; 0.432406529773132
136.40000000000012; 0.43282439949315926
136.5000000000001; 0.43324155101481543
136.6000000000001; 0.4336579854945096
136.70000000000013; 0.4340737040895019
136.80000000000013; 0.43448870795788136
136.90000000000012; 0.4349029982585282
137.0000000000001; 0.4353165761510915
137.1000000000001; 0.43572944279595793
137.20000000000013; 0.43614159935422425
137.30000000000013; 0.4365530469876669
137.40000000000012; 0.43696378685871695
137.5000000000001; 0.4373738201304303
137.6000000000001; 0.4377831479664638
137.70000000000013; 0.438191771531043
137.80000000000013; 0.4385996919889386
137.90000000000012; 0.43900691050544
138.0000000000001; 0.439413428246326
138.1000000000001; 0.43981924637784325
138.20000000000013; 0.4402243660666763
138.30000000000013; 0.4406287884799234
138.40000000000012; 0.4410325147850715
138.5000000000001; 0.44143554614997144
138.60000000000014; 0.4418378837428111
138.70000000000013; 0.4422395287320906
138.80000000000013; 0.4426404822866037
138.90000000000012; 0.44304074557540307
139.0000000000001; 0.44344031976778614
139.10000000000014; 0.44383920603326543
139.20000000000013; 0.4442374055415483
139.30000000000013; 0.4446349194625106
139.40000000000012; 0.4450317489661763
139.5000000000001; 0.4454278952226925
139.60000000000014; 0.4458233594023072
139.70000000000013; 0.4462181426753488
139.80000000000013; 0.44661224621220114
139.90000000000012; 0.44700567118328327
140.0000000000001; 0.44739841875902603
140.10000000000014; 0.4477904901098521
140.20000000000013; 0.44818188640615264
140.30000000000013; 0.4485726088182703
140.40000000000012; 0.44896265851647094
140.5000000000001; 0.4493520366709318
140.60000000000014; 0.44974074445171247
140.70000000000013; 0.45012878302873915
140.80000000000013; 0.45051615357178565
140.90000000000012; 0.45090285725044876
141.0000000000001; 0.4512888952341331
141.10000000000014; 0.45167426869202726
141.20000000000013; 0.4520589787930879
141.30000000000013; 0.4524430267060206
141.40000000000012; 0.45282641359925696
141.5000000000001; 0.4532091406409413
141.60000000000014; 0.45359120899890476
141.70000000000013; 0.45397261984065546
141.80000000000013; 0.45435337433335304
141.90000000000012; 0.45473347364379535
142.0000000000001; 0.45511291893839717
142.10000000000014; 0.45549171138317546
142.20000000000013; 0.4558698521437286
142.30000000000013; 0.45624734238522313
142.40000000000012; 0.45662418327237125
142.5000000000001; 0.45700037596942006
142.60000000000014; 0.4573759216401279
142.70000000000013; 0.4577508214477536
142.80000000000013; 0.45812507655503854
142.90000000000012; 0.4584986881241868
143.0000000000001; 0.45887165731685303
143.10000000000014; 0.4592439852941251
143.20000000000013; 0.45961567321650804
143.30000000000013; 0.4599867222439092
143.40000000000012; 0.46035713353562135
143.5000000000001; 0.46072690825030926
143.60000000000014; 0.4610960475459926
143.70000000000013; 0.4614645525800317
143.80000000000013; 0.461832424509114
143.90000000000012; 0.46219966448923683
144.0000000000001; 0.46256627367569536
144.10000000000014; 0.4629322532230672
144.20000000000013; 0.463297604285198
144.30000000000013; 0.46366232801518686
144.40000000000012; 0.46402642556537343
144.5000000000001; 0.46438989808732534
144.60000000000014; 0.46475274673182004
144.70000000000013; 0.4651149726488369
144.80000000000013; 0.46547657698753997
144.90000000000012; 0.4658375608962686
145.0000000000001; 0.4661979255225187
145.10000000000014; 0.4665576720129354
145.20000000000013; 0.4669168015132968
145.30000000000013; 0.4672753151685053
145.40000000000012; 0.4676332141225689
145.50000000000014; 0.46799049951859567
145.60000000000014; 0.4683471724987761
145.70000000000013; 0.46870323420437526
145.80000000000013; 0.4690586857757182
145.90000000000012; 0.46941352835217864
146.00000000000014; 0.4697677630721686
146.10000000000014; 0.47012139107312534
146.20000000000013; 0.4704744134915004
146.30000000000013; 0.47082683146275023
146.40000000000012; 0.47117864612132215
146.50000000000014; 0.4715298586006448
146.60000000000014; 0.47188047003311706
146.70000000000013; 0.4722304815500987
146.80000000000013; 0.47257989428189734
146.90000000000012; 0.47292870935775944
147.00000000000014; 0.4732769279058602
147.10000000000014; 0.47362455105329093
147.20000000000013; 0.47397157992605377
147.30000000000013; 0.47431801564904663
147.40000000000012; 0.4746638593460569
147.50000000000014; 0.47500911213974883
147.60000000000014; 0.475353775151655
147.70000000000013; 0.47569784950217053
147.80000000000013; 0.47604133631053513
147.90000000000012; 0.4763842366948345
148.00000000000014; 0.47672655177198076
148.10000000000014; 0.4770682826577109
148.20000000000013; 0.4774094304665753
148.30000000000013; 0.47774999631192727
148.40000000000012; 0.4780899813059181
148.50000000000014; 0.4784293865594837
148.60000000000014; 0.47876821318233925
148.70000000000013; 0.47910646228297193
148.80000000000013; 0.4794441349686299
148.90000000000012; 0.4797812323453133
149.00000000000014; 0.48011775551777036
149.10000000000014; 0.48045370558948586
149.20000000000013; 0.4807890836626741
149.30000000000013; 0.4811238908382734
149.40000000000012; 0.4814581282159333
149.50000000000014; 0.48179179689401225
149.60000000000014; 0.4821248979695683
149.70000000000013; 0.4824574325383496
149.80000000000013; 0.4827894016947914
149.90000000000012; 0.4831208065320046
150.00000000000014; 0.48345164814177155
150.10000000000014; 0.4837819348459389
150.20000000000013; 0.4841116605799499
150.30000000000013; 0.48444082632068314
150.40000000000012; 0.4847694331476038
150.50000000000014; 0.48509748213887716
150.60000000000014; 0.48542497437136883
150.70000000000013; 0.4857519109206329
150.80000000000013; 0.4860782928609059
150.90000000000012; 0.4864041212651032
151.00000000000014; 0.48672939720480757
151.10000000000014; 0.4870541217502678
151.20000000000013; 0.4873782959703869
151.30000000000013; 0.48770192093272113
151.40000000000015; 0.48802499770346963
151.50000000000014; 0.48834752734747167
151.60000000000014; 0.488669510928198
151.70000000000013; 0.4889909495077444
151.80000000000013; 0.489311844146829
151.90000000000015; 0.48963219590478574
152.00000000000014; 0.4899520058395539
152.10000000000014; 0.4902712750076787
152.20000000000013; 0.4905900044643041
152.30000000000013; 0.49090819526316476
152.40000000000015; 0.4912258484565822
152.50000000000014; 0.4915429650954603
152.60000000000014; 0.4918595462292792
152.70000000000013; 0.49217559290609225
152.80000000000013; 0.4924911061725154
152.90000000000015; 0.49280608707372897
153.00000000000014; 0.49312053665346917
153.10000000000014; 0.49343445595402213
153.20000000000013; 0.4937478460162222
153.30000000000013; 0.4940607078794458
153.40000000000015; 0.4943730425816058
153.50000000000014; 0.49468485115914956
153.60000000000014; 0.49499613464705167
153.70000000000013; 0.4953068940788123
153.80000000000013; 0.49561713048644807
153.90000000000015; 0.49592684490049666
154.00000000000014; 0.4962360383500007
154.10000000000014; 0.4965447118625157
154.20000000000013; 0.4968528664640962
154.30000000000013; 0.4971605031792986
154.40000000000015; 0.4974676230311731
154.50000000000014; 0.49777422704126223
154.60000000000014; 0.49808031622959625
154.70000000000013; 0.49838589161468805
154.80000000000013; 0.4986909542135328
154.90000000000015; 0.49899550504160145
155.00000000000014; 0.49929954511283936
155.10000000000014; 0.4996030754396586
155.20000000000013; 0.4999060970329418
155.30000000000013; 0.5002086109020323
155.40000000000015; 0.5005106180547336
155.50000000000014; 0.5008121194973056
155.60000000000014; 0.5011131162344639
155.70000000000013; 0.5014136092693714
155.80000000000013; 0.5017135996036413
155.90000000000015; 0.5020130882373287
156.00000000000014; 0.5023120761689335
156.10000000000014; 0.5026105643953911
156.20000000000013; 0.5029085539120756
156.30000000000013; 0.503206045712792
156.40000000000015; 0.5035030407897787
156.50000000000014; 0.503799540133699
156.60000000000014; 0.5040955447336449
156.70000000000013; 0.5043910555771293
156.80000000000013; 0.5046860736500853
156.90000000000015; 0.5049805999368662
157.00000000000014; 0.5052746354202394
157.10000000000014; 0.5055681810813866
157.20000000000013; 0.5058612378999013
157.30000000000013; 0.5061538068537842
157.40000000000015; 0.5064458889194456
157.50000000000014; 0.5067374850717001
157.60000000000014; 0.5070285962837634
157.70000000000013; 0.5073192235272538
157.80000000000013; 0.5076093677721896
157.90000000000015; 0.507899029986984
158.00000000000014; 0.5081882111384479
158.10000000000014; 0.5084769121917847
158.20000000000013; 0.5087651341105885
158.30000000000015; 0.5090528778568463
158.40000000000015; 0.5093401443909327
158.50000000000014; 0.5096269346716077
158.60000000000014; 0.5099132496560193
158.70000000000013; 0.5101990902996983
158.80000000000015; 0.5104844575565575
158.90000000000015; 0.5107693523788931
159.00000000000014; 0.5110537757173789
159.10000000000014; 0.5113377285210678
159.20000000000013; 0.5116212117373912
159.30000000000015; 0.5119042263121562
159.40000000000015; 0.5121867731895428
159.50000000000014; 0.5124688533121078
159.60000000000014; 0.51275046762078
159.70000000000013; 0.5130316170548569
159.80000000000015; 0.5133123025520111
159.90000000000015; 0.5135925250482823
160.00000000000014; 0.51387228547808
