energy (keV); transmission
1.0; 0.0
1.1; 0.0
1.2000000000000002; 0.0
1.3000000000000003; 0.0
1.4000000000000004; 0.0
1.5000000000000004; 0.0
1.6000000000000005; 0.0
1.7000000000000006; 0.0
1.8000000000000007; 0.0
1.9000000000000008; 0.0
2.000000000000001; 0.0
2.100000000000001; 0.0
2.200000000000001; 0.0
2.300000000000001; 0.0
2.4000000000000012; 0.0
2.5000000000000013; 0.0
2.6000000000000014; 0.0
2.7000000000000015; 0.0
2.8000000000000016; 0.0
2.9000000000000017; 0.0
3.0000000000000018; 0.0
3.100000000000002; 0.0
3.200000000000002; 0.0
3.300000000000002; 0.0
3.400000000000002; 0.0
3.500000000000002; 0.0
3.6000000000000023; 0.0
3.7000000000000024; 0.0
3.8000000000000025; 0.0
3.9000000000000026; 0.0
4.000000000000003; 0.0
4.100000000000003; 0.0
4.200000000000003; 0.0
4.3000000000000025; 0.0
4.400000000000003; 0.0
4.5000000000000036; 0.0
4.600000000000003; 0.0
4.700000000000003; 0.0
4.800000000000003; 0.0
4.900000000000004; 1.12213555066e-313
5.0000000000000036; 1.0947841270910644e-305
5.100000000000003; 5.342756869358478e-290
5.200000000000004; 2.5354671107439312e-275
5.300000000000004; 1.37908251923913e-261
5.400000000000004; 9.971172081480375e-249
5.5000000000000036; 1.0980128306085959e-236
5.600000000000004; 2.0895045749166157e-225
5.700000000000005; 7.7334413530229e-215
5.800000000000004; 6.219327224004524e-205
5.900000000000004; 1.2059788794424835e-195
6.000000000000004; 2e-323
6.100000000000005; 6.5530996e-316
6.200000000000005; 1.2955032357582576e-307
6.300000000000004; 1.1666912022829895e-298
6.400000000000005; 3.3460476107911013e-289
6.500000000000005; 2.1484788553973497e-279
6.600000000000005; 2.124720246429391e-269
6.700000000000005; 2.611259133292981e-259
6.800000000000005; 2.930461348521625e-249
6.900000000000006; 2.397800768814632e-239
7.000000000000005; 1.1876546369403534e-229
7.100000000000005; 3.068350214889379e-220
7.2000000000000055; 7.67008402102e-312
7.300000000000006; 7.006446975167797e-300
7.400000000000006; 1.8670848306054846e-288
7.500000000000005; 1.434730354694185e-277
7.600000000000006; 3.192449833421906e-267
7.700000000000006; 2.091485919621645e-257
7.800000000000006; 4.141381909921236e-248
7.900000000000006; 2.562238919762519e-239
8.000000000000007; 5.1450884809655343e-231
8.100000000000007; 3.6931273053336125e-223
8.200000000000006; 9.80349217571876e-216
8.300000000000006; 1.0464897783286767e-208
8.400000000000006; 0.0
8.500000000000007; 0.0
8.600000000000007; 0.0
8.700000000000006; 0.0
8.800000000000008; 0.0
8.900000000000007; 0.0
9.000000000000007; 0.0
9.100000000000007; 0.0
9.200000000000006; 0.0
9.300000000000008; 0.0
9.400000000000007; 0.0
9.500000000000007; 6.403e-321
9.600000000000009; 1.598141253625e-312
9.700000000000008; 2.057286195556513e-304
9.800000000000008; 1.4144712641198413e-296
9.900000000000007; 5.36553197427243e-289
10.000000000000007; 1.1573079395180058e-281
10.100000000000009; 1.4723719623631602e-274
10.200000000000008; 1.116197662138119e-267
10.300000000000008; 5.136903748999061e-261
10.40000000000001; 1.4610699111898516e-254
10.500000000000009; 2.612911718679805e-248
10.600000000000009; 2.9871107111421194e-242
10.700000000000008; 2.2180131562502892e-236
10.800000000000008; 1.0862049749945542e-230
10.90000000000001; 3.560315473137628e-225
11.000000000000009; 7.922161896362285e-220
11.100000000000009; 1.213086775294902e-214
11.20000000000001; 1.2951538991988716e-209
11.30000000000001; 9.763455652269687e-205
11.40000000000001; 5.26018635226908e-200
11.500000000000009; 2.0491625941760005e-195
11.600000000000009; 5.837128487028319e-191
11.70000000000001; 1.2290075686405758e-186
11.80000000000001; 1.932634236529255e-182
11.90000000000001; 2.292563443804051e-178
12.00000000000001; 2.071298137693664e-174
12.10000000000001; 1.4385636866016737e-170
12.20000000000001; 7.748995460710286e-167
12.30000000000001; 3.265209848959518e-163
12.40000000000001; 1.0851915605133971e-159
12.50000000000001; 2.8673308389347225e-156
12.60000000000001; 6.069365663749465e-153
12.70000000000001; 1.0368061234787572e-149
12.800000000000011; 1.4395168250054864e-146
12.900000000000011; 1.6355480304985976e-143
13.00000000000001; 1.5307010907257922e-140
13.10000000000001; 1.1875345356187717e-137
13.20000000000001; 7.683840260099763e-135
13.300000000000011; 4.17097209851322e-132
13.400000000000011; 1.9102085967897398e-129
13.50000000000001; 7.421252689754356e-127
13.600000000000012; 2.4587202323533857e-124
13.700000000000012; 6.981947981406368e-122
13.800000000000011; 1.707656944838432e-119
13.900000000000011; 3.614315031263374e-117
14.00000000000001; 6.650042767663597e-115
14.100000000000012; 1.0683101683630993e-112
14.200000000000012; 1.5047995962065076e-110
14.300000000000011; 1.8661103612728717e-108
14.400000000000013; 2.0454078083271555e-106
14.500000000000012; 1.9890834570431478e-104
14.600000000000012; 1.722445620983397e-102
14.700000000000012; 1.3328795463356875e-100
14.800000000000011; 9.248456949568556e-99
14.900000000000013; 5.773105344738356e-97
15.000000000000012; 3.2523031440847483e-95
15.100000000000012; 1.6619133060526604e-93
15.200000000000014; 7.711316111891825e-92
15.300000000000013; 3.2588616962683803e-90
15.400000000000013; 1.2580134062098922e-88
15.500000000000012; 4.448391525285314e-87
15.600000000000012; 1.4447397591032462e-85
15.700000000000014; 4.320874774313778e-84
15.800000000000013; 1.1929815592766012e-82
15.900000000000013; 3.0480367133267428e-81
16.000000000000014; 7.223324050045039e-80
16.100000000000016; 1.5913061865372134e-78
16.200000000000014; 3.2659107994728993e-77
16.30000000000001; 6.257333940047852e-76
16.400000000000013; 1.1214427810103712e-74
16.500000000000014; 1.8836714693494042e-73
16.600000000000016; 2.970854505929448e-72
16.700000000000014; 4.4074297566755215e-71
16.800000000000015; 6.161261907537858e-70
16.900000000000013; 8.129439946395834e-69
17.000000000000014; 1.0140508483518787e-67
17.100000000000016; 1.197690200140413e-66
17.200000000000014; 1.3414343963854405e-65
17.300000000000015; 1.4268128533631577e-64
17.400000000000013; 1.4432729984573928e-63
17.500000000000014; 1.3902880035577456e-62
17.600000000000016; 1.2770480719114482e-61
17.700000000000014; 1.1199753875892917e-60
17.800000000000015; 9.389511529226575e-60
17.900000000000016; 7.534040904580958e-59
18.000000000000014; 5.792471078752416e-58
18.100000000000016; 4.272038089311373e-57
18.200000000000017; 3.0255941212700783e-56
18.300000000000015; 2.0598928482263767e-55
18.400000000000016; 1.3495121350455293e-54
18.500000000000014; 8.515951425627355e-54
18.600000000000016; 5.181154246388217e-53
18.700000000000017; 3.041983129624754e-52
18.800000000000015; 1.7250896560825327e-51
18.900000000000016; 9.457294747096672e-51
19.000000000000014; 5.447122187124773e-56
19.100000000000016; 3.3351250338851805e-55
19.200000000000017; 1.9727436638016987e-54
19.300000000000015; 1.1282873406827038e-53
19.400000000000016; 6.244884304131026e-53
19.500000000000018; 3.347637040545863e-52
19.600000000000016; 1.7394192434259337e-51
19.700000000000017; 8.767063734923626e-51
19.80000000000002; 4.289531709466376e-50
19.900000000000016; 2.038841324603515e-49
20.000000000000018; 9.42057302468087e-49
20.100000000000016; 2.2062484426283383e-51
20.200000000000017; 1.0593806153054793e-50
20.30000000000002; 4.946504514834026e-50
20.400000000000016; 2.247303621304274e-49
20.500000000000018; 9.940384288288406e-49
20.600000000000016; 4.283285021343702e-48
20.700000000000017; 1.7989986032427582e-47
20.80000000000002; 7.368956284214954e-47
20.900000000000016; 2.945353712335898e-46
21.000000000000018; 1.1493551224809788e-45
21.10000000000002; 4.3810623080402324e-45
21.200000000000017; 1.6320387465100773e-44
21.30000000000002; 5.944553590830844e-44
21.40000000000002; 2.1181285812168e-43
21.500000000000018; 7.38636954397809e-43
21.60000000000002; 2.5220382936627367e-42
21.700000000000017; 8.435399340300753e-42
21.80000000000002; 2.764900944929554e-41
21.90000000000002; 8.884959942479678e-41
22.000000000000018; 2.8003406023086224e-40
22.10000000000002; 8.660019750697479e-40
22.200000000000017; 2.6287450495560457e-39
22.30000000000002; 7.835458480340364e-39
22.40000000000002; 2.2941801559174883e-38
22.500000000000018; 6.60077142050457e-38
22.60000000000002; 1.8668914576165151e-37
22.70000000000002; 5.192184295484428e-37
22.80000000000002; 1.4204752464436983e-36
22.90000000000002; 3.8239498814161917e-36
23.00000000000002; 1.0132688633448665e-35
23.10000000000002; 2.643668137027204e-35
23.20000000000002; 6.793466900513136e-35
23.30000000000002; 1.7199179362955869e-34
23.40000000000002; 4.29123349639346e-34
23.50000000000002; 1.0554513222159457e-33
23.60000000000002; 2.55974399432323e-33
23.70000000000002; 6.123150799547331e-33
23.80000000000002; 1.445069055311583e-32
23.90000000000002; 3.3655028087225986e-32
24.00000000000002; 7.736934898348273e-32
24.10000000000002; 1.7561150920349382e-31
24.20000000000002; 3.9364708473138007e-31
24.300000000000022; 8.716331700051726e-31
24.40000000000002; 1.906924106214857e-30
24.50000000000002; 4.1229121039321964e-30
24.600000000000023; 8.81133307244e-30
24.70000000000002; 1.8618289049555995e-29
24.800000000000022; 3.8903635101540104e-29
24.90000000000002; 8.040489571196238e-29
25.00000000000002; 1.644009626144334e-28
25.100000000000023; 3.326147527441142e-28
25.20000000000002; 6.6600549136009585e-28
25.300000000000022; 1.320064943251911e-27
25.40000000000002; 2.5904441067328998e-27
25.50000000000002; 5.0337670626438505e-27
25.600000000000023; 9.687880904731074e-27
25.70000000000002; 1.8469555080816415e-26
25.800000000000022; 3.4885874266241624e-26
25.900000000000023; 6.52950598390065e-26
26.00000000000002; 1.2112088715777305e-25
26.100000000000023; 2.227074504586601e-25
26.200000000000024; 4.059709477314261e-25
26.300000000000022; 7.337798361933461e-25
26.400000000000023; 1.3152609212715577e-24
26.50000000000002; 2.3382812649336686e-24
26.600000000000023; 4.123654958396378e-24
26.700000000000024; 7.214884489250102e-24
26.800000000000022; 1.2525568371227721e-23
26.900000000000023; 2.1579668722393132e-23
27.00000000000002; 3.6900177528554516e-23
27.100000000000023; 6.263317085937024e-23
27.200000000000024; 1.0554249888734181e-22
27.300000000000022; 1.7658387085591232e-22
27.400000000000023; 2.933782726730267e-22
27.500000000000025; 4.840716209284289e-22
27.600000000000023; 7.933165738846114e-22
27.700000000000024; 1.291481289379407e-21
27.800000000000026; 2.088732683000565e-21
27.900000000000023; 3.3564351385418758e-21
28.000000000000025; 5.359457916655684e-21
28.100000000000023; 8.504647434166598e-21
28.200000000000024; 1.3413105468575766e-20
28.300000000000026; 2.1027313645844295e-20
28.400000000000023; 3.2768960568785103e-20
28.500000000000025; 5.0770110596502763e-20
28.600000000000023; 7.820984996996263e-20
28.700000000000024; 1.198017663969118e-19
28.800000000000026; 1.8249591858185391e-19
28.900000000000023; 2.764841438090071e-19
29.000000000000025; 4.166320400772577e-19
29.100000000000026; 6.245079215137316e-19
29.200000000000024; 9.312426551427348e-19
29.300000000000026; 1.381539996115831e-18
29.400000000000027; 2.0392719336231648e-18
29.500000000000025; 2.995246802980447e-18
29.600000000000026; 4.377941295793461e-18
29.700000000000024; 6.368256092223239e-18
29.800000000000026; 9.219707853814131e-18
29.900000000000027; 1.3285932091068688e-17
30.000000000000025; 1.905797265027642e-17
30.100000000000026; 2.7218431146477282e-17
30.200000000000024; 3.8700829520020347e-17
30.300000000000026; 5.478697429777335e-17
30.400000000000027; 7.722601258751616e-17
30.500000000000025; 1.0839469050444384e-16
30.600000000000026; 1.515091388444008e-16
30.700000000000028; 2.1090354011745097e-16
30.800000000000026; 2.923953204995478e-16
30.900000000000027; 4.037618338803451e-16
31.00000000000003; 5.553601461820208e-16
31.100000000000026; 7.609297798328574e-16
31.200000000000028; 1.038628491545688e-15
31.300000000000026; 1.4123637492657766e-15
31.400000000000027; 1.91349804210707e-15
31.50000000000003; 2.5830250861211147e-15
31.600000000000026; 3.4743370683774477e-15
31.700000000000028; 4.656731110507476e-15
31.800000000000026; 6.2198370747561736e-15
31.900000000000027; 8.279189779191431e-15
32.00000000000003; 1.0983217907384608e-14
32.10000000000002; 1.4521980861828833e-14
32.20000000000003; 1.9138055211231487e-14
32.300000000000026; 2.5140056158611403e-14
32.40000000000003; 3.2919378824220653e-14
32.50000000000003; 4.297086161488221e-14
32.60000000000003; 5.591821239647893e-14
32.70000000000003; 7.254520082790029e-14
32.800000000000026; 9.383381068702469e-14
32.90000000000003; 1.21010768400203e-13
33.00000000000003; 1.5560412283522292e-13
33.10000000000003; 1.9951185181209078e-13
33.20000000000003; 2.5508481836522633e-13
33.300000000000026; 3.252268007920545e-13
33.40000000000003; 4.135147818255312e-13
33.50000000000003; 5.243432114255097e-13
33.60000000000003; 6.630965629749989e-13
33.70000000000003; 8.363551931114431e-13
33.800000000000026; 1.0521403008484985e-12
33.90000000000003; 1.3202046726725737e-12
34.00000000000003; 1.652376908431501e-12
34.10000000000003; 2.062967960407873e-12
34.20000000000003; 2.56925009826244e-12
34.30000000000003; 3.1920198496678158e-12
34.40000000000003; 3.9562580755167755e-12
34.50000000000003; 4.891902135557921e-12
34.60000000000003; 6.034747102045214e-12
34.70000000000003; 7.427495203296848e-12
34.80000000000003; 9.120975144495387e-12
34.90000000000003; 1.1175555679194069e-11
35.00000000000003; 1.3662780811885116e-11
35.10000000000003; 1.6667257320757974e-11
35.20000000000003; 2.028882892188634e-11
35.30000000000003; 2.4645075373702255e-11
35.400000000000034; 2.9874179166515514e-11
35.50000000000003; 3.613820717867931e-11
35.60000000000003; 4.362685983249323e-11
35.70000000000003; 5.256174587182937e-11
35.80000000000003; 6.320124693361449e-11
35.900000000000034; 7.584604261944873e-11
36.00000000000003; 9.08453738144906e-11
36.10000000000003; 1.0860412957094054e-10
36.20000000000003; 1.29590850993647e-10
36.30000000000003; 1.5434675425691438e-10
36.400000000000034; 1.8349588416317755e-10
36.50000000000003; 2.1775651954415647e-10
36.60000000000003; 2.5795396231959e-10
36.70000000000003; 3.0503485318256296e-10
36.80000000000003; 3.600831686855635e-10
36.900000000000034; 4.2433806696865875e-10
37.00000000000003; 4.992137625085888e-10
37.10000000000003; 5.86321624077453e-10
37.20000000000003; 6.874947045887154e-10
37.30000000000003; 8.048149266696361e-10
37.400000000000034; 9.40643163632949e-10
37.500000000000036; 1.0976524720140583e-09
37.60000000000003; 1.2788647489879194e-09
37.70000000000003; 1.4876911057528927e-09
37.80000000000003; 1.7279762663659187e-09
37.900000000000034; 2.004047320488462e-09
38.000000000000036; 2.320767178046009e-09
38.10000000000003; 2.6835930938671047e-09
38.20000000000003; 3.0986406509204686e-09
38.30000000000003; 3.5727536117689438e-09
38.400000000000034; 4.113580069247026e-09
38.500000000000036; 4.729655349117525e-09
38.60000000000004; 5.430492139474827e-09
38.70000000000003; 6.226678343931926e-09
38.80000000000003; 7.129983178016503e-09
38.900000000000034; 8.153472050724292e-09
39.000000000000036; 9.311630795671348e-09
39.10000000000004; 1.0620499838746917e-08
39.20000000000003; 1.209781891145284e-08
39.30000000000003; 1.376318294119819e-08
39.400000000000034; 1.5638209771524193e-08
39.500000000000036; 1.7746720386579025e-08
39.60000000000004; 2.0114932334949157e-08
39.70000000000003; 2.2771667068123515e-08
39.80000000000003; 2.5748571928383662e-08
39.900000000000034; 2.908035753950086e-08
40.000000000000036; 3.280502184861713e-08
40.10000000000004; 3.6961861642590364e-08
40.20000000000003; 4.15981671284048e-08
40.30000000000003; 4.676352970410945e-08
40.400000000000034; 5.2512040796452004e-08
40.500000000000036; 5.890263778558776e-08
40.60000000000004; 6.599947102960183e-08
40.70000000000004; 7.387229285404733e-08
40.80000000000003; 8.259686937918783e-08
40.900000000000034; 9.225541606286933e-08
41.000000000000036; 1.029370578408635e-07
41.10000000000004; 1.1473831474792503e-07
41.20000000000004; 1.2776361390244328e-07
41.30000000000003; 1.421258287351377e-07
41.400000000000034; 1.5794684633734085e-07
41.500000000000036; 1.7535816379730397e-07
41.60000000000004; 1.9450151438396492e-07
41.70000000000004; 2.1552952442512014e-07
41.80000000000004; 2.386064017134596e-07
41.900000000000034; 2.6390865625676383e-07
42.000000000000036; 2.9162585416911343e-07
42.10000000000004; 3.21961405478768e-07
42.20000000000004; 3.5513338660336405e-07
42.30000000000004; 3.913753982160356e-07
42.400000000000034; 4.3093745919746685e-07
42.500000000000036; 4.74086937334727e-07
42.60000000000004; 5.211095173953081e-07
42.70000000000004; 5.723102071654511e-07
42.80000000000004; 6.280143820027351e-07
42.900000000000034; 6.885688684109954e-07
43.000000000000036; 7.543430670994377e-07
43.10000000000004; 8.257301159419517e-07
43.20000000000004; 9.031480932018587e-07
43.30000000000004; 9.87041261336042e-07
43.400000000000034; 1.0778813516382564e-06
43.500000000000036; 1.1761688899243245e-06
43.60000000000004; 1.2824345634054619e-06
43.70000000000004; 1.3972406288335845e-06
43.80000000000004; 1.5211823619416872e-06
43.90000000000004; 1.654889548138475e-06
44.000000000000036; 1.7990280143517605e-06
44.10000000000004; 1.954301201845928e-06
44.20000000000004; 2.1214517797730646e-06
44.30000000000004; 2.3012632991483784e-06
44.40000000000004; 2.4945618868666416e-06
44.500000000000036; 2.702217979308455e-06
44.60000000000004; 2.9251480950125444e-06
44.70000000000004; 3.1643166458157394e-06
44.80000000000004; 3.4207377857901812e-06
44.90000000000004; 3.6954772972348582e-06
45.00000000000004; 3.989654512902815e-06
45.10000000000004; 4.30444427357371e-06
45.20000000000004; 4.641078920005249e-06
45.30000000000004; 5.000850318228344e-06
45.40000000000004; 5.385111917071949e-06
45.50000000000004; 5.795280836737019e-06
45.60000000000004; 6.232839987166841e-06
45.70000000000004; 6.699340214886642e-06
45.80000000000004; 7.1964024769190844e-06
45.90000000000004; 7.725720040321002e-06
46.00000000000004; 8.289060705802006e-06
46.10000000000004; 8.888269053846204e-06
46.20000000000004; 9.525268711670305e-06
46.30000000000004; 1.020206463930842e-05
46.40000000000004; 1.0920745433042242e-05
46.50000000000004; 1.168348564434819e-05
46.60000000000004; 1.2492548112471297e-05
46.70000000000004; 1.3350286308685775e-05
46.80000000000004; 1.4259146690249164e-05
46.90000000000004; 1.5221671062015718e-05
47.00000000000004; 1.6240498943624416e-05
47.100000000000044; 1.7318369940139997e-05
47.20000000000004; 1.8458126113972762e-05
47.30000000000004; 1.9662714355897663e-05
47.40000000000004; 2.093518875291451e-05
47.50000000000004; 2.2278712950706812e-05
47.600000000000044; 2.36965625084047e-05
47.70000000000004; 2.519212724332664e-05
47.80000000000004; 2.6768913563389687e-05
47.90000000000004; 2.8430546784816843e-05
48.00000000000004; 3.0180773432789635e-05
48.100000000000044; 3.20234635226626e-05
48.200000000000045; 3.396261281937659e-05
48.30000000000004; 3.600234507266766e-05
48.40000000000004; 3.8146914225695165e-05
48.50000000000004; 4.040070659470593e-05
48.600000000000044; 4.2768243017370395e-05
48.700000000000045; 4.525418096741432e-05
48.80000000000004; 4.7863316633201984e-05
48.90000000000004; 5.060058695793311e-05
49.00000000000004; 5.3471071639141115e-05
49.100000000000044; 5.647999508522128e-05
49.200000000000045; 5.963272832667823e-05
49.30000000000004; 6.293479087991899e-05
49.40000000000004; 6.639185256134827e-05
49.50000000000004; 7.000973524959104e-05
49.600000000000044; 7.379441459378779e-05
49.700000000000045; 7.775202166575945e-05
49.80000000000004; 8.188884455412641e-05
49.90000000000004; 8.621132989829716e-05
50.00000000000004; 9.072608436039638e-05
50.100000000000044; 9.544163596526378e-05
50.200000000000045; 0.00010036332836159546
50.30000000000005; 0.00010549824194076363
50.40000000000004; 0.0001108536404332673
50.50000000000004; 0.00011643695349551243
50.600000000000044; 0.00012225577771870038
50.700000000000045; 0.00012831787756128487
50.80000000000005; 0.00013463118620352853
50.90000000000004; 0.00014120380632275304
51.00000000000004; 0.00014804401078793525
51.100000000000044; 0.00015516024327240073
51.200000000000045; 0.00016256111878343828
51.30000000000005; 0.00017025542410771508
51.40000000000005; 0.0001782521181715132
51.50000000000004; 0.00018656033231472614
51.600000000000044; 0.0001951893704779299
51.700000000000045; 0.00020414870930155865
51.80000000000005; 0.00021344799813659244
51.90000000000005; 0.00022309705896613128
52.00000000000004; 0.00023310588623721252
52.100000000000044; 0.00024348464660257937
52.200000000000045; 0.00025424367857188176
52.30000000000005; 0.0002653934920720729
52.40000000000005; 0.00027694476791680696
52.50000000000004; 0.0002889083571847053
52.600000000000044; 0.00030129528050637196
52.700000000000045; 0.00031411672726027655
52.80000000000005; 0.0003273840546776793
52.90000000000005; 0.0003411087868565676
53.00000000000004; 0.00035530261368511303
53.100000000000044; 0.00036997738967489116
53.200000000000045; 0.00038514513270430126
53.30000000000005; 0.0004008180226727161
53.40000000000005; 0.000417008400065916
53.50000000000005; 0.0004337287644334853
53.600000000000044; 0.0004509917727789616
53.700000000000045; 0.0004688102378632862
53.80000000000005; 0.0004871971264228208
53.90000000000005; 0.0005061655573025378
54.00000000000005; 0.0005257287995055451
54.100000000000044; 0.0005459002701598982
54.200000000000045; 0.000566693532404084
54.30000000000005; 0.0005881222931920194
54.40000000000005; 0.0006102004010190577
54.50000000000005; 0.0006329418435703702
54.60000000000005; 0.0006563607452927103
54.700000000000045; 0.0006804713648914912
54.80000000000005; 0.0007052880927542409
54.90000000000005; 0.0007308254483020881
55.00000000000005; 0.0007570980772710459
55.10000000000005; 0.0007841207489242485
55.200000000000045; 0.0008119083531973717
55.30000000000005; 0.0008404758977785618
55.40000000000005; 0.0008698385051245425
55.50000000000005; 0.000900011409415189
55.60000000000005; 0.0009310099534478279
55.700000000000045; 0.0009628495854733098
55.80000000000005; 0.0009955458559758738
55.90000000000005; 0.001029114414398627
56.00000000000005; 0.0010635710058163217
56.10000000000005; 0.0010989314675580429
56.200000000000045; 0.0011352117257808043
56.30000000000005; 0.001172427791997222
56.40000000000005; 0.001210595759558162
56.50000000000005; 0.0012497318000933113
56.60000000000005; 0.0012898521599110523
56.70000000000005; 0.001330973156360333
56.80000000000005; 0.0013731111741559414
56.90000000000005; 0.0014162826616696048
57.00000000000005; 0.0014605041271894032
57.10000000000005; 0.0015057921351487506
57.20000000000005; 0.0015521633023275311
57.30000000000005; 0.0015996342940278103
57.40000000000005; 0.0016482218202253625
57.50000000000005; 0.001697942631699658
57.60000000000005; 0.001748813516144909
57.70000000000005; 0.0018008512942627299
57.800000000000054; 0.0018540728158402235
57.90000000000005; 0.0019084949558144928
58.00000000000005; 0.0019641346103255433
58.10000000000005; 0.002021008692760826
58.20000000000005; 0.002079134129791608
58.300000000000054; 0.0021385278574048375
58.40000000000005; 0.002199206816931724
58.50000000000005; 0.0022611879510749714
58.60000000000005; 0.0023244881999365083
58.70000000000005; 0.0023891244970488256
58.800000000000054; 0.002455113765409548
58.90000000000005; 0.0025224729135237918
59.00000000000005; 0.002591218831453851
59.10000000000005; 0.002661368386879778
59.20000000000005; 0.0027329384211714682
59.300000000000054; 0.002805945745474816
59.40000000000005; 0.002880407136813068
59.50000000000005; 0.002956339334205789
59.60000000000005; 0.0030337590348065145
59.70000000000005; 0.0031126828900609337
59.800000000000054; 0.003193127501887562
59.900000000000055; 0.0032751094188822336
60.00000000000005; 0.003358645132547215
60.10000000000005; 0.0034437356994823577
60.20000000000005; 0.0035304123065383057
60.300000000000054; 0.0036186912881679637
60.400000000000055; 0.0037085889086143626
60.50000000000005; 0.003800121359801934
60.60000000000005; 0.0038933047578223437
60.70000000000005; 0.003988155139455439
60.800000000000054; 0.004084688458725065
60.900000000000055; 0.00418292058349258
61.00000000000006; 0.004282867292087396
61.10000000000005; 0.0043845442699771585
61.20000000000005; 0.004487967106477888
61.300000000000054; 0.004593151291505422
61.400000000000055; 0.004700112212368423
61.50000000000006; 0.004808865150605889
61.60000000000005; 0.004919425278867154
61.70000000000005; 0.005031807657837758
61.800000000000054; 0.005146027233211064
61.900000000000055; 0.005262098832706906
62.00000000000006; 0.005380037163136136
62.10000000000005; 0.005499856807515632
62.20000000000005; 0.005621572222230356
62.300000000000054; 0.005745197734245616
62.400000000000055; 0.005870747538370262
62.50000000000006; 0.005998235694568995
62.60000000000005; 0.006127676125328213
62.70000000000005; 0.006259082613071957
62.800000000000054; 0.006392468797631124
62.900000000000055; 0.006527848173766045
63.00000000000006; 0.006665234088740915
63.10000000000006; 0.006804639739953721
63.20000000000005; 0.006946078172618864
63.300000000000054; 0.007089562277504822
63.400000000000055; 0.0072351047887269085
63.50000000000006; 0.0073827182815944204
63.60000000000006; 0.007532415170512604
63.70000000000005; 0.007684207706941738
63.800000000000054; 0.00783810797741022
63.900000000000055; 0.007994127901583659
64.00000000000006; 0.008152279230391168
64.10000000000005; 0.00831257354420585
64.20000000000006; 0.008475022251082215
64.30000000000005; 0.008639636585050195
64.40000000000006; 0.008806427604464132
64.50000000000006; 0.008975406190408259
64.60000000000005; 0.009146583045158863
64.70000000000006; 0.009319968690701032
64.80000000000005; 0.009495573467302391
64.90000000000006; 0.009673407532142936
65.00000000000006; 0.009853480857997638
65.10000000000005; 0.010035803231979072
65.20000000000006; 0.010220384254330497
65.30000000000005; 0.010407233337276998
65.40000000000006; 0.010596359703931154
65.50000000000006; 0.0107877723872509
65.60000000000005; 0.010981480229054746
65.70000000000006; 0.011177491879088987
65.80000000000005; 0.011375815794148326
65.90000000000006; 0.011576460237250948
66.00000000000006; 0.011779433276866475
66.10000000000005; 0.011984742786194501
66.20000000000006; 0.012192396442498166
66.30000000000005; 0.012402401726487317
66.40000000000006; 0.012614765921753809
66.50000000000006; 0.012829496114257507
66.60000000000005; 0.01304659919186285
66.70000000000006; 0.013266081843926077
66.80000000000005; 0.013487950560929756
66.90000000000006; 0.01371221163416976
67.00000000000006; 0.013938871155486133
67.10000000000007; 0.014167935017047873
67.20000000000006; 0.014399408911178597
67.30000000000005; 0.01463329833023525
67.40000000000006; 0.014869608566527845
67.50000000000006; 0.015108344712289754
67.60000000000007; 0.015349511659689228
67.70000000000006; 0.015593114100887946
67.80000000000005; 0.0158391565281433
67.90000000000006; 0.01608764323395403
68.00000000000006; 0.0163385783112475
68.10000000000007; 0.016591965653611276
68.20000000000006; 0.016847808955565223
68.30000000000005; 0.017106111712874454
68.40000000000006; 0.017366877222903462
68.50000000000006; 0.01763010858500945
68.60000000000007; 0.017895808700974975
68.70000000000006; 0.018163980275478678
68.80000000000005; 0.018434625816604603
68.90000000000006; 0.018707747636388668
69.00000000000006; 0.018983347851400403
69.10000000000007; 0.019261428383362166
69.20000000000006; 0.01954199095980291
69.30000000000005; 0.019825037114746986
69.40000000000006; 0.02011056818943486
69.50000000000006; 0.02039858533308039
69.60000000000007; 0.020689089503658283
69.70000000000006; 0.02098208146872411
69.80000000000007; 0.021277561806265492
69.90000000000006; 0.021575530905584252
70.00000000000006; 0.021875988968208165
70.10000000000007; 0.02217893600883147
70.20000000000006; 0.022484371856285913
70.30000000000007; 0.022792296154537418
70.40000000000006; 0.023102708363710273
70.50000000000006; 0.023415607761140694
70.60000000000007; 0.023730993442452216
70.70000000000006; 0.024048864322660984
70.80000000000007; 0.024369219137299836
70.90000000000006; 0.024692056443573376
71.00000000000006; 0.02501737462153041
71.10000000000007; 0.02534517187526288
71.20000000000006; 0.02567544623412516
71.30000000000007; 0.026008195553975023
71.40000000000006; 0.02634341751843548
71.50000000000006; 0.026681109640178103
71.60000000000007; 0.027021269262223462
71.70000000000006; 0.0273638935592632
71.80000000000007; 0.02770897953899811
71.90000000000006; 0.028056524043494985
72.00000000000006; 0.028406523750560894
72.10000000000007; 0.028758975175134795
72.20000000000006; 0.029113874670691854
72.30000000000007; 0.029471218430667613
72.40000000000006; 0.02983100248989144
72.50000000000006; 0.030193222726042034
72.60000000000007; 0.030557874861106383
72.70000000000006; 0.030924954462862333
72.80000000000007; 0.03129445694636517
72.90000000000006; 0.03166637757545103
73.00000000000006; 0.0320407114642503
73.10000000000007; 0.03241745357871076
73.20000000000006; 0.03279659873813425
73.30000000000007; 0.033178141616718906
73.40000000000006; 0.033562076745114584
73.50000000000007; 0.03394839851198432
73.60000000000007; 0.03433710116557443
73.70000000000006; 0.03472817881529503
73.80000000000007; 0.03512162543330372
73.90000000000006; 0.035517434856099865
74.00000000000007; 0.03591560078612242
74.10000000000007; 0.036316116793353885
74.20000000000006; 0.0367189763169322
74.30000000000007; 0.03712417266676411
74.40000000000006; 0.03753169902514625
74.50000000000007; 0.03794154844838591
74.60000000000007; 0.03835371386843059
74.70000000000006; 0.038768188094497454
74.80000000000007; 0.039184963814703974
74.90000000000006; 0.03960403359770605
75.00000000000007; 0.040025389894333824
75.10000000000007; 0.04044902503922927
75.20000000000006; 0.04087493125248717
75.30000000000007; 0.04130310064129378
75.40000000000006; 0.041733525201568825
75.50000000000007; 0.04216619681960534
75.60000000000007; 0.04260110727370959
75.70000000000006; 0.043038248235839835
75.80000000000007; 0.04347761127324656
75.90000000000006; 0.04391918785010487
76.00000000000007; 0.0443629693291554
76.10000000000007; 0.04480894697332968
76.20000000000007; 0.04525711194738722
76.30000000000007; 0.045707455319536454
76.40000000000006; 0.046159968063064896
76.50000000000007; 0.04661464105795499
76.60000000000007; 0.04707146509250309
76.70000000000007; 0.04753043086493285
76.80000000000007; 0.04799152898500294
76.90000000000006; 0.048454749975611694
77.00000000000007; 0.04892008427439683
77.10000000000007; 0.0493875222353258
77.20000000000007; 0.04985705413029055
77.30000000000007; 0.05032867015068624
77.40000000000006; 0.05080236040898806
77.50000000000007; 0.051278114940326074
77.60000000000007; 0.051755923704044485
77.70000000000007; 0.052235776585265035
77.80000000000007; 0.05271766339643365
77.90000000000006; 0.05320157387886771
78.00000000000007; 0.053687497704290904
78.10000000000007; 0.05417542447636471
78.20000000000007; 0.05466534373220751
78.30000000000007; 0.05515724494391088
78.40000000000006; 0.05565111752004501
78.50000000000007; 0.05614695080715528
78.60000000000007; 0.05664473409125293
78.70000000000007; 0.0571444565992942
78.80000000000007; 0.057646107500655644
78.90000000000006; 0.0581496759085919
79.00000000000007; 0.05865515088169542
79.10000000000007; 0.05916252142533794
79.20000000000007; 0.059671776493107107
79.30000000000007; 0.06018290498823174
79.40000000000006; 0.06069589576500038
79.50000000000007; 0.061210737630166254
79.60000000000007; 0.06172741934434369
79.70000000000007; 0.06224592962339829
79.80000000000007; 0.06276625713982019
79.90000000000008; 0.06328839052409087
80.00000000000007; 0.0638123183660442
80.10000000000007; 0.06433816234151601
80.20000000000007; 0.06486578073564021
80.30000000000007; 0.06539515996418542
80.40000000000008; 0.06592628835329178
80.50000000000007; 0.06645915419371456
80.60000000000007; 0.06699374574214001
80.70000000000007; 0.06753005122249436
80.80000000000007; 0.06806805882723536
80.90000000000008; 0.06860775671863792
81.00000000000007; 0.06914913303006653
81.10000000000007; 0.06969217586723525
81.20000000000007; 0.07023687330946186
81.30000000000007; 0.07078321341090324
81.40000000000008; 0.07133118420178486
81.50000000000007; 0.0718807736896201
81.60000000000007; 0.07243196986041034
81.70000000000007; 0.07298476067984161
81.80000000000007; 0.07353913409446595
81.90000000000008; 0.07409507803287531
82.00000000000007; 0.07465258040685493
82.10000000000007; 0.07521162911253516
82.20000000000007; 0.07577221203152787
82.30000000000007; 0.07633431703204648
82.40000000000008; 0.07689793197002434
82.50000000000007; 0.07746304469021086
82.60000000000008; 0.0780296430272645
82.70000000000007; 0.07859771480682846
82.80000000000007; 0.07916724784659711
82.90000000000008; 0.07973822995736972
83.00000000000007; 0.08031064894409365
83.10000000000008; 0.08088449260689744
83.20000000000007; 0.08145974874210435
83.30000000000007; 0.08203640514324584
83.40000000000008; 0.08261444960205228
83.50000000000007; 0.0831938699094408
83.60000000000008; 0.08377465385648634
83.70000000000007; 0.08435678923538241
83.80000000000007; 0.0849402638403887
83.90000000000008; 0.08552506546877156
84.00000000000007; 0.08611118192172777
84.10000000000008; 0.08669860100529922
84.20000000000007; 0.08728731053127556
84.30000000000007; 0.08787729831808816
84.40000000000008; 0.08846855219168456
84.50000000000007; 0.08906105998640076
84.60000000000008; 0.0896548095458185
84.70000000000007; 0.09024978872360909
84.80000000000007; 0.09084598538436654
84.90000000000008; 0.09144338740443342
85.00000000000007; 0.09204198267270934
85.10000000000008; 0.09264175909145711
85.20000000000007; 0.09324270457708192
85.30000000000007; 0.09384480706092033
85.40000000000008; 0.09444805448999948
85.50000000000007; 0.09505243482779625
85.60000000000008; 0.09565793605498475
85.70000000000007; 0.09626454617016318
85.80000000000007; 0.09687225319058383
85.90000000000008; 0.09748104515286245
86.00000000000007; 0.09809091011368093
86.10000000000008; 0.09870183615047609
86.20000000000007; 0.09931381136212265
86.30000000000008; 0.09992682386960036
86.40000000000008; 0.10054086181665586
86.50000000000007; 0.10115591337044759
86.60000000000008; 0.10177196672218682
86.70000000000007; 0.10238901008776517
86.80000000000008; 0.10300703170837192
86.90000000000008; 0.10362601985109801
87.00000000000007; 0.1042459628095395
87.10000000000008; 0.10486684890437932
87.20000000000007; 0.10548866648396768
87.30000000000008; 0.10611140392488687
87.40000000000008; 0.1067350496325083
87.50000000000007; 0.10735959204154265
87.60000000000008; 0.10798501961657536
87.70000000000007; 0.10861132085259237
87.80000000000008; 0.10923848427550337
87.90000000000008; 0.10986649844264842
88.00000000000007; 0.11049535194329438
88.10000000000008; 0.1111250333991309
88.20000000000007; 0.11175553146474448
88.30000000000008; 0.11238683482809313
88.40000000000008; 0.11301893221097159
88.50000000000007; 0.11365181236945629
88.60000000000008; 0.11428546409435839
88.70000000000007; 0.11491987621165196
88.80000000000008; 0.11555503758290568
88.90000000000008; 0.1161909371056939
89.00000000000009; 0.11682756371401344
89.10000000000008; 0.11746490637867507
89.20000000000007; 0.11810295410770386
89.30000000000008; 0.11874169594671379
89.40000000000008; 0.11938112097928784
89.50000000000009; 0.120021218327343
89.60000000000008; 0.12066197715148665
89.70000000000007; 0.1213033866513688
89.80000000000008; 0.12194543606602241
89.90000000000008; 0.12258811467419584
90.00000000000009; 0.12323141179468423
90.10000000000008; 0.12387531678663703
90.20000000000007; 0.12451981904988053
90.30000000000008; 0.1251649080252085
90.40000000000008; 0.12581057319468547
90.50000000000009; 0.12645680408193002
90.60000000000008; 0.12710359025239473
90.70000000000007; 0.1277509213136388
90.80000000000008; 0.12839878691559325
90.90000000000008; 0.12904717675081614
91.00000000000009; 0.12969608055474896
91.10000000000008; 0.13034548810595162
91.20000000000007; 0.1309953892263464
91.30000000000008; 0.13164577378144351
91.40000000000008; 0.13229663168056202
91.50000000000009; 0.13294795287704933
91.60000000000008; 0.13359972736848907
91.70000000000007; 0.13425194519690165
91.80000000000008; 0.13490459644894165
91.90000000000008; 0.13555767125608473
92.00000000000009; 0.1362111597948151
92.10000000000008; 0.13686505228679613
92.20000000000007; 0.13751933899904614
92.30000000000008; 0.13817401024409715
92.40000000000008; 0.13882905638015686
92.50000000000009; 0.1394844678112585
92.60000000000008; 0.14014023498740688
92.70000000000009; 0.14079634840471772
92.80000000000008; 0.1414527986055522
92.90000000000008; 0.14210957617864572
93.00000000000009; 0.1427666717592296
93.10000000000008; 0.1434240760291504
93.20000000000009; 0.14408177971697703
93.30000000000008; 0.14473977359810927
93.40000000000008; 0.1453980484948794
93.50000000000009; 0.14605659527664525
93.60000000000008; 0.14671540485988074
93.70000000000009; 0.14737446820826033
93.80000000000008; 0.148033776332741
93.90000000000008; 0.14869332029163104
94.00000000000009; 0.1493530911906667
94.10000000000008; 0.15001308018307102
94.20000000000009; 0.1506732784696174
94.30000000000008; 0.15133367729868027
94.40000000000008; 0.1519942679662889
94.50000000000009; 0.15265504181617456
94.60000000000008; 0.15331599023980236
94.70000000000009; 0.15397710467642117
94.80000000000008; 0.1546383766130814
94.90000000000008; 0.1552997975846741
95.00000000000009; 0.1559613591739453
95.10000000000008; 0.15662305301152252
95.20000000000009; 0.1572848707759213
95.30000000000008; 0.1579468041935647
95.40000000000009; 0.15860884503878075
95.50000000000009; 0.1592709851338097
95.60000000000008; 0.15993321634880284
95.70000000000009; 0.16059553060181472
95.80000000000008; 0.16125791985879498
95.90000000000009; 0.16192037613357507
96.00000000000009; 0.1625828914878483
96.10000000000008; 0.16324545803115412
96.20000000000009; 0.1639080679208525
96.30000000000008; 0.1645707133620925
96.40000000000009; 0.16523338660778386
96.50000000000009; 0.16589607995856492
96.60000000000008; 0.16655878576275596
96.70000000000009; 0.16722149641632866
96.80000000000008; 0.16788420436285237
96.90000000000009; 0.16854690209344908
97.00000000000009; 0.1692095821467444
97.10000000000008; 0.16987223710880836
97.20000000000009; 0.17053485961310416
97.30000000000008; 0.1711974423404208
97.40000000000009; 0.17185997801881667
97.50000000000009; 0.17252245942354758
97.60000000000008; 0.173184879376998
97.70000000000009; 0.17384723074861544
97.80000000000008; 0.17450950645482613
97.90000000000009; 0.17517169945896446
98.00000000000009; 0.17583380277119032
98.10000000000008; 0.17649580944840706
98.20000000000009; 0.17715771259417412
98.30000000000008; 0.17781950535862043
98.40000000000009; 0.17848118093835721
98.50000000000009; 0.1791427325763776
98.60000000000008; 0.1798041535619695
98.70000000000009; 0.18046543723061348
98.80000000000008; 0.18112657696388346
98.90000000000009; 0.18178756618934425
99.00000000000009; 0.18244839838044916
99.1000000000001; 0.1831090670564339
99.20000000000009; 0.1837695657822035
99.30000000000008; 0.18442988816822892
99.40000000000009; 0.1850900278704245
99.50000000000009; 0.18574997859004327
99.6000000000001; 0.18640973407355438
99.70000000000009; 0.1870692881125277
99.80000000000008; 0.18772863454351102
99.90000000000009; 0.188387767247907
100.00000000000009; 0.18904667551942478
100.1000000000001; 0.18970518066318595
100.20000000000009; 0.19036345397883092
100.30000000000008; 0.1910214895474851
100.40000000000009; 0.19167928149447647
100.50000000000009; 0.1923368239892007
100.6000000000001; 0.1929941112449818
100.70000000000009; 0.19365113751894153
100.80000000000008; 0.19430789711186
100.90000000000009; 0.194964384368031
101.00000000000009; 0.19562059367513088
101.1000000000001; 0.19627651946406544
101.20000000000009; 0.19693215620883278
101.30000000000008; 0.1975874984263794
101.40000000000009; 0.1982425406764484
101.50000000000009; 0.19889727756143752
101.6000000000001; 0.199551703726248
101.70000000000009; 0.2002058138581351
101.8000000000001; 0.2008596026865554
101.90000000000009; 0.20151306498302082
102.00000000000009; 0.20216619556093596
102.1000000000001; 0.20281898927545466
102.20000000000009; 0.20347144102331638
102.3000000000001; 0.204123545742694
102.40000000000009; 0.20477529841303577
102.50000000000009; 0.20542669405490752
102.6000000000001; 0.20607772772983285
102.70000000000009; 0.2067283945401374
102.8000000000001; 0.20737868962878175
102.90000000000009; 0.20802860817920243
103.00000000000009; 0.20867814541515567
103.1000000000001; 0.20932729660054308
103.20000000000009; 0.2099760570392577
103.3000000000001; 0.21062442207501508
103.40000000000009; 0.21127238709118912
103.50000000000009; 0.21191994751064508
103.6000000000001; 0.21256709879557656
103.70000000000009; 0.2132138364473349
103.8000000000001; 0.21386015600626238
103.90000000000009; 0.21450605305152454
104.00000000000009; 0.21515152320094247
104.1000000000001; 0.21579656211082124
104.20000000000009; 0.21644116547578418
104.3000000000001; 0.2170853290285969
104.40000000000009; 0.21772904854000077
104.50000000000009; 0.21837231981854438
104.6000000000001; 0.21901513871040226
104.70000000000009; 0.21965750109921692
104.8000000000001; 0.2202994029059116
104.90000000000009; 0.22094084008853251
105.00000000000009; 0.2215818086420627
105.1000000000001; 0.222222304598261
105.20000000000009; 0.22286232402547712
105.3000000000001; 0.2235018630284864
105.40000000000009; 0.22414091774831327
105.5000000000001; 0.22477948436205658
105.6000000000001; 0.22541755908271463
105.70000000000009; 0.22605513815901287
105.8000000000001; 0.22669221787522495
105.90000000000009; 0.22732879455100563
106.0000000000001; 0.22796486454120532
106.1000000000001; 0.22860042423570537
106.20000000000009; 0.22923547005923608
106.3000000000001; 0.22986999847120254
106.40000000000009; 0.23050400596551196
106.5000000000001; 0.23113748907039577
106.6000000000001; 0.23177044434823296
106.70000000000009; 0.23240286839537963
106.8000000000001; 0.23303475784199018
106.90000000000009; 0.23366610935183854
107.0000000000001; 0.2342969196221513
107.1000000000001; 0.23492718538342458
107.20000000000009; 0.2355569033992525
107.3000000000001; 0.23618607046614823
107.40000000000009; 0.23681468341337714
107.5000000000001; 0.23744273910276895
107.6000000000001; 0.23807023442855807
107.70000000000009; 0.2386971663171924
107.8000000000001; 0.2393235317271738
107.90000000000009; 0.23994932764887178
108.0000000000001; 0.24057455110435808
108.1000000000001; 0.24119919914722268
108.2000000000001; 0.24182326886241093
108.3000000000001; 0.24244675736604138
108.40000000000009; 0.24306966180523465
108.5000000000001; 0.24369197935794207
108.6000000000001; 0.24431370723276943
108.7000000000001; 0.2449348426688041
108.8000000000001; 0.24555538293544557
108.90000000000009; 0.24617532533223146
109.0000000000001; 0.24679466718866158
109.1000000000001; 0.24741340586403107
109.2000000000001; 0.2480315387472598
109.3000000000001; 0.2486490632567132
109.40000000000009; 0.24926597684003937
109.5000000000001; 0.24988227697399507
109.6000000000001; 0.25049796116427586
109.7000000000001; 0.25111302694534643
109.8000000000001; 0.25172747188026945
109.90000000000009; 0.25234129356053736
110.0000000000001; 0.2529544896059047
110.1000000000001; 0.2535670576642168
110.2000000000001; 0.25417899541124345
110.3000000000001; 0.2547903005505122
110.40000000000009; 0.2554009708131362
110.5000000000001; 0.25601100395765525
110.6000000000001; 0.2566203977698614
110.7000000000001; 0.257229150062635
110.8000000000001; 0.25783725867578217
110.90000000000009; 0.258444721475866
111.0000000000001; 0.25905153635604206
111.1000000000001; 0.2596577012358973
111.2000000000001; 0.2602632140612817
111.3000000000001; 0.2608680728041462
111.40000000000009; 0.2614722754623807
111.5000000000001; 0.2620758200596508
111.6000000000001; 0.26267870464523413
111.7000000000001; 0.26328092729386354
111.8000000000001; 0.2638824861055602
111.9000000000001; 0.264483379205475
112.0000000000001; 0.26508360474372966
112.1000000000001; 0.26568316089525806
112.2000000000001; 0.2662820458596411
112.3000000000001; 0.26688025786095576
112.4000000000001; 0.267477795147611
112.5000000000001; 0.26807465599219515
112.6000000000001; 0.26867083869131403
112.7000000000001; 0.2692663415654369
112.8000000000001; 0.2698611629587408
112.9000000000001; 0.2704553012389544
113.0000000000001; 0.271048754797203
113.1000000000001; 0.2716415220478517
113.2000000000001; 0.2722336014283602
113.3000000000001; 0.2728249913991175
113.4000000000001; 0.27341569044329705
113.5000000000001; 0.27400569706670397
113.6000000000001; 0.27459500979761936
113.7000000000001; 0.27518362718665484
113.8000000000001; 0.2757715478065972
113.9000000000001; 0.2763587702522598
114.0000000000001; 0.2769452931403379
114.1000000000001; 0.27753111510925155
114.2000000000001; 0.27811623481900394
114.3000000000001; 0.2787006509510305
114.4000000000001; 0.2792843622080553
114.5000000000001; 0.2798673673139413
114.60000000000011; 0.28044966501354535
114.7000000000001; 0.28103125407257223
114.8000000000001; 0.2816121332774334
114.9000000000001; 0.28219230143510055
115.0000000000001; 0.28277175737296095
115.10000000000011; 0.2833504999386765
115.2000000000001; 0.28392852800004054
115.3000000000001; 0.28450584044483684
115.4000000000001; 0.2850824361807
115.5000000000001; 0.28565831413497067
115.60000000000011; 0.2862334732545608
115.7000000000001; 0.2868079125058118
115.8000000000001; 0.2873816308743541
115.9000000000001; 0.28795462736497646
116.0000000000001; 0.2885269010014768
116.10000000000011; 0.28909845082653773
116.2000000000001; 0.2896692759015838
116.3000000000001; 0.29023937530664473
116.4000000000001; 0.2908087481402242
116.5000000000001; 0.2913773935191668
116.60000000000011; 0.29194531057851897
116.7000000000001; 0.2925124984713984
116.8000000000001; 0.2930789563688652
116.9000000000001; 0.29364468345978434
117.0000000000001; 0.2942096789506998
117.10000000000011; 0.29477394206569707
117.2000000000001; 0.29533747204628163
117.3000000000001; 0.29590026815124537
117.4000000000001; 0.29646232965653574
117.5000000000001; 0.29702365585513224
117.60000000000011; 0.29758424605691447
117.7000000000001; 0.2981440995885415
117.8000000000001; 0.29870321579331843
117.9000000000001; 0.2992615940310751
118.0000000000001; 0.29981923367804186
118.10000000000011; 0.30037613412672187
118.2000000000001; 0.3009322947857711
118.30000000000011; 0.30148771507987177
118.4000000000001; 0.30204239444961123
118.5000000000001; 0.3025963323513631
118.60000000000011; 0.30314952825716207
118.7000000000001; 0.30370198165458345
118.80000000000011; 0.304253692046625
118.9000000000001; 0.3048046589515882
119.0000000000001; 0.30535488190295873
119.10000000000011; 0.3059043604492847
119.2000000000001; 0.3064530941540676
119.30000000000011; 0.3070010825956341
119.4000000000001; 0.30754832536703125
119.5000000000001; 0.308094822075902
119.60000000000011; 0.308640572344377
119.7000000000001; 0.30918557580895484
119.80000000000011; 0.30972983212038985
119.9000000000001; 0.31027334094357967
120.0000000000001; 0.31081610195745435
120.10000000000011; 0.31135811485486087
120.2000000000001; 0.31189937934245193
120.30000000000011; 0.31243989514058024
120.4000000000001; 0.31297966198317967
120.5000000000001; 0.3135186796176669
120.60000000000011; 0.31405694780482135
120.7000000000001; 0.31459446631868265
120.80000000000011; 0.3151312349464457
120.9000000000001; 0.3156672534883445
121.00000000000011; 0.3162025217575568
121.10000000000011; 0.31673703958008587
121.2000000000001; 0.3172708067946691
121.30000000000011; 0.31780382325265977
121.4000000000001; 0.318336088817932
121.50000000000011; 0.31886760336677217
121.60000000000011; 0.31939836678778166
121.7000000000001; 0.3199283789817663
121.80000000000011; 0.32045763986164294
121.9000000000001; 0.3209861493523315
122.00000000000011; 0.3215139073906581
122.10000000000011; 0.32204091392525486
122.2000000000001; 0.322567168916458
122.30000000000011; 0.32309267233621364
122.4000000000001; 0.32361742416797235
122.50000000000011; 0.3241414244066003
122.60000000000011; 0.32466467305827384
122.7000000000001; 0.3251871701403871
122.80000000000011; 0.3257089156814561
122.9000000000001; 0.3262299097210234
123.00000000000011; 0.326750152309561
123.10000000000011; 0.3272696435083785
123.2000000000001; 0.3277883833895254
123.30000000000011; 0.3283063720357047
123.4000000000001; 0.3288236095401758
123.50000000000011; 0.32934009600665964
123.60000000000011; 0.3298558315492542
123.7000000000001; 0.33037081629233916
123.80000000000011; 0.3308850503704863
123.9000000000001; 0.3313985339283673
124.00000000000011; 0.3319112671206698
124.10000000000011; 0.33242325011200485
124.2000000000001; 0.3329344830768184
124.30000000000011; 0.3334449661993062
124.4000000000001; 0.33395469967332453
124.50000000000011; 0.33446368370230367
124.60000000000011; 0.334971918499163
124.70000000000012; 0.3354794042862258
124.80000000000011; 0.33598614129513305
124.9000000000001; 0.336492129766757
125.00000000000011; 0.3369973699511237
125.10000000000011; 0.33750186210732225
125.20000000000012; 0.33800560650342737
125.30000000000011; 0.3385086034164125
125.4000000000001; 0.33901085313207396
125.50000000000011; 0.3395123559449414
125.60000000000011; 0.34001311215820557
125.70000000000012; 0.3405131220836329
125.80000000000011; 0.3410123860414872
125.9000000000001; 0.34151090436044906
126.00000000000011; 0.34200867737753826
126.10000000000011; 0.3425057054380376
126.20000000000012; 0.3430019888954125
126.30000000000011; 0.34349752811123185
126.4000000000001; 0.3439923234550966
126.50000000000011; 0.3444863753045586
126.60000000000011; 0.34497968404504875
126.70000000000012; 0.3454722500697998
126.80000000000011; 0.3459640737797691
126.9000000000001; 0.3464551555835722
127.00000000000011; 0.3469454958973982
127.10000000000011; 0.347435095144945
127.20000000000012; 0.3479239537573442
127.30000000000011; 0.34841207217308695
127.40000000000012; 0.3488994508379528
127.50000000000011; 0.34938609020494066
127.60000000000011; 0.3498719907341942
127.70000000000012; 0.35035715289293445
127.80000000000011; 0.35084157715538744
127.90000000000012; 0.35132526400271835
128.0000000000001; 0.3518082139229573
128.1000000000001; 0.35229042741093564
128.2000000000001; 0.35277190496821415
128.30000000000013; 0.353252647103017
128.40000000000012; 0.3537326543301665
128.5000000000001; 0.3542119271710126
128.6000000000001; 0.354690466153368
128.7000000000001; 0.35516827181144506
128.80000000000013; 0.35564534468578535
128.90000000000012; 0.3561216853231986
129.0000000000001; 0.356597294276697
129.1000000000001; 0.3570721721054319
129.2000000000001; 0.3575463193746273
129.30000000000013; 0.3580197366555198
129.40000000000012; 0.35849242452529717
129.5000000000001; 0.358964383567029
129.6000000000001; 0.35943561436961263
129.7000000000001; 0.35990611752770996
129.80000000000013; 0.3603758936416806
129.90000000000012; 0.3608449433175285
130.0000000000001; 0.36131326716683787
130.1000000000001; 0.3617808658067171
130.2000000000001; 0.36224773985973263
130.30000000000013; 0.36271388995385634
130.40000000000012; 0.36317931672240533
130.5000000000001; 0.363644020803981
130.6000000000001; 0.36410800284241635
130.7000000000001; 0.36457126348671387
130.80000000000013; 0.365033803390993
130.90000000000012; 0.3654956232144278
131.0000000000001; 0.3659567236211966
131.1000000000001; 0.366417105280425
131.2000000000001; 0.3668767688661268
131.30000000000013; 0.3673357150571561
131.40000000000012; 0.3677939445371441
131.5000000000001; 0.3682514579944521
131.6000000000001; 0.3687082561221152
131.7000000000001; 0.36916433961778633
131.80000000000013; 0.36961970918369014
131.90000000000012; 0.3700743655265631
132.0000000000001; 0.37052830935760384
132.1000000000001; 0.3709815413924233
132.2000000000001; 0.37143406235099113
132.30000000000013; 0.3718858729575855
132.40000000000012; 0.3723369739407415
132.5000000000001; 0.3727873660332026
132.6000000000001; 0.3732370499718665
132.70000000000013; 0.37368602649774263
132.80000000000013; 0.37413429635589507
132.90000000000012; 0.37458186029539914
133.0000000000001; 0.37502871906929
133.1000000000001; 0.37547487343451597
133.20000000000013; 0.37592032415189064
133.30000000000013; 0.3763650719860443
133.40000000000012; 0.37680911770537756
133.5000000000001; 0.3772524620820141
133.6000000000001; 0.37769510589175487
133.70000000000013; 0.3781370499140329
133.80000000000013; 0.37857829493186385
133.90000000000012; 0.37901884173180567
134.0000000000001; 0.3794586911039096
134.1000000000001; 0.37989784384167646
134.20000000000013; 0.38033630074201497
134.30000000000013; 0.38077406260519087
134.40000000000012; 0.3812111302347927
134.5000000000001; 0.3816475044376803
134.6000000000001; 0.38208318602394614
134.70000000000013; 0.3825181758068694
134.80000000000013; 0.38295247460287735
134.90000000000012; 0.3833860832315009
135.0000000000001; 0.3838190025153318
135.1000000000001; 0.38425123327998356
135.20000000000013; 0.3846827763540504
135.30000000000013; 0.3851136325690615
135.40000000000012; 0.38554380275944894
135.5000000000001; 0.3859732877624989
135.6000000000001; 0.3864020884183171
135.70000000000013; 0.3868302055697896
135.80000000000013; 0.3872576400625373
135.90000000000012; 0.38768439274488453
136.0000000000001; 0.38811046446781716
136.1000000000001; 0.3885358560849415
136.20000000000013; 0.3889605684524506
136.30000000000013; 0.3893846024290846
136.40000000000012; 0.389807958876092
136.5000000000001; 0.39023063865719426
136.6000000000001; 0.3906526426385498
136.70000000000013; 0.39107397168871233
136.80000000000013; 0.3914946266786023
136.90000000000012; 0.39191460848146215
137.0000000000001; 0.3923339179728272
137.1000000000001; 0.39275255603048714
137.20000000000013; 0.39317052353445237
137.30000000000013; 0.39358782136691606
137.40000000000012; 0.3940044504122228
137.5000000000001; 0.39442041155683183
137.6000000000001; 0.3948357056892864
137.70000000000013; 0.3952503337001746
137.80000000000013; 0.39566429648209955
137.90000000000012; 0.39607759492964567
138.0000000000001; 0.3964902299393433
138.1000000000001; 0.3969022024096398
138.20000000000013; 0.3973135132408636
138.30000000000013; 0.39772416333519295
138.40000000000012; 0.3981341535966245
138.5000000000001; 0.3985434849309418
138.60000000000014; 0.39895215824568214
138.70000000000013; 0.39936017445010463
138.80000000000013; 0.3997675344551658
138.90000000000012; 0.4001742391734777
139.0000000000001; 0.4005802895192878
139.10000000000014; 0.4009856864084426
139.20000000000013; 0.40139043075836084
139.30000000000013; 0.40179452348800093
139.40000000000012; 0.40219796551783404
139.5000000000001; 0.4026007577698128
139.60000000000014; 0.4030029011673427
139.70000000000013; 0.40340439663525524
139.80000000000013; 0.4038052450997765
139.90000000000012; 0.40420544748850107
140.0000000000001; 0.40460500473036154
140.10000000000014; 0.40500391775560335
140.20000000000013; 0.4054021874957541
140.30000000000013; 0.4057998148836013
140.40000000000012; 0.4061968008531571
140.5000000000001; 0.40659314633964094
140.60000000000014; 0.4069888522794439
140.70000000000013; 0.40738391961010706
140.80000000000013; 0.4077783492702963
140.90000000000012; 0.40817214219977177
141.0000000000001; 0.40856529933936625
141.10000000000014; 0.4089578216309557
141.20000000000013; 0.40934971001743714
141.30000000000013; 0.40974096544270344
141.40000000000012; 0.4101315888516145
141.5000000000001; 0.41052158118997806
141.60000000000014; 0.41091094340451767
141.70000000000013; 0.41129967644285714
141.80000000000013; 0.41168778125348915
141.90000000000012; 0.4120752587857558
142.0000000000001; 0.41246210998982197
142.10000000000014; 0.4128483358166541
142.20000000000013; 0.4132339372179944
142.30000000000013; 0.413618915146341
142.40000000000012; 0.41400327055492026
142.5000000000001; 0.41438700439766996
142.60000000000014; 0.4147701176292101
142.70000000000013; 0.41515261120482627
142.80000000000013; 0.41553448608044624
142.90000000000012; 0.41591574321261426
143.0000000000001; 0.4162963835584732
143.10000000000014; 0.4166764080757421
143.20000000000013; 0.4170558177226938
143.30000000000013; 0.4174346134581352
143.40000000000012; 0.41781279624138423
143.5000000000001; 0.4181903670322513
143.60000000000014; 0.4185673267910166
143.70000000000013; 0.41894367647841013
143.80000000000013; 0.419319417055593
143.90000000000012; 0.41969454948413465
144.0000000000001; 0.42006907472599536
144.10000000000014; 0.4204429937435054
144.20000000000013; 0.42081630749934545
144.30000000000013; 0.42118901695652633
144.40000000000012; 0.4215611230783709
144.5000000000001; 0.42193262682849647
144.60000000000014; 0.4223035291707909
144.70000000000013; 0.4226738310693995
144.80000000000013; 0.42304353348870294
144.90000000000012; 0.42341263739330204
145.0000000000001; 0.42378114374799436
145.10000000000014; 0.4241490535177612
145.20000000000013; 0.42451636766774664
145.30000000000013; 0.42488308716324336
145.40000000000012; 0.42524921296966905
145.50000000000014; 0.42561474605255545
145.60000000000014; 0.42597968737752623
145.70000000000013; 0.4263440379102832
145.80000000000013; 0.42670779861658764
145.90000000000012; 0.4270709704622432
146.00000000000014; 0.42743355441308084
146.10000000000014; 0.42779555143494086
146.20000000000013; 0.4281569624936569
146.30000000000013; 0.42851778855504163
146.40000000000012; 0.4288780305848678
146.50000000000014; 0.4292376895488535
146.60000000000014; 0.42959676641264694
146.70000000000013; 0.42995526214181146
146.80000000000013; 0.4303131777018081
146.90000000000012; 0.43067051405798173
147.00000000000014; 0.431027272175546
147.10000000000014; 0.43138345301956604
147.20000000000013; 0.43173905755494835
147.30000000000013; 0.4320940867464213
147.40000000000012; 0.4324485415585236
147.50000000000014; 0.43280242295558746
147.60000000000014; 0.4331557319017251
147.70000000000013; 0.43350846936081877
147.80000000000013; 0.4338606362964974
147.90000000000012; 0.43421223367213396
148.00000000000014; 0.4345632624508212
148.10000000000014; 0.43491372359536556
148.20000000000013; 0.43526361806827085
148.30000000000013; 0.4356129468317237
148.40000000000012; 0.4359617108475837
148.50000000000014; 0.4363099110773657
148.60000000000014; 0.4366575484822303
148.70000000000013; 0.43700462402297147
148.80000000000013; 0.43735113866000186
148.90000000000012; 0.4376970933533384
149.00000000000014; 0.43804248906259524
149.10000000000014; 0.43838732674696695
149.20000000000013; 0.4387316073652173
149.30000000000013; 0.43907533187566977
149.40000000000012; 0.4394185012361899
149.50000000000014; 0.4397611164041792
149.60000000000014; 0.4401031783365614
149.70000000000013; 0.44044468798976816
149.80000000000013; 0.44078564631973294
149.90000000000012; 0.44112605428187424
150.00000000000014; 0.4414659128310879
150.10000000000014; 0.44180523035117597
150.20000000000013; 0.4421440004476547
150.30000000000013; 0.44248222395986825
150.40000000000012; 0.4428199018333715
150.50000000000014; 0.4431570350132039
150.60000000000014; 0.4434936244438857
150.70000000000013; 0.44382967106940174
150.80000000000013; 0.444165175833192
150.90000000000012; 0.4445001396781432
151.00000000000014; 0.44483456354657425
151.10000000000014; 0.4451684483802302
151.20000000000013; 0.4455017951202669
151.30000000000013; 0.44583460470724584
151.40000000000015; 0.4461668780811201
151.50000000000014; 0.44649861618122755
151.60000000000014; 0.4468298199462785
151.70000000000013; 0.4471604903143451
151.80000000000013; 0.447490628222855
151.90000000000015; 0.4478202346085813
152.00000000000014; 0.44814931040762734
152.10000000000014; 0.4484778565554247
152.20000000000013; 0.4488058739867214
152.30000000000013; 0.4491333636355705
152.40000000000015; 0.449460326435322
152.50000000000014; 0.4497867633186156
152.60000000000014; 0.45011267521737
152.70000000000013; 0.45043806306277634
152.80000000000013; 0.4507629277852843
152.90000000000015; 0.45108727031459994
153.00000000000014; 0.4514110915796736
153.10000000000014; 0.4517343925086903
153.20000000000013; 0.4520571740290644
153.30000000000013; 0.4523794370674304
153.40000000000015; 0.4527011825496327
153.50000000000014; 0.4530224114007212
153.60000000000014; 0.45334312454493964
153.70000000000013; 0.45366332290572103
153.80000000000013; 0.4539830074056748
153.90000000000015; 0.45430217896658787
154.00000000000014; 0.45462083850940505
154.10000000000014; 0.45493898695423374
154.20000000000013; 0.45525662522032634
154.30000000000013; 0.4555737542260802
154.40000000000015; 0.4558903748890252
154.50000000000014; 0.45620648812582004
154.60000000000014; 0.4565220948522435
154.70000000000013; 0.4568371959831861
154.80000000000013; 0.45715179243264675
154.90000000000015; 0.4574658851137225
155.00000000000014; 0.4577794749386042
155.10000000000014; 0.4580925628185653
155.20000000000013; 0.4584051496639626
155.30000000000013; 0.45871723638422296
155.40000000000015; 0.4590288238878396
155.50000000000014; 0.45933991308236516
155.60000000000014; 0.4596505048744077
155.70000000000013; 0.45996060016961915
155.80000000000013; 0.4602701998726953
155.90000000000015; 0.4605793048873638
156.00000000000014; 0.4608879161163841
156.10000000000014; 0.4611960344615356
156.20000000000013; 0.46150366082361677
156.30000000000013; 0.4618107961024348
156.40000000000015; 0.4621174411968048
156.50000000000014; 0.46242359700453867
156.60000000000014; 0.46272926442244544
156.70000000000013; 0.46303444434631985
156.80000000000013; 0.4633391376709404
156.90000000000015; 0.46364334529006407
157.00000000000014; 0.4639470680964192
157.10000000000014; 0.4642503069817014
157.20000000000013; 0.46455306283656866
157.30000000000013; 0.4648553365506336
157.40000000000015; 0.4651571290124632
157.50000000000014; 0.46545844110957024
157.60000000000014; 0.4657592737284073
157.70000000000013; 0.4660596277543653
157.80000000000013; 0.4663595040717684
157.90000000000015; 0.4666589035638654
158.00000000000014; 0.46695782711283035
158.10000000000014; 0.4672562755997538
158.20000000000013; 0.4675542499046388
158.30000000000015; 0.46785175090639974
158.40000000000015; 0.46814877948285516
158.50000000000014; 0.46844533651072146
158.60000000000014; 0.4687414228656139
158.70000000000013; 0.4690370394220379
158.80000000000015; 0.46933218705338564
158.90000000000015; 0.4696268666319352
159.00000000000014; 0.46992107902884145
159.10000000000014; 0.47021482511413526
159.20000000000013; 0.4705081057567197
159.30000000000015; 0.4708009218243651
159.40000000000015; 0.47109327418370367
159.50000000000014; 0.47138516370022987
159.60000000000014; 0.471676591238294
159.70000000000013; 0.47196755766109544
159.80000000000015; 0.47225806383068736
159.90000000000015; 0.47254811060796525
160.00000000000014; 0.47283769885266735
