energy (keV); transmission
1.0; 0.0
1.1; 0.0
1.2000000000000002; 0.0
1.3000000000000003; 0.0
1.4000000000000004; 0.0
1.5000000000000004; 0.0
1.6000000000000005; 0.0
1.7000000000000006; 0.0
1.8000000000000007; 0.0
1.9000000000000008; 0.0
2.000000000000001; 0.0
2.100000000000001; 0.0
2.200000000000001; 0.0
2.300000000000001; 0.0
2.4000000000000012; 0.0
2.5000000000000013; 0.0
2.6000000000000014; 0.0
2.7000000000000015; 0.0
2.8000000000000016; 0.0
2.9000000000000017; 0.0
3.0000000000000018; 0.0
3.100000000000002; 0.0
3.200000000000002; 0.0
3.300000000000002; 0.0
3.400000000000002; 0.0
3.500000000000002; 0.0
3.6000000000000023; 0.0
3.7000000000000024; 0.0
3.8000000000000025; 0.0
3.9000000000000026; 0.0
4.000000000000003; 0.0
4.100000000000003; 0.0
4.200000000000003; 0.0
4.3000000000000025; 0.0
4.400000000000003; 0.0
4.5000000000000036; 0.0
4.600000000000003; 0.0
4.700000000000003; 0.0
4.800000000000003; 0.0
4.900000000000004; 0.0
5.0000000000000036; 0.0
5.100000000000003; 3.85e-322
5.200000000000004; 7.823440016373092e-306
5.300000000000004; 1.4292239384790836e-290
5.400000000000004; 2.7736480091151566e-276
5.5000000000000036; 6.651155902588437e-263
5.600000000000004; 2.2677944909724397e-250
5.700000000000005; 1.2536952949407421e-238
5.800000000000004; 1.2710403612109717e-227
5.900000000000004; 2.6528383060801388e-217
6.000000000000004; 0.0
6.100000000000005; 0.0
6.200000000000005; 0.0
6.300000000000004; 0.0
6.400000000000005; 2.964e-321
6.500000000000005; 2.33902324399953e-310
6.600000000000005; 2.983868840044567e-299
6.700000000000005; 4.846060790744677e-288
6.800000000000005; 7.114610163844136e-277
6.900000000000006; 7.352905671661202e-266
7.000000000000005; 4.350554684221862e-255
7.100000000000005; 1.2489959513594355e-244
7.2000000000000055; 0.0
7.300000000000006; 0.0
7.400000000000006; 2.0015e-320
7.500000000000005; 2.4912162596436325e-308
7.600000000000006; 7.824763167183311e-297
7.700000000000006; 6.316921712912827e-286
7.800000000000006; 1.3494643769417061e-275
7.900000000000006; 7.915279382454391e-266
8.000000000000007; 1.329749485286418e-256
8.100000000000007; 7.122956782855316e-248
8.200000000000006; 1.263380674947191e-239
8.300000000000006; 8.143604174488173e-232
8.400000000000006; 0.0
8.500000000000007; 0.0
8.600000000000007; 0.0
8.700000000000006; 0.0
8.800000000000008; 0.0
8.900000000000007; 0.0
9.000000000000007; 0.0
9.100000000000007; 0.0
9.200000000000006; 0.0
9.300000000000008; 0.0
9.400000000000007; 0.0
9.500000000000007; 0.0
9.600000000000009; 0.0
9.700000000000008; 0.0
9.800000000000008; 0.0
9.900000000000007; 5.005e-321
10.000000000000007; 7.0514201398e-313
10.100000000000009; 5.523847875510649e-305
10.200000000000008; 2.434327523972673e-297
10.300000000000008; 6.161241808036677e-290
10.40000000000001; 9.13577830951688e-283
10.500000000000009; 8.089401180365514e-276
10.600000000000009; 4.356805100019751e-269
10.700000000000008; 1.4527214636192443e-262
10.800000000000008; 3.050327223013036e-256
10.90000000000001; 4.099821793493501e-250
11.000000000000009; 3.5831978810262064e-244
11.100000000000009; 2.0674518752047417e-238
11.20000000000001; 7.990598477551515e-233
11.30000000000001; 2.0978852575027211e-227
11.40000000000001; 3.792190488563844e-222
11.500000000000009; 4.78111681861786e-217
11.600000000000009; 4.257064998881044e-212
11.70000000000001; 2.709183345435338e-207
11.80000000000001; 1.2465848777855046e-202
11.90000000000001; 4.193525539293536e-198
12.00000000000001; 1.0424310759532043e-193
12.10000000000001; 1.9345852909987258e-189
12.20000000000001; 2.7070413901217963e-185
12.30000000000001; 2.883375605183567e-181
12.40000000000001; 2.359309396303232e-177
12.50000000000001; 1.4961506984414421e-173
12.60000000000001; 7.415820787706489e-170
12.70000000000001; 2.896584287863782e-166
12.800000000000011; 8.986160297735109e-163
12.900000000000011; 2.2310781370118875e-159
13.00000000000001; 4.465583484552729e-156
13.10000000000001; 7.25634718931768e-153
13.20000000000001; 9.637755836732954e-150
13.300000000000011; 1.0531394266164797e-146
13.400000000000011; 9.527493505224899e-144
13.50000000000001; 7.179361128001051e-141
13.600000000000012; 4.532558948785382e-138
13.700000000000012; 2.4109945685404882e-135
13.800000000000011; 1.0864273710893827e-132
13.900000000000011; 4.168971183291673e-130
14.00000000000001; 1.369214842014261e-127
14.100000000000012; 3.867599660607203e-125
14.200000000000012; 9.440093494451936e-123
14.300000000000011; 2.0000528482656626e-120
14.400000000000013; 3.694309126394626e-118
14.500000000000012; 5.974218703330678e-116
14.600000000000012; 8.492793755328418e-114
14.700000000000012; 1.0654803590788534e-111
14.800000000000011; 1.1841597913656786e-109
14.900000000000013; 1.1701263469582076e-107
15.000000000000012; 1.0316813426428016e-105
15.100000000000012; 8.161821119584741e-104
15.200000000000014; 5.800642743553953e-102
15.300000000000013; 3.715979036135021e-100
15.400000000000013; 2.1527006032068135e-98
15.500000000000012; 1.1312507863701831e-96
15.600000000000012; 5.4087833121986896e-95
15.700000000000014; 2.3597034211240974e-93
15.800000000000013; 9.419708824180467e-92
15.900000000000013; 3.4498500235858262e-90
16.000000000000014; 1.1621533614759352e-88
16.100000000000016; 3.6099747811880847e-87
16.200000000000014; 1.0364786347493161e-85
16.30000000000001; 2.756973502874519e-84
16.400000000000013; 6.809036911450417e-83
16.500000000000014; 1.5647687982932074e-81
16.600000000000016; 3.3529243837425122e-80
16.700000000000014; 6.712320207234643e-79
16.800000000000015; 1.257861912920243e-77
16.900000000000013; 2.2106083595299484e-76
17.000000000000014; 3.6499640917905354e-75
17.100000000000016; 5.671737292878337e-74
17.200000000000014; 8.30848036575813e-73
17.300000000000015; 1.1492322168392285e-71
17.400000000000013; 1.5033284419226522e-70
17.500000000000014; 1.8625863550334635e-69
17.600000000000016; 2.188921933538055e-68
17.700000000000014; 2.443483557042789e-67
17.800000000000015; 2.594464766672353e-66
17.900000000000016; 2.6237350130423394e-65
18.000000000000014; 2.530358652273732e-64
18.100000000000016; 2.330088150583134e-63
18.200000000000017; 2.051218160847183e-62
18.300000000000015; 1.7282443437662425e-61
18.400000000000016; 1.3952141829517268e-60
18.500000000000014; 1.0804195083374603e-59
18.600000000000016; 8.033750823936954e-59
18.700000000000017; 5.741998998815805e-58
18.800000000000015; 3.9487297550333856e-57
18.900000000000016; 2.6152836878796886e-56
19.000000000000014; 3.942223490130082e-62
19.100000000000016; 2.9520559072137656e-61
19.200000000000017; 2.127434930779352e-60
19.300000000000015; 1.4769141090220458e-59
19.400000000000016; 9.886147996165443e-59
19.500000000000018; 6.386528425451873e-58
19.600000000000016; 3.985191445095259e-57
19.700000000000017; 2.40408086028689e-56
19.80000000000002; 1.4032081284180184e-55
19.900000000000016; 7.930762045951049e-55
20.000000000000018; 4.3437386719404697e-54
20.100000000000016; 5.190050379266468e-57
20.200000000000017; 2.9667436694461354e-56
20.30000000000002; 1.6439443881582847e-55
20.400000000000016; 8.83671472911552e-55
20.500000000000018; 4.6108532988348324e-54
20.600000000000016; 2.3369051343876187e-53
20.700000000000017; 1.151185636989031e-52
20.80000000000002; 5.515211861832915e-52
20.900000000000016; 2.5712998851960112e-51
21.000000000000018; 1.1672701321840322e-50
21.10000000000002; 5.162570948180346e-50
21.200000000000017; 2.225759802148249e-49
21.30000000000002; 9.359305153228401e-49
21.40000000000002; 3.8405326994969274e-48
21.500000000000018; 1.538670370808575e-47
21.60000000000002; 6.021768907637042e-47
21.700000000000017; 2.3032421951258452e-46
21.80000000000002; 8.613894134043745e-46
21.90000000000002; 3.151418516156653e-45
22.000000000000018; 1.128382931369026e-44
22.10000000000002; 3.9558808544179196e-44
22.200000000000017; 1.3584818898754193e-43
22.30000000000002; 4.5716352289629995e-43
22.40000000000002; 1.508255858808116e-42
22.500000000000018; 4.8802104280735664e-42
22.60000000000002; 1.549288503941025e-41
22.70000000000002; 4.827500556409879e-41
22.80000000000002; 1.4769668384727897e-40
22.90000000000002; 4.4384953415769305e-40
23.00000000000002; 1.3106051979451435e-39
23.10000000000002; 3.8039073428728406e-39
23.20000000000002; 1.085568372664606e-38
23.30000000000002; 3.0471755353680916e-38
23.40000000000002; 8.41571992122251e-38
23.50000000000002; 2.2875773456666393e-37
23.60000000000002; 6.1218831573083586e-37
23.70000000000002; 1.6134293401315376e-36
23.80000000000002; 4.188885078663979e-36
23.90000000000002; 1.0716562672818628e-35
24.00000000000002; 2.702360408157738e-35
24.10000000000002; 6.718635550264774e-35
24.20000000000002; 1.647348934882476e-34
24.300000000000022; 3.984472485548076e-34
24.40000000000002; 9.509293066043018e-34
24.50000000000002; 2.2398903119892306e-33
24.600000000000023; 5.208502884134308e-33
24.70000000000002; 1.1959440262235962e-32
24.800000000000022; 2.7122044591661756e-32
24.90000000000002; 6.076412023599418e-32
25.00000000000002; 1.3451868646955186e-31
25.100000000000023; 2.9432279408301837e-31
25.20000000000002; 6.365964806942475e-31
25.300000000000022; 1.3614283037892525e-30
25.40000000000002; 2.8794178702329217e-30
25.50000000000002; 6.0239483369155514e-30
25.600000000000023; 1.2468372485539405e-29
25.70000000000002; 2.5537231603511603e-29
25.800000000000022; 5.176725342326164e-29
25.900000000000023; 1.0388041921409454e-28
26.00000000000002; 2.0638960780009285e-28
26.100000000000023; 4.060636952072337e-28
26.200000000000024; 7.9127551700812365e-28
26.300000000000022; 1.52743230098414e-27
26.400000000000023; 2.921250476746506e-27
26.50000000000002; 5.536287195076728e-27
26.600000000000023; 1.0398731257611455e-26
26.700000000000024; 1.9360721421385812e-26
26.800000000000022; 3.573619166995635e-26
26.900000000000023; 6.540414967831571e-26
27.00000000000002; 1.1870692681543955e-25
27.100000000000023; 2.1368924534421964e-25
27.200000000000024; 3.815803214537305e-25
27.300000000000022; 6.759982814236837e-25
27.400000000000023; 1.1882831570180023e-24
27.500000000000025; 2.0728422267495045e-24
27.600000000000023; 3.588728356015778e-24
27.700000000000024; 6.167340258712713e-24
27.800000000000026; 1.0521849105169033e-23
27.900000000000023; 1.7822796296832083e-23
28.000000000000025; 2.9977883067201626e-23
28.100000000000023; 5.0074673592164635e-23
28.200000000000024; 8.30762804752733e-23
28.300000000000026; 1.3690724663503047e-22
28.400000000000023; 2.2413726751477427e-22
28.500000000000025; 3.645749192655436e-22
28.600000000000023; 5.8923766940240715e-22
28.700000000000024; 9.463902253366626e-22
28.800000000000026; 1.5106719783512845e-21
28.900000000000023; 2.3968098935962144e-21
29.000000000000025; 3.780097148947282e-21
29.100000000000026; 5.926795549963407e-21
29.200000000000024; 9.239009219093294e-21
29.300000000000026; 1.4320540264038267e-20
29.400000000000027; 2.207299520826023e-20
29.500000000000025; 3.3835264070160066e-20
29.600000000000026; 5.158484722257325e-20
29.700000000000024; 7.822690230875979e-20
29.800000000000026; 1.18007050396573e-19
29.900000000000027; 1.77097880971763e-19
30.000000000000025; 2.644280021364678e-19
30.100000000000026; 3.9290931153042035e-19
30.200000000000024; 5.809431531963656e-19
30.300000000000026; 8.547983692312186e-19
30.400000000000027; 1.2517428629545109e-18
30.500000000000025; 1.824399778153983e-18
30.600000000000026; 2.6467310408944425e-18
30.700000000000028; 3.822217624426774e-18
30.800000000000026; 5.4949928413918236e-18
30.900000000000027; 7.864927762746623e-18
31.00000000000003; 1.1207982812087092e-17
31.100000000000026; 1.590354634925147e-17
31.200000000000028; 2.2471004149630712e-17
31.300000000000026; 3.1618453527463557e-17
31.400000000000027; 4.430733003792031e-17
31.50000000000003; 6.183779948459363e-17
31.600000000000026; 8.596114003998329e-17
31.700000000000028; 1.190270678227422e-16
31.800000000000026; 1.6417612831707646e-16
31.900000000000027; 2.2558998728854814e-16
32.00000000000003; 3.0881583096620815e-16
32.10000000000002; 4.211852734402434e-16
32.20000000000003; 5.723533455344985e-16
32.300000000000026; 7.749895136057334e-16
32.40000000000003; 1.0456604977177582e-15
32.50000000000003; 1.4059542207448341e-15
32.60000000000003; 1.883905869811259e-15
32.70000000000003; 2.5158011958833343e-15
32.800000000000026; 3.348449291917189e-15
32.90000000000003; 4.442037728849084e-15
33.00000000000003; 5.873707735134462e-15
33.10000000000003; 7.74201682350285e-15
33.20000000000003; 1.0172491755723432e-14
33.300000000000026; 1.332451697750166e-14
33.40000000000003; 1.739985377878397e-14
33.50000000000003; 2.2653144725893774e-14
33.60000000000003; 2.940482783362812e-14
33.70000000000003; 3.805696715423473e-14
33.800000000000026; 4.9112602827691287e-14
33.90000000000003; 6.319933626915041e-14
34.00000000000003; 8.109799742794873e-14
34.10000000000003; 1.037773935785707e-13
34.20000000000003; 1.3243631584246695e-13
34.30000000000003; 1.6855418385898934e-13
34.40000000000003; 2.1395194434546712e-13
34.50000000000003; 2.708651097062446e-13
34.60000000000003; 3.4203113276270645e-13
34.70000000000003; 4.307936679031996e-13
34.80000000000003; 5.412266727569237e-13
34.90000000000003; 6.782817636259564e-13
35.00000000000003; 8.479627585867069e-13
35.10000000000003; 1.0575319311543507e-12
35.20000000000003; 1.3157531619609147e-12
35.30000000000003; 1.6331779238579804e-12
35.400000000000034; 2.0224808756182773e-12
35.50000000000003; 2.498852779915772e-12
35.60000000000003; 3.080459512088163e-12
35.70000000000003; 3.7889770974104746e-12
35.80000000000003; 4.650214016980827e-12
35.900000000000034; 5.694833467093993e-12
36.00000000000003; 6.959189855994324e-12
36.10000000000003; 8.486295587585985e-12
36.20000000000003; 1.0326936126879493e-11
36.30000000000003; 1.2540953480147598e-11
36.400000000000034; 1.5198720567752485e-11
36.50000000000003; 1.8382831533693882e-11
36.60000000000003; 2.2190035837730646e-11
36.70000000000003; 2.673344702841358e-11
36.80000000000003; 3.2145060413641745e-11
36.900000000000034; 3.8578617444828634e-11
37.00000000000003; 4.6212858526882155e-11
37.10000000000003; 5.5255210174141584e-11
37.20000000000003; 6.594595696793777e-11
37.30000000000003; 7.856295364911116e-11
37.400000000000034; 9.342693791391724e-11
37.500000000000036; 1.1090751008814233e-10
37.60000000000003; 1.3142985184655166e-10
37.70000000000003; 1.554822625346275e-10
37.80000000000003; 1.8362459845137839e-10
37.900000000000034; 2.1649770767477939e-10
38.000000000000036; 2.548339606675709e-10
38.10000000000003; 2.994689849980651e-10
38.20000000000003; 3.5135472105679015e-10
38.30000000000003; 4.115739246515628e-10
38.400000000000034; 4.81356251823868e-10
38.500000000000036; 5.620960711540163e-10
38.60000000000004; 6.553721592071343e-10
38.70000000000003; 7.629694456222226e-10
38.80000000000003; 8.869029856494807e-10
38.900000000000034; 1.0294443497021592e-09
39.000000000000036; 1.1931506316880863e-09
39.10000000000004; 1.3808962905220323e-09
39.20000000000003; 1.5959080522713465e-09
39.30000000000003; 1.8418031138458888e-09
39.400000000000034; 2.1226309029781823e-09
39.500000000000036; 2.4429186634440826e-09
39.60000000000004; 2.8077211490085494e-09
39.70000000000003; 3.222674724423188e-09
39.80000000000003; 3.6940561869305393e-09
39.900000000000034; 4.228846637084486e-09
40.000000000000036; 4.834795908761627e-09
40.10000000000004; 5.520122402253903e-09
40.20000000000003; 6.294646248019818e-09
40.30000000000003; 7.168900257777244e-09
40.400000000000034; 8.154526984255395e-09
40.500000000000036; 9.26438046328946e-09
40.60000000000004; 1.051263573859757e-08
40.70000000000004; 1.1914906625302556e-08
40.80000000000003; 1.348837218404673e-08
40.900000000000034; 1.5251912393024834e-08
41.000000000000036; 1.7226253520546403e-08
41.10000000000004; 1.943412371557818e-08
41.20000000000004; 2.1900419348187265e-08
41.30000000000003; 2.4652382645809544e-08
41.400000000000034; 2.7719791184669037e-08
41.500000000000036; 3.113515980847133e-08
41.60000000000004; 3.4933955558692744e-08
41.70000000000004; 3.9154826212015443e-08
41.80000000000004; 4.383984303114764e-08
41.900000000000034; 4.9034758344833926e-08
42.000000000000036; 5.4789278581508815e-08
42.10000000000004; 6.115735338882999e-08
42.20000000000004; 6.819748147777276e-08
42.30000000000004; 7.597303383535337e-08
42.400000000000034; 8.455259495444455e-08
42.500000000000036; 9.401032273162564e-08
42.60000000000004; 1.0442632768606336e-07
42.70000000000004; 1.1588707215215187e-07
42.80000000000004; 1.2848579009750512e-07
42.900000000000034; 1.4232292821520333e-07
43.000000000000036; 1.5750660893454497e-07
43.10000000000004; 1.7415311598892677e-07
43.20000000000004; 1.923874031716293e-07
43.30000000000004; 2.1234362690117858e-07
43.400000000000034; 2.341657032069983e-07
43.500000000000036; 2.580078897331754e-07
43.60000000000004; 2.840353933441726e-07
43.70000000000004; 3.12425003899591e-07
43.80000000000004; 3.433657547474131e-07
43.90000000000004; 3.7705961046534797e-07
44.000000000000036; 4.137221823585165e-07
44.10000000000004; 4.5358347219777485e-07
44.20000000000004; 4.968886446584389e-07
44.30000000000004; 5.438988288924219e-07
44.40000000000004; 5.948919496372504e-07
44.500000000000036; 6.501635882359501e-07
44.60000000000004; 7.100278739096195e-07
44.70000000000004; 7.748184055903359e-07
44.80000000000004; 8.448892045869991e-07
44.90000000000004; 9.206156983201034e-07
45.00000000000004; 1.0023957353224506e-06
45.10000000000004; 1.0906506316634813e-06
45.20000000000004; 1.1858262489128977e-06
45.30000000000004; 1.2883941037178076e-06
45.40000000000004; 1.3988525090220475e-06
45.50000000000004; 1.5177277469127353e-06
45.60000000000004; 1.6455752730326368e-06
45.70000000000004; 1.782980952448481e-06
45.80000000000004; 1.930562326817938e-06
45.90000000000004; 2.0889699126508118e-06
46.00000000000004; 2.2588885304047934e-06
46.10000000000004; 2.4410386641130205e-06
46.20000000000004; 2.636177851182312e-06
46.30000000000004; 2.845102101954597e-06
46.40000000000004; 3.068647348568524e-06
46.50000000000004; 3.307690922608884e-06
46.60000000000004; 3.563153060976983e-06
46.70000000000004; 3.835998439363326e-06
46.80000000000004; 4.127237732650618e-06
46.90000000000004; 4.437929201524496e-06
47.00000000000004; 4.769180304515845e-06
47.100000000000044; 5.122149334648107e-06
47.20000000000004; 5.498047079807414e-06
47.30000000000004; 5.89813850591269e-06
47.40000000000004; 6.3237444618979374e-06
47.50000000000004; 6.776243405484516e-06
47.600000000000044; 7.2570731486645405e-06
47.70000000000004; 7.767732621766677e-06
47.80000000000004; 8.309783654941158e-06
47.90000000000004; 8.884852775840677e-06
48.00000000000004; 9.494633022241206e-06
48.100000000000044; 1.0140885768296727e-05
48.200000000000045; 1.0825442563090716e-05
48.30000000000004; 1.1550206980094206e-05
48.40000000000004; 1.231715647611203e-05
48.50000000000004; 1.312834425825896e-05
48.600000000000044; 1.3985901157477181e-05
48.700000000000045; 1.4892037507066022e-05
48.80000000000004; 1.5849045024670814e-05
48.90000000000004; 1.6859298696144708e-05
49.00000000000004; 1.7925258659672953e-05
49.100000000000044; 1.9049472088530702e-05
49.200000000000045; 2.0234575070798066e-05
49.30000000000004; 2.148329448437644e-05
49.40000000000004; 2.279844986559211e-05
49.50000000000004; 2.418295526967174e-05
49.600000000000044; 2.5639821121388175e-05
49.700000000000045; 2.7172156054094946e-05
49.80000000000004; 2.878316873544818e-05
49.90000000000004; 3.0476169678028183e-05
50.00000000000004; 3.225457303310497e-05
50.100000000000044; 3.41225974945161e-05
50.200000000000045; 3.6083247494536265e-05
50.30000000000005; 3.814025396057881e-05
50.40000000000004; 4.029746560128591e-05
50.50000000000004; 4.255884325765048e-05
50.600000000000044; 4.49284615318108e-05
50.700000000000045; 4.7410510385114816e-05
50.80000000000005; 5.000929670371343e-05
50.90000000000004; 5.272924582995438e-05
51.00000000000004; 5.557490305786132e-05
51.100000000000044; 5.855093509101896e-05
51.200000000000045; 6.166213146120315e-05
51.30000000000005; 6.491340590611706e-05
51.40000000000005; 6.830979770464707e-05
51.50000000000004; 7.185647296801623e-05
51.600000000000044; 7.55587258853707e-05
51.700000000000045; 7.942197992221455e-05
51.80000000000005; 8.345178897027087e-05
51.90000000000005; 8.765383844733722e-05
52.00000000000004; 9.203394634569978e-05
52.100000000000044; 9.659806422782975e-05
52.200000000000045; 0.00010135227816799485
52.30000000000005; 0.00010630280963854821
52.40000000000005; 0.00011145601633969252
52.50000000000004; 0.00011681839297154558
52.600000000000044; 0.00012239657194736643
52.700000000000045; 0.00012819732404690574
52.80000000000005; 0.00013422755900889888
52.90000000000005; 0.00014049432606163384
53.00000000000004; 0.00014700481439079496
53.100000000000044; 0.0001537663535436757
53.200000000000045; 0.00016078641376896806
53.30000000000005; 0.00016807260629139362
53.40000000000005; 0.00017563268352048072
53.50000000000005; 0.00018347453919286645
53.600000000000044; 0.00019160620844758472
53.700000000000045; 0.00020003586783370571
53.80000000000005; 0.00020877183525005956
53.90000000000005; 0.00021782256981649418
54.00000000000005; 0.00022719667167639886
54.100000000000044; 0.00023690288173016397
54.200000000000045; 0.00024695008129947357
54.30000000000005; 0.0002573472917221025
54.40000000000005; 0.0002681036738772276
54.50000000000005; 0.0002792285276412392
54.60000000000005; 0.00029073129127388464
54.700000000000045; 0.0003026215407350693
54.80000000000005; 0.00031490898893223393
54.90000000000005; 0.0003276034848985635
55.00000000000005; 0.0003407150129023593
55.10000000000005; 0.0003542536914876401
55.200000000000045; 0.00036822977244660763
55.30000000000005; 0.0003826536397241866
55.40000000000005; 0.00039753580825506717
55.50000000000005; 0.00041288692273400374
55.60000000000005; 0.0004287177563196542
55.700000000000045; 0.00044503920927267573
55.80000000000005; 0.0004618623075287923
55.90000000000005; 0.00047919820120751285
56.00000000000005; 0.0004970581630571145
56.10000000000005; 0.000515453586837032
56.200000000000045; 0.0005343959856379882
56.30000000000005; 0.0005538969901413554
56.40000000000005; 0.0005739683468180995
56.50000000000005; 0.0005946219160687443
56.60000000000005; 0.0006158696703050259
56.70000000000005; 0.000637723691974609
56.80000000000005; 0.0006601961715296046
56.90000000000005; 0.0006832994053401822
57.00000000000005; 0.0007070457935546524
57.10000000000005; 0.0007314478379067683
57.20000000000005; 0.0007565181394717005
57.30000000000005; 0.0007822693963721432
57.40000000000005; 0.0008087144014353508
57.50000000000005; 0.0008358660398027012
57.60000000000005; 0.0008637372864934176
57.70000000000005; 0.0008923412039229558
57.800000000000054; 0.0009216909393783737
57.90000000000005; 0.0009517997224515351
58.00000000000005; 0.0009826808624314736
58.10000000000005; 0.0010143477456580562
58.20000000000005; 0.0010468138328373546
58.300000000000054; 0.001080092656321138
58.40000000000005; 0.001114197817351519
58.50000000000005; 0.001149142983272234
58.60000000000005; 0.0011849418847080136
58.70000000000005; 0.0012216083127141917
58.800000000000054; 0.001259156115896823
58.90000000000005; 0.0012975991975063168
59.00000000000005; 0.0013369515125048234
59.10000000000005; 0.001377227064609898
59.20000000000005; 0.001418439903315276
59.300000000000054; 0.0014606041208907903
59.40000000000005; 0.0015037338493625798
59.50000000000005; 0.0015478432574755508
59.60000000000005; 0.001592946547639262
59.70000000000005; 0.0016390579528588985
59.800000000000054; 0.0016861917336530073
59.900000000000055; 0.0017343621749594436
60.00000000000005; 0.001783583583030522
60.10000000000005; 0.0018338611856386275
60.20000000000005; 0.0018852180403709172
60.300000000000054; 0.0019376685180496746
60.400000000000055; 0.001991226999580569
60.50000000000005; 0.002045907873735093
60.60000000000005; 0.002101725534082723
60.70000000000005; 0.0021586943759233637
60.800000000000054; 0.0022168287932206356
60.900000000000055; 0.002276143175538336
61.00000000000006; 0.0023366519049802985
61.10000000000005; 0.0023983693531359437
61.20000000000005; 0.0024613098780322676
61.300000000000054; 0.0025254878210938764
61.400000000000055; 0.0025909175041117847
61.50000000000006; 0.0026576132262234532
61.60000000000005; 0.0027255892609035675
61.70000000000005; 0.0027948598529681794
61.800000000000054; 0.0028654392155929107
61.900000000000055; 0.0029373415273466095
62.00000000000006; 0.0030105809292404343
62.10000000000005; 0.003085171521795877
62.20000000000005; 0.0031611273621302317
62.300000000000054; 0.0032384624610621677
62.400000000000055; 0.003317190780238484
62.50000000000006; 0.003397326229281596
62.60000000000005; 0.0034788826629611217
62.70000000000005; 0.00356187387838814
62.800000000000054; 0.003646313612234659
62.900000000000055; 0.003732215537979073
63.00000000000006; 0.0038195932631772426
63.10000000000006; 0.003908460326762157
63.20000000000005; 0.0039988301963710116
63.300000000000054; 0.004090716265701808
63.400000000000055; 0.004184131851900143
63.50000000000006; 0.004279090192976338
63.60000000000006; 0.004375604445253759
63.70000000000005; 0.004473687680850417
63.800000000000054; 0.004573352885192463
63.900000000000055; 0.00467461295456136
64.00000000000006; 0.004777480693676191
64.10000000000005; 0.0048819688133096475
64.20000000000006; 0.004988089927940023
64.30000000000005; 0.005095856553439615
64.40000000000006; 0.005205281104798963
64.50000000000006; 0.005316375893888474
64.60000000000005; 0.005429153127258052
64.70000000000006; 0.0055436249039739266
64.80000000000005; 0.005659803213494755
64.90000000000006; 0.005777699933586844
65.00000000000006; 0.005897326828276952
65.10000000000005; 0.006018695545847713
65.20000000000006; 0.006141817616870069
65.30000000000005; 0.006266704452278059
65.40000000000006; 0.006393367341484085
65.50000000000006; 0.006521817450533682
65.60000000000005; 0.006652065820303453
65.70000000000006; 0.006784123364739284
65.80000000000005; 0.006918000869135931
65.90000000000006; 0.007053708988459317
66.00000000000006; 0.007191258245710741
66.10000000000005; 0.007330659030331924
66.20000000000006; 0.007471921596654219
66.30000000000005; 0.007615056062388746
66.40000000000006; 0.00776007240715947
66.50000000000006; 0.007906980471078656
66.60000000000005; 0.008055789953364936
66.70000000000006; 0.008206510411004392
66.80000000000005; 0.00835915125745266
66.90000000000006; 0.008513721761381968
67.00000000000006; 0.008670231045467477
67.10000000000007; 0.008828688085220133
67.20000000000006; 0.008989101707857376
67.30000000000005; 0.009151480591220345
67.40000000000006; 0.009315833262729566
67.50000000000006; 0.009482168098385984
67.60000000000007; 0.009650493321811114
67.70000000000006; 0.009820817003330592
67.80000000000005; 0.009993147059099036
67.90000000000006; 0.010167491250266333
68.00000000000006; 0.010343857182184132
68.10000000000007; 0.010522252303654799
68.20000000000006; 0.010702683906220358
68.30000000000005; 0.01088515912349178
68.40000000000006; 0.011069684930519146
68.50000000000006; 0.011256268143201301
68.60000000000007; 0.011444915417735475
68.70000000000006; 0.01163563325010595
68.80000000000005; 0.011828427975612444
68.90000000000006; 0.01202330576843724
69.00000000000006; 0.012220272641249913
69.10000000000007; 0.012419334444851344
69.20000000000006; 0.012620496867855047
69.30000000000005; 0.012823765436406342
69.40000000000006; 0.013029145513937109
69.50000000000006; 0.013236642300959743
69.60000000000007; 0.013446260834895649
69.70000000000006; 0.013658005989940207
69.80000000000007; 0.013871882476963224
69.90000000000006; 0.014087894843444825
70.00000000000006; 0.014306047473445866
70.10000000000007; 0.014526344587612303
70.20000000000006; 0.014748790243214878
70.30000000000007; 0.014973388334220676
70.40000000000006; 0.015200142591397795
70.50000000000006; 0.015429056582454742
70.60000000000007; 0.015660133712208906
70.70000000000006; 0.015893377222790175
70.80000000000007; 0.016128790193871433
70.90000000000006; 0.0163663755429351
71.00000000000006; 0.01660613602556546
71.10000000000007; 0.016848074235773836
71.20000000000006; 0.01709219260635172
71.30000000000007; 0.01733849340925313
71.40000000000006; 0.017586978756005477
71.50000000000006; 0.017837650598149284
71.60000000000007; 0.01809051072770373
71.70000000000006; 0.01834556077766111
71.80000000000007; 0.01860280222250621
71.90000000000006; 0.018862236378762425
72.00000000000006; 0.019123864405563816
72.10000000000007; 0.019387687305252782
72.20000000000006; 0.019653705923999943
72.30000000000007; 0.01992192095245158
72.40000000000006; 0.02019233292639659
72.50000000000006; 0.020464942227462486
72.60000000000007; 0.02073974908382644
72.70000000000006; 0.02101675357095651
72.80000000000007; 0.02129595561236813
72.90000000000006; 0.02157735498040556
73.00000000000006; 0.021860951297042953
73.10000000000007; 0.02214674403470497
73.20000000000006; 0.022434732517109413
73.30000000000007; 0.02272491592012617
73.40000000000006; 0.02301729327265784
73.50000000000007; 0.02331186345753663
73.60000000000007; 0.023608625212439508
73.70000000000006; 0.023907577130822796
73.80000000000007; 0.024208717662870548
73.90000000000006; 0.02451204511646234
74.00000000000007; 0.024817557658155007
74.10000000000007; 0.025125253314180203
74.20000000000006; 0.02543512997145902
74.30000000000007; 0.025747185378628648
74.40000000000006; 0.02606141714708572
74.50000000000007; 0.02637782275204021
74.60000000000007; 0.026696399533586594
74.70000000000006; 0.027017144697785357
74.80000000000007; 0.02734005531775595
74.90000000000006; 0.027665128334785547
75.00000000000007; 0.027992360559446396
75.10000000000007; 0.028321748672724287
75.20000000000006; 0.028653289227159824
75.30000000000007; 0.028986978647997496
75.40000000000006; 0.029322813234347125
75.50000000000007; 0.02966078916035314
75.60000000000007; 0.030000902476373343
75.70000000000006; 0.030343149110166178
75.80000000000007; 0.030687524868088237
75.90000000000006; 0.031034025436294847
76.00000000000007; 0.03138264638195614
76.10000000000007; 0.031733383154469996
76.20000000000007; 0.032086231086692715
76.30000000000007; 0.03244118539616576
76.40000000000006; 0.032798241186358136
76.50000000000007; 0.03315739344790603
76.60000000000007; 0.03351863705986298
76.70000000000007; 0.03388196679095394
76.80000000000007; 0.03424737730083278
76.90000000000006; 0.034614863141345334
77.00000000000007; 0.034984418757796266
77.10000000000007; 0.035356038490216235
77.20000000000007; 0.03572971657463999
77.30000000000007; 0.036105447144379396
77.40000000000006; 0.036483224231301944
77.50000000000007; 0.0368630417671151
77.60000000000007; 0.03724489358464536
77.70000000000007; 0.03762877341912727
77.80000000000007; 0.03801467490948631
77.90000000000006; 0.03840259159962873
78.00000000000007; 0.038792516939728086
78.10000000000007; 0.03918444428751582
78.20000000000007; 0.03957836690956795
78.30000000000007; 0.039974277982596125
78.40000000000006; 0.040372170594735815
78.50000000000007; 0.040772037746833606
78.60000000000007; 0.04117387235373576
78.70000000000007; 0.04157766724557303
78.80000000000007; 0.0419834151690484
78.90000000000006; 0.042391108788716096
79.00000000000007; 0.0428007406882678
79.10000000000007; 0.04321230337180941
79.20000000000007; 0.04362578926513917
79.30000000000007; 0.044041190717021866
79.40000000000006; 0.044458500000462524
79.50000000000007; 0.04487770931397408
79.60000000000007; 0.04529881078284314
79.70000000000007; 0.04572179646039514
79.80000000000007; 0.046146658329250724
79.90000000000008; 0.04657338830258108
80.00000000000007; 0.047001978225363394
80.10000000000007; 0.04743252892563062
80.20000000000007; 0.047864925639646845
80.30000000000007; 0.04829915832991304
80.40000000000008; 0.04873521848772409
80.50000000000007; 0.0491730975409094
80.60000000000007; 0.04961278685507477
80.70000000000007; 0.050054277734841994
80.80000000000007; 0.05049756142507826
80.90000000000008; 0.05094262911212453
81.00000000000007; 0.051389471925016236
81.10000000000007; 0.05183808093669788
81.20000000000007; 0.05228844716523582
81.30000000000007; 0.05274056157501921
81.40000000000008; 0.05319441507795922
81.50000000000007; 0.053649998534683184
81.60000000000007; 0.05410730275571573
81.70000000000007; 0.05456631850266049
81.80000000000007; 0.05502703648937164
81.90000000000008; 0.05548944738312238
82.00000000000007; 0.0559535418057591
82.10000000000007; 0.056419310334857004
82.20000000000007; 0.05688674350486545
82.30000000000007; 0.05735583180824223
82.40000000000008; 0.05782656569658909
82.50000000000007; 0.058298935581770746
82.60000000000008; 0.05877293183703398
82.70000000000007; 0.05924854479811434
82.80000000000007; 0.059725764764337184
82.90000000000008; 0.060204581999710516
83.00000000000007; 0.06068498673401045
83.10000000000008; 0.061166969163860954
83.20000000000007; 0.0616505194537983
83.30000000000007; 0.062135627737337766
83.40000000000008; 0.06262228411802281
83.50000000000007; 0.06311047867047359
83.60000000000008; 0.06360020144142271
83.70000000000007; 0.06409144245074429
83.80000000000007; 0.06458419169247305
83.90000000000008; 0.06507843913581889
84.00000000000007; 0.06557417472616905
84.10000000000008; 0.06607138838608341
84.20000000000007; 0.06657007001628111
84.30000000000007; 0.06707020949662111
84.40000000000008; 0.06757179668706709
84.50000000000007; 0.06807482142865172
84.60000000000008; 0.06857927354442948
84.70000000000007; 0.0690851428404184
84.80000000000007; 0.06959241910653428
84.90000000000008; 0.07010109211751905
85.00000000000007; 0.07061115163385553
85.10000000000008; 0.07112258740268088
85.20000000000007; 0.07163538915867743
85.30000000000007; 0.0721495466249731
85.40000000000008; 0.0726650495140164
85.50000000000007; 0.07318188752845256
85.60000000000008; 0.07370005036198947
85.70000000000007; 0.07421952770024734
85.80000000000007; 0.07474030922161048
85.90000000000008; 0.07526238459806256
86.00000000000007; 0.07578574349601604
86.10000000000008; 0.07631037557713014
86.20000000000007; 0.07683627049912392
86.30000000000008; 0.07736341791657628
86.40000000000008; 0.07789180748172107
86.50000000000007; 0.07842142884522818
86.60000000000008; 0.07895227165698122
86.70000000000007; 0.07948432556684362
86.80000000000008; 0.08001758022541575
86.90000000000008; 0.0805520252847811
87.00000000000007; 0.08108765039925102
87.10000000000008; 0.08162444522609152
87.20000000000007; 0.08216239942624827
87.30000000000008; 0.08270150266505795
87.40000000000008; 0.08324174461295286
87.50000000000007; 0.08378311494615928
87.60000000000008; 0.0843256033473827
87.70000000000007; 0.08486919950648461
87.80000000000008; 0.0854138931211564
87.90000000000008; 0.08595967389757896
88.00000000000007; 0.08650653155107244
88.10000000000008; 0.08705445580674587
88.20000000000007; 0.08760343640012683
88.30000000000008; 0.0881534630777911
88.40000000000008; 0.08870452559798404
88.50000000000007; 0.08925661373122347
88.60000000000008; 0.08980971726090914
88.70000000000007; 0.09036382598390982
88.80000000000008; 0.09091892971115306
88.90000000000008; 0.09147501826819623
89.00000000000009; 0.09203208149580198
89.10000000000008; 0.09259010925049067
89.20000000000007; 0.0931490914051003
89.30000000000008; 0.09370901784932283
89.40000000000008; 0.09426987849024475
89.50000000000009; 0.09483166325287361
89.60000000000008; 0.09539436208065635
89.70000000000007; 0.09595796493599305
89.80000000000008; 0.0965224618007396
89.90000000000008; 0.09708784267670244
90.00000000000009; 0.09765409758613162
90.10000000000008; 0.09822121657219224
90.20000000000007; 0.09878918969944778
90.30000000000008; 0.09935800705431476
90.40000000000008; 0.09992765874552792
90.50000000000009; 0.100498134904586
90.60000000000008; 0.10106942568619472
90.70000000000007; 0.10164152126870153
90.80000000000008; 0.10221441185452321
90.90000000000008; 0.10278808767056373
91.00000000000009; 0.10336253896863212
91.10000000000008; 0.10393775602584013
91.20000000000007; 0.10451372914500737
91.30000000000008; 0.10509044865504868
91.40000000000008; 0.10566790491135679
91.50000000000009; 0.10624608829618211
91.60000000000008; 0.10682498921900169
91.70000000000007; 0.10740459811688069
91.80000000000008; 0.10798490545482937
91.90000000000008; 0.1085659017261503
92.00000000000009; 0.10914757745278479
92.10000000000008; 0.10972992318564319
92.20000000000007; 0.11031292950493872
92.30000000000008; 0.11089658702050519
92.40000000000008; 0.11148088637211628
92.50000000000009; 0.11206581822979313
92.60000000000008; 0.11265137329410688
92.70000000000009; 0.11323754229647515
92.80000000000008; 0.113824315999452
92.90000000000008; 0.11441168519701217
93.00000000000009; 0.11499964071482785
93.10000000000008; 0.11558817341054206
93.20000000000009; 0.11617727417403007
93.30000000000008; 0.11676693392766072
93.40000000000008; 0.11735714362655066
93.50000000000009; 0.1179478942588097
93.60000000000008; 0.11853917684578263
93.70000000000009; 0.11913098244228443
93.80000000000008; 0.11972330213683237
93.90000000000008; 0.12031612705186463
94.00000000000009; 0.1209094483439653
94.10000000000008; 0.12150325720407179
94.20000000000009; 0.1220975448576856
94.30000000000008; 0.12269230256507023
94.40000000000008; 0.12328752162145055
94.50000000000009; 0.12388319335720553
94.60000000000008; 0.12447930913804527
94.70000000000009; 0.12507586036520374
94.80000000000008; 0.12567283847560115
94.90000000000008; 0.12627023494202422
95.00000000000009; 0.12686804127328327
95.10000000000008; 0.12746624901437886
95.20000000000009; 0.128064849746649
95.30000000000008; 0.12866383508792775
95.40000000000009; 0.12926319669268163
95.50000000000009; 0.12986292625215434
95.60000000000008; 0.13046301549450282
95.70000000000009; 0.13106345618492551
95.80000000000008; 0.13166424012578978
95.90000000000009; 0.1322653591567531
96.00000000000009; 0.1328668051548774
96.10000000000008; 0.13346857003474544
96.20000000000009; 0.13407064574856778
96.30000000000008; 0.13467302428628297
96.40000000000009; 0.13527569767565922
96.50000000000009; 0.13587865798239165
96.60000000000008; 0.13648189731018553
96.70000000000009; 0.13708540780085235
96.80000000000008; 0.13768918163438393
96.90000000000009; 0.1382932110290337
97.00000000000009; 0.13889748824139267
97.10000000000008; 0.13950200556645512
97.20000000000009; 0.14010675533769057
97.30000000000008; 0.14071172992709977
97.40000000000009; 0.14131692174527952
97.50000000000009; 0.1419223232414727
97.60000000000008; 0.14252792690361893
97.70000000000009; 0.1431337252584084
97.80000000000008; 0.14373971087131632
97.90000000000009; 0.14434587634664983
98.00000000000009; 0.14495221432758176
98.10000000000008; 0.1455587174961849
98.20000000000009; 0.14616537857345913
98.30000000000008; 0.14677219031935942
98.40000000000009; 0.14737914553282108
98.50000000000009; 0.1479862370517728
98.60000000000008; 0.1485934577531598
98.70000000000009; 0.1492008005529531
98.80000000000008; 0.14980825840615974
98.90000000000009; 0.15041582430682895
99.00000000000009; 0.1510234912880581
99.1000000000001; 0.15163125242199305
99.20000000000009; 0.15223910081982203
99.30000000000008; 0.152847029631777
99.40000000000009; 0.15345503204711622
99.50000000000009; 0.15406310129412226
99.6000000000001; 0.15467123064008315
99.70000000000009; 0.15527941339127793
99.80000000000008; 0.15588764289295556
99.90000000000009; 0.15649591252931183
100.00000000000009; 0.15710421144601786
100.1000000000001; 0.15771237360406812
100.20000000000009; 0.1583205561408214
100.30000000000008; 0.15892875261657052
100.40000000000009; 0.15953695663041853
100.50000000000009; 0.16014516182023897
100.6000000000001; 0.16075336186263084
100.70000000000009; 0.16136155047288045
100.80000000000008; 0.1619697214049147
100.90000000000009; 0.162577868451248
101.00000000000009; 0.1631859854429412
101.1000000000001; 0.16379406624953882
101.20000000000009; 0.16440210477902076
101.30000000000008; 0.16501009497774582
101.40000000000009; 0.16561803083038829
101.50000000000009; 0.16622590635988146
101.6000000000001; 0.1668337156273527
101.70000000000009; 0.16744145273205846
101.8000000000001; 0.16804911181131602
101.90000000000009; 0.16865668704044012
102.00000000000009; 0.1692641726326632
102.1000000000001; 0.16987156283907323
102.20000000000009; 0.17047885194853094
102.3000000000001; 0.17108603428759767
102.40000000000009; 0.17169310422045667
102.50000000000009; 0.17230005614883345
102.6000000000001; 0.1729068845119138
102.70000000000009; 0.17351358378626444
102.8000000000001; 0.1741201484857429
102.90000000000009; 0.17472657316141313
103.00000000000009; 0.17533285240146373
103.1000000000001; 0.17593898083110787
103.20000000000009; 0.17654495311250212
103.3000000000001; 0.1771507639446496
103.40000000000009; 0.17775640806330764
103.50000000000009; 0.17836188024089134
103.6000000000001; 0.1789671752863806
103.70000000000009; 0.1795722880452187
103.8000000000001; 0.18017721339921428
103.90000000000009; 0.18078194626644137
104.00000000000009; 0.18138648160113852
104.1000000000001; 0.18199081439360407
104.20000000000009; 0.18259493967009524
104.3000000000001; 0.18319885249271822
104.40000000000009; 0.1838025479593249
104.50000000000009; 0.1844060212034082
104.6000000000001; 0.18500926739398382
104.70000000000009; 0.1856122817354937
104.8000000000001; 0.18621505946768133
104.90000000000009; 0.18681759586549349
105.00000000000009; 0.18741988623895506
105.1000000000001; 0.18802192593306688
105.20000000000009; 0.18862371032767983
105.3000000000001; 0.18922523483738746
105.40000000000009; 0.18982649491140674
105.5000000000001; 0.19042748603346035
105.6000000000001; 0.19102820372165752
105.70000000000009; 0.19162864352837736
105.8000000000001; 0.19222880104014473
105.90000000000009; 0.1928286718775166
106.0000000000001; 0.19342825169495115
106.1000000000001; 0.19402753618069513
106.20000000000009; 0.19462652105665412
106.3000000000001; 0.1952252020782705
106.40000000000009; 0.19582357503440131
106.5000000000001; 0.19642163574719082
106.6000000000001; 0.19701938007194378
106.70000000000009; 0.19761680389700387
106.8000000000001; 0.19821390314362367
106.90000000000009; 0.19881067376583386
107.0000000000001; 0.19940711175032355
107.1000000000001; 0.200003213116304
107.20000000000009; 0.2005989739153834
107.3000000000001; 0.20119439023143362
107.40000000000009; 0.20178945818046795
107.5000000000001; 0.2023841739104985
107.6000000000001; 0.20297853360141954
107.70000000000009; 0.20357253346486073
107.8000000000001; 0.20416616974406926
107.90000000000009; 0.2047594387137668
108.0000000000001; 0.20535233668002525
108.1000000000001; 0.20594485998012416
108.2000000000001; 0.2065370049824282
108.3000000000001; 0.20712876808624556
108.40000000000009; 0.2077201457216959
108.5000000000001; 0.20831113434957846
108.6000000000001; 0.2089017304612342
108.7000000000001; 0.20949193057841095
108.8000000000001; 0.2100817312531314
108.90000000000009; 0.2106711290675561
109.0000000000001; 0.21126012063384444
109.1000000000001; 0.21184870259402325
109.2000000000001; 0.2124368716198519
109.3000000000001; 0.2130246244126784
109.40000000000009; 0.21361195770331085
109.5000000000001; 0.21419886825187745
109.6000000000001; 0.21478535284769057
109.7000000000001; 0.21537140830910959
109.8000000000001; 0.21595703148340323
109.90000000000009; 0.21654221924661282
110.0000000000001; 0.21712696850341678
110.1000000000001; 0.21771127618699035
110.2000000000001; 0.21829513925887045
110.3000000000001; 0.21887855470881898
110.40000000000009; 0.2194615195546808
110.5000000000001; 0.22004403084225418
110.6000000000001; 0.22062608564514594
110.7000000000001; 0.22120768106463534
110.8000000000001; 0.22178881422954036
110.90000000000009; 0.22236948229607686
111.0000000000001; 0.22294968244772082
111.1000000000001; 0.22352941189507453
111.2000000000001; 0.22410866787572534
111.3000000000001; 0.2246874476541087
111.40000000000009; 0.22526574852137285
111.5000000000001; 0.22584356779524045
111.6000000000001; 0.22642090281987
111.7000000000001; 0.22699775096572355
111.8000000000001; 0.22757410962942395
111.9000000000001; 0.22814997623362035
112.0000000000001; 0.22872534822685256
112.1000000000001; 0.22930022308341505
112.2000000000001; 0.22987459830321516
112.3000000000001; 0.2304484714116442
112.4000000000001; 0.23102183995943518
112.5000000000001; 0.23159470152253175
112.6000000000001; 0.232167053701948
112.7000000000001; 0.23273889412363494
112.8000000000001; 0.23331022043834526
112.9000000000001; 0.2338810303214976
113.0000000000001; 0.2344513214730416
113.1000000000001; 0.23502109161732013
113.2000000000001; 0.2355903385029434
113.3000000000001; 0.23615905990264272
113.4000000000001; 0.2367272536131441
113.5000000000001; 0.2372949174550334
113.6000000000001; 0.2378620492726187
113.7000000000001; 0.2384286469338027
113.8000000000001; 0.23899470832994393
113.9000000000001; 0.23956023137572585
114.0000000000001; 0.24012521400902792
114.1000000000001; 0.24068965419078586
114.2000000000001; 0.241253549904865
114.3000000000001; 0.24181689915792584
114.4000000000001; 0.24237969997929548
114.5000000000001; 0.24294195042083302
114.60000000000011; 0.24350364855679962
114.7000000000001; 0.24406479248372714
114.8000000000001; 0.24462538032029066
114.9000000000001; 0.24518541020717657
115.0000000000001; 0.2457448803069515
115.10000000000011; 0.24630378880393453
115.2000000000001; 0.2468621339040677
115.3000000000001; 0.2474199138347875
115.4000000000001; 0.24797712684489787
115.5000000000001; 0.2485337712044384
115.60000000000011; 0.2490898452045609
115.7000000000001; 0.24964534715740014
115.8000000000001; 0.2502002753959446
115.9000000000001; 0.250754628273917
116.0000000000001; 0.25130840416563716
116.10000000000011; 0.25186160146590725
116.2000000000001; 0.25241421858988056
116.3000000000001; 0.25296625397293454
116.4000000000001; 0.25351770607055035
116.5000000000001; 0.2540685733581891
116.60000000000011; 0.2546188543311631
116.7000000000001; 0.25516854750451434
116.8000000000001; 0.25571765141289515
116.9000000000001; 0.2562661646104393
117.0000000000001; 0.25681408567064556
117.10000000000011; 0.2573614131862483
117.2000000000001; 0.2579081457691047
117.3000000000001; 0.25845428205006893
117.4000000000001; 0.25899982067886973
117.5000000000001; 0.2595447603239944
117.60000000000011; 0.2600890996725644
117.7000000000001; 0.26063283743022214
117.8000000000001; 0.26117597232100476
117.9000000000001; 0.26171850308722966
118.0000000000001; 0.26226042848937714
118.10000000000011; 0.2628017473059692
118.2000000000001; 0.2633424583334558
118.30000000000011; 0.26388256038609514
118.4000000000001; 0.26442205229583743
118.5000000000001; 0.26496093291221295
118.60000000000011; 0.26549920110221176
118.7000000000001; 0.2660368557501692
118.80000000000011; 0.26657389575765295
118.9000000000001; 0.2671103200433488
119.0000000000001; 0.2676461275429469
119.10000000000011; 0.26818131720902466
119.2000000000001; 0.26871588801094154
119.30000000000011; 0.26924983893471643
119.4000000000001; 0.26978316898292637
119.5000000000001; 0.27031587717458594
119.60000000000011; 0.2708479625450443
119.7000000000001; 0.2713794241458678
119.80000000000011; 0.2719102610447323
119.9000000000001; 0.272440472325314
120.0000000000001; 0.2729700570871819
120.10000000000011; 0.2734990144456854
120.2000000000001; 0.2740273435318467
120.30000000000011; 0.27455504349225696
120.4000000000001; 0.2750821134889613
120.5000000000001; 0.2756085526993624
120.60000000000011; 0.2761343603161035
120.7000000000001; 0.27665953554696743
120.80000000000011; 0.2771840776147744
120.9000000000001; 0.27770798575726835
121.00000000000011; 0.27823125922702246
121.10000000000011; 0.27875389729132366
121.2000000000001; 0.2792758992320827
121.30000000000011; 0.27979726434571706
121.4000000000001; 0.2803179919430581
121.50000000000011; 0.2808380813492432
121.60000000000011; 0.2813575319036199
121.7000000000001; 0.2818763429596365
121.80000000000011; 0.2823945138847496
121.9000000000001; 0.28291204406031684
122.00000000000011; 0.2834289328815009
122.10000000000011; 0.28394517975717
122.2000000000001; 0.28446078410979636
122.30000000000011; 0.2849757453753623
122.4000000000001; 0.2854900630032555
122.50000000000011; 0.28600373645618005
122.60000000000011; 0.28651676521005104
122.7000000000001; 0.28702914875390223
122.80000000000011; 0.2875408865897902
122.9000000000001; 0.2880519782326987
123.00000000000011; 0.2885624232104408
123.10000000000011; 0.2890722210635675
123.2000000000001; 0.28958137134526873
123.30000000000011; 0.2900898736212868
123.4000000000001; 0.2905977274698183
123.50000000000011; 0.29110493248141867
123.60000000000011; 0.29161148825891686
123.7000000000001; 0.2921173944173186
123.80000000000011; 0.2926226505837165
123.9000000000001; 0.2931272563971959
124.00000000000011; 0.29363121150875005
124.10000000000011; 0.2941345155811865
124.2000000000001; 0.29463716828903663
124.30000000000011; 0.2951391693184699
124.4000000000001; 0.295640518367202
124.50000000000011; 0.2961412151444075
124.60000000000011; 0.29664125937063285
124.70000000000012; 0.29714065077770946
124.80000000000011; 0.2976393891086659
124.9000000000001; 0.29813747411763897
125.00000000000011; 0.2986349055697948
125.10000000000011; 0.2991316832412359
125.20000000000012; 0.29962780691892105
125.30000000000011; 0.300123276400577
125.4000000000001; 0.3006180914946199
125.50000000000011; 0.3011122520200632
125.60000000000011; 0.3016057578064435
125.70000000000012; 0.3020986086937324
125.80000000000011; 0.3025908045322554
125.9000000000001; 0.30308234518260946
126.00000000000011; 0.3035732305155816
126.10000000000011; 0.3040634604120713
126.20000000000012; 0.3045530347630061
126.30000000000011; 0.30504195346926066
126.4000000000001; 0.3055302164415815
126.50000000000011; 0.3060178236005037
126.60000000000011; 0.3065047748762755
126.70000000000012; 0.3069910702087783
126.80000000000011; 0.30747670954744627
126.9000000000001; 0.30796169285119634
127.00000000000011; 0.3084460200883413
127.10000000000011; 0.3089296912365208
127.20000000000012; 0.30941270628262335
127.30000000000011; 0.309895065222709
127.40000000000012; 0.31037676806193426
127.50000000000011; 0.31085781481447994
127.60000000000011; 0.3113382055034733
127.70000000000012; 0.31181794016091635
127.80000000000011; 0.3122970188276106
127.90000000000012; 0.31277544155308723
128.0000000000001; 0.31325320839552934
128.1000000000001; 0.31373031942170426
128.2000000000001; 0.3142067747068884
128.30000000000013; 0.31468257433479707
128.40000000000012; 0.3151577183975154
128.5000000000001; 0.3156322069954243
128.6000000000001; 0.3161060402371314
128.7000000000001; 0.31657921823940366
128.80000000000013; 0.31705174112709367
128.90000000000012; 0.31752360903307414
129.0000000000001; 0.31799482209816793
129.1000000000001; 0.3184653804710814
129.2000000000001; 0.31893528430833296
129.30000000000013; 0.3194045337741894
129.40000000000012; 0.31987312904059984
129.5000000000001; 0.3203410702871225
129.6000000000001; 0.3208083577008666
129.7000000000001; 0.3212749914764241
129.80000000000013; 0.32174097181579925
129.90000000000012; 0.32220629892835073
130.0000000000001; 0.32267097303072306
130.1000000000001; 0.32313499434678616
130.2000000000001; 0.323598363107565
130.30000000000013; 0.32406107955118224
130.40000000000012; 0.32452314392279386
130.5000000000001; 0.3249845564745235
130.6000000000001; 0.32544531746540534
130.7000000000001; 0.32590542716131765
130.80000000000013; 0.3263648858349253
130.90000000000012; 0.32682369376561327
131.0000000000001; 0.3272818512394312
131.1000000000001; 0.3277393585490326
131.2000000000001; 0.32819621599361004
131.30000000000013; 0.3286524238788434
131.40000000000012; 0.32910798251683193
131.5000000000001; 0.32956289222604207
131.6000000000001; 0.33001715333124687
131.7000000000001; 0.3304707661634653
131.80000000000013; 0.3309237310599111
131.90000000000012; 0.33137604836392826
132.0000000000001; 0.3318277184249367
132.1000000000001; 0.3322787415983775
132.2000000000001; 0.3327291182456545
132.30000000000013; 0.33317884873407927
132.40000000000012; 0.3336279334368146
132.5000000000001; 0.33407637273282154
132.6000000000001; 0.33452416700679977
132.70000000000013; 0.33497131664914054
132.80000000000013; 0.3354178220558648
132.90000000000012; 0.33586368362857477
133.0000000000001; 0.33630890177439743
133.1000000000001; 0.3367534769059334
133.20000000000013; 0.3371974094412035
133.30000000000013; 0.337640699803596
133.40000000000012; 0.3380833484218146
133.5000000000001; 0.33852535572982645
133.6000000000001; 0.3389667221668117
133.70000000000013; 0.3394074481771127
133.80000000000013; 0.3398475342101803
133.90000000000012; 0.3402869807205279
134.0000000000001; 0.3407257881676779
134.1000000000001; 0.3411639570161126
134.20000000000013; 0.3416014877352278
134.30000000000013; 0.3420383807992769
134.40000000000012; 0.34247463668733147
134.5000000000001; 0.34291025588322493
134.6000000000001; 0.34334523887550866
134.70000000000013; 0.3437795861574012
134.80000000000013; 0.34421329822674446
134.90000000000012; 0.34464637558595446
135.0000000000001; 0.34507881874197316
135.1000000000001; 0.34551062820622475
135.20000000000013; 0.345941804494569
135.30000000000013; 0.34637234812725104
135.40000000000012; 0.3468022596288637
135.5000000000001; 0.3472315395282943
135.6000000000001; 0.3476601883586843
135.70000000000013; 0.3480882066573856
135.80000000000013; 0.3485155949659099
135.90000000000012; 0.3489423538298917
136.0000000000001; 0.3493684837990423
136.1000000000001; 0.34979398542710277
136.20000000000013; 0.3502188592718056
136.30000000000013; 0.35064310589483016
136.40000000000012; 0.3510667258617582
136.5000000000001; 0.35148971974203436
136.6000000000001; 0.35191208810892444
136.70000000000013; 0.35233383153946873
136.80000000000013; 0.35275495061444906
136.90000000000012; 0.3531754459183378
137.0000000000001; 0.3535953180392649
137.1000000000001; 0.3540145675689738
137.20000000000013; 0.3544331951027825
137.30000000000013; 0.3548512012395411
137.40000000000012; 0.3552685865815951
137.5000000000001; 0.3556853517347437
137.6000000000001; 0.356101497308204
137.70000000000013; 0.3565170239145671
137.80000000000013; 0.356931932169763
137.90000000000012; 0.3573462226930219
138.0000000000001; 0.35775989610683395
138.1000000000001; 0.3581729530369152
138.20000000000013; 0.3585853941121668
138.30000000000013; 0.35899721996463846
138.40000000000012; 0.3594084312294928
138.5000000000001; 0.3598190285449675
138.60000000000014; 0.3602290125523386
138.70000000000013; 0.3606383838958829
138.80000000000013; 0.36104714322284853
138.90000000000012; 0.3614552911834086
139.0000000000001; 0.3618628284306353
139.10000000000014; 0.3622697556204596
139.20000000000013; 0.36267607341163866
139.30000000000013; 0.363081782465719
139.40000000000012; 0.36348688344700386
139.5000000000001; 0.3638913770225181
139.60000000000014; 0.3642952638619736
139.70000000000013; 0.3646985446377382
139.80000000000013; 0.36510122002479906
139.90000000000012; 0.3655032907007319
140.0000000000001; 0.3659047573456656
140.10000000000014; 0.36630562064225186
140.20000000000013; 0.36670588127563014
140.30000000000013; 0.3671055399334003
140.40000000000012; 0.36750459730558244
140.5000000000001; 0.36790305408459484
140.60000000000014; 0.3683009109652135
140.70000000000013; 0.36869816864454563
140.80000000000013; 0.36909482782199965
140.90000000000012; 0.3694908891992497
141.0000000000001; 0.3698863534802098
141.10000000000014; 0.3702812213709989
141.20000000000013; 0.37067549357991425
141.30000000000013; 0.37106917081740187
141.40000000000012; 0.37146225379602227
141.5000000000001; 0.3718547432304271
141.60000000000014; 0.37224663983732187
141.70000000000013; 0.3726379443354465
141.80000000000013; 0.37302865744553815
141.90000000000012; 0.37341877989030803
142.0000000000001; 0.37380831239440954
142.10000000000014; 0.37419725568441264
142.20000000000013; 0.37458561048877315
142.30000000000013; 0.37497337753780846
142.40000000000012; 0.37536055756366515
142.5000000000001; 0.37574715130029757
142.60000000000014; 0.3761331594834339
142.70000000000013; 0.37651858285055506
142.80000000000013; 0.37690342214086675
142.90000000000012; 0.37728767809526886
143.0000000000001; 0.3776713514563335
143.10000000000014; 0.37805444296827756
143.20000000000013; 0.3784369533769362
143.30000000000013; 0.3788188834297381
143.40000000000012; 0.37920023387567825
143.5000000000001; 0.379581005465295
143.60000000000014; 0.37996119895064223
143.70000000000013; 0.38034081508526585
143.80000000000013; 0.3807198546241797
143.90000000000012; 0.38109831832383895
144.0000000000001; 0.38147620694211787
144.10000000000014; 0.3818535212382844
144.20000000000013; 0.38223026197297655
144.30000000000013; 0.3826064299081775
144.40000000000012; 0.38298202580719304
144.5000000000001; 0.38335705043462964
144.60000000000014; 0.38373150455636607
144.70000000000013; 0.3841053889395363
144.80000000000013; 0.38447870435250264
144.90000000000012; 0.38485145156483647
145.0000000000001; 0.3852236313472903
145.10000000000014; 0.38559524447178056
145.20000000000013; 0.38596629171136243
145.30000000000013; 0.38633677384021126
145.40000000000012; 0.3867066916335945
145.50000000000014; 0.3870760458678571
145.60000000000014; 0.3874448373203943
145.70000000000013; 0.38781306676963445
145.80000000000013; 0.3881807349950155
145.90000000000012; 0.38854784277696386
146.00000000000014; 0.3889143908968754
146.10000000000014; 0.3892803801370929
146.20000000000013; 0.38964581128088616
146.30000000000013; 0.3900106851124333
146.40000000000012; 0.39037500241679807
146.50000000000014; 0.39073876397991053
146.60000000000014; 0.39110197058854795
146.70000000000013; 0.3914646230303156
146.80000000000013; 0.39182672209362546
146.90000000000012; 0.3921882685676779
147.00000000000014; 0.39254926324244294
147.10000000000014; 0.3929097069086387
147.20000000000013; 0.3932696003577173
147.30000000000013; 0.3936289443818411
147.40000000000012; 0.39398773977386786
147.50000000000014; 0.394345987327329
147.60000000000014; 0.3947036878364128
147.70000000000013; 0.39506084209594994
147.80000000000013; 0.39541745090138675
147.90000000000012; 0.39577351504877833
148.00000000000014; 0.3961290353347601
148.10000000000014; 0.39648401255653837
148.20000000000013; 0.3968384475118696
148.30000000000013; 0.3971923409990421
148.40000000000012; 0.39754569381686283
148.50000000000014; 0.39789850676463484
148.60000000000014; 0.39825078064214464
148.70000000000013; 0.39860251624964593
148.80000000000013; 0.3989537143878407
148.90000000000012; 0.3993043758578616
149.00000000000014; 0.3996545014612605
149.10000000000014; 0.40000409199998826
149.20000000000013; 0.4003531482763796
149.30000000000013; 0.40070167109313987
149.40000000000012; 0.401049661253324
149.50000000000014; 0.4013971195603259
149.60000000000014; 0.40174404681786186
149.70000000000013; 0.40209044382995224
149.80000000000013; 0.4024363114009112
149.90000000000012; 0.40278165033532703
150.00000000000014; 0.40312646143805014
150.10000000000014; 0.4034707530528497
150.20000000000013; 0.4038145185300091
150.30000000000013; 0.4041577585594827
150.40000000000012; 0.4045004739397646
150.50000000000014; 0.40484266546959863
150.60000000000014; 0.4051843339479717
150.70000000000013; 0.40552548017409396
150.80000000000013; 0.40586610494738534
150.90000000000012; 0.40620620906746435
151.00000000000014; 0.4065457933341296
151.10000000000014; 0.40688485854735035
151.20000000000013; 0.4072234055072476
151.30000000000013; 0.407561435014086
151.40000000000015; 0.4078989478682555
151.50000000000014; 0.40823594487026194
151.60000000000014; 0.4085724268207107
151.70000000000013; 0.4089083945202932
151.80000000000013; 0.4092438487697768
151.90000000000015; 0.40957879036999134
152.00000000000014; 0.4099132201218111
152.10000000000014; 0.4102471388261487
152.20000000000013; 0.41058054728394067
152.30000000000013; 0.4109134462961321
152.40000000000015; 0.41124583666366576
152.50000000000014; 0.4115777191874713
152.60000000000014; 0.4119090946684511
152.70000000000013; 0.41223996390747114
152.80000000000013; 0.41257032770534274
152.90000000000015; 0.41290018686281826
153.00000000000014; 0.4132295421805749
153.10000000000014; 0.4135583944592025
153.20000000000013; 0.41388674449919466
153.30000000000013; 0.4142145931009364
153.40000000000015; 0.4145419410646908
153.50000000000014; 0.4148687891905914
153.60000000000014; 0.4151951382786273
153.70000000000013; 0.41552098912863583
153.80000000000013; 0.41584634254028585
153.90000000000015; 0.4161711993130763
154.00000000000014; 0.41649556024631323
154.10000000000014; 0.4168194261391118
154.20000000000013; 0.41714279779037505
154.30000000000013; 0.4174656759987908
154.40000000000015; 0.4177880615628169
154.50000000000014; 0.4181099552806736
154.60000000000014; 0.41843135795033215
154.70000000000013; 0.4187522703695037
154.80000000000013; 0.41907269333563246
154.90000000000015; 0.4193926276458827
155.00000000000014; 0.4197120740971316
155.10000000000014; 0.4200310334859548
155.20000000000013; 0.4203495066086239
155.30000000000013; 0.42066749426109123
155.40000000000015; 0.4209849972389822
155.50000000000014; 0.4213020163375857
155.60000000000014; 0.42161855235184775
155.70000000000013; 0.4219346060763564
155.80000000000013; 0.42225017830533884
155.90000000000015; 0.422565269832647
156.00000000000014; 0.42287988145175426
156.10000000000014; 0.4231940139557409
156.20000000000013; 0.42350766813729035
156.30000000000013; 0.42382084478867593
156.40000000000015; 0.42413354470175735
156.50000000000014; 0.42444576866796674
156.60000000000014; 0.4247575174783061
156.70000000000013; 0.4250687919233333
156.80000000000013; 0.42537959279315724
156.90000000000015; 0.42568992087742974
157.00000000000014; 0.425999776965336
157.10000000000014; 0.42630916184558715
157.20000000000013; 0.4266180763064135
157.30000000000013; 0.42692652113555324
157.40000000000015; 0.4272344971202501
157.50000000000014; 0.42754200504724155
157.60000000000014; 0.4278490457027507
157.70000000000013; 0.42815561987248196
157.80000000000013; 0.42846172834161295
157.90000000000015; 0.4287673718947837
158.00000000000014; 0.4290725513160945
158.10000000000014; 0.4293772673890945
158.20000000000013; 0.42968152089677497
158.30000000000015; 0.4299853126215661
158.40000000000015; 0.4302886433453261
158.50000000000014; 0.4305915138493338
158.60000000000014; 0.4308939249142858
158.70000000000013; 0.43119587732028614
158.80000000000015; 0.43149737184683973
158.90000000000015; 0.43179840927284935
159.00000000000014; 0.43209899037660365
159.10000000000014; 0.43239911593577457
159.20000000000013; 0.43269878672741
159.30000000000015; 0.4329980035279275
159.40000000000015; 0.4332967671131053
159.50000000000014; 0.43359507825808113
159.60000000000014; 0.433892937737343
159.70000000000013; 0.43419034632472
159.80000000000015; 0.4344873047933843
159.90000000000015; 0.43478381391583804
160.00000000000014; 0.4350798744639105
