energy (keV); transmission
1.0; 0.0
1.1; 0.0
1.2000000000000002; 0.0
1.3000000000000003; 0.0
1.4000000000000004; 0.0
1.5000000000000004; 0.0
1.6000000000000005; 0.0
1.7000000000000006; 0.0
1.8000000000000007; 0.0
1.9000000000000008; 0.0
2.000000000000001; 0.0
2.100000000000001; 0.0
2.200000000000001; 0.0
2.300000000000001; 0.0
2.4000000000000012; 0.0
2.5000000000000013; 0.0
2.6000000000000014; 0.0
2.7000000000000015; 0.0
2.8000000000000016; 0.0
2.9000000000000017; 0.0
3.0000000000000018; 0.0
3.100000000000002; 0.0
3.200000000000002; 0.0
3.300000000000002; 0.0
3.400000000000002; 0.0
3.500000000000002; 0.0
3.6000000000000023; 0.0
3.7000000000000024; 0.0
3.8000000000000025; 0.0
3.9000000000000026; 0.0
4.000000000000003; 0.0
4.100000000000003; 0.0
4.200000000000003; 0.0
4.3000000000000025; 0.0
4.400000000000003; 0.0
4.5000000000000036; 0.0
4.600000000000003; 0.0
4.700000000000003; 0.0
4.800000000000003; 0.0
4.900000000000004; 0.0
5.0000000000000036; 0.0
5.100000000000003; 0.0
5.200000000000004; 0.0
5.300000000000004; 1.4812e-319
5.400000000000004; 7.715365070026385e-304
5.5000000000000036; 4.028903270284395e-289
5.600000000000004; 2.461297244821864e-275
5.700000000000005; 2.0324094032757835e-262
5.800000000000004; 2.5976179442557185e-250
5.900000000000004; 5.835550852648063e-239
6.000000000000004; 0.0
6.100000000000005; 0.0
6.200000000000005; 0.0
6.300000000000004; 0.0
6.400000000000005; 0.0
6.500000000000005; 0.0
6.600000000000005; 0.0
6.700000000000005; 8.9934794e-317
6.800000000000005; 1.727293820442647e-304
6.900000000000006; 2.2547837384786127e-292
7.000000000000005; 1.5936725603299574e-280
7.100000000000005; 5.0841356991852174e-269
7.2000000000000055; 0.0
7.300000000000006; 0.0
7.400000000000006; 0.0
7.500000000000005; 0.0
7.600000000000006; 0.0
7.700000000000006; 1.9079019156e-314
7.800000000000006; 4.3972136456965924e-303
7.900000000000006; 2.4451914776204565e-292
8.000000000000007; 3.4367410787222544e-282
8.100000000000007; 1.3738089466113216e-272
8.200000000000006; 1.6281246531550343e-263
8.300000000000006; 6.337213255599375e-255
8.400000000000006; 0.0
8.500000000000007; 0.0
8.600000000000007; 0.0
8.700000000000006; 0.0
8.800000000000008; 0.0
8.900000000000007; 0.0
9.000000000000007; 0.0
9.100000000000007; 0.0
9.200000000000006; 0.0
9.300000000000008; 0.0
9.400000000000007; 0.0
9.500000000000007; 0.0
9.600000000000009; 0.0
9.700000000000008; 0.0
9.800000000000008; 0.0
9.900000000000007; 0.0
10.000000000000007; 0.0
10.100000000000009; 0.0
10.200000000000008; 0.0
10.300000000000008; 7.38984e-319
10.40000000000001; 5.7124196919953e-311
10.500000000000009; 2.5044248907863914e-303
10.600000000000009; 6.35455211243257e-296
10.700000000000008; 9.514820256647266e-289
10.800000000000008; 8.566059244481979e-282
10.90000000000001; 4.7210812820447245e-275
11.000000000000009; 1.6206822358031175e-268
11.100000000000009; 3.5235379227087774e-262
11.20000000000001; 4.92989011336334e-256
11.30000000000001; 4.507750852152578e-250
11.40000000000001; 2.7338781819679635e-244
11.500000000000009; 1.1155326618903e-238
11.600000000000009; 3.1047119221328433e-233
11.70000000000001; 5.972033522383216e-228
11.80000000000001; 8.040703347541977e-223
11.90000000000001; 7.670739274951651e-218
12.00000000000001; 5.246287477103249e-213
12.10000000000001; 2.6016368152528917e-208
12.20000000000001; 9.456803949605652e-204
12.30000000000001; 2.546193128511164e-199
12.40000000000001; 5.1293624370346225e-195
12.50000000000001; 7.806796767402172e-191
12.60000000000001; 9.060979516169523e-187
12.70000000000001; 8.092352414498173e-183
12.800000000000011; 5.609595907035513e-179
12.900000000000011; 3.043450611435275e-175
13.00000000000001; 1.3027648558122296e-171
13.10000000000001; 4.433940483632304e-168
13.20000000000001; 1.208853052956025e-164
13.300000000000011; 2.6590987081629587e-161
13.400000000000011; 4.752001045574781e-158
13.50000000000001; 6.945353885795465e-155
13.600000000000012; 8.355603193028457e-152
13.700000000000012; 8.325606012838237e-149
13.800000000000011; 6.911952873320597e-146
13.900000000000011; 4.80874538516393e-143
14.00000000000001; 2.8191537244065054e-140
14.100000000000012; 1.4001857866473928e-137
14.200000000000012; 5.922075298840273e-135
14.300000000000011; 2.1436092306605476e-132
14.400000000000013; 6.67246886699051e-130
14.500000000000012; 1.7943585518669789e-127
14.600000000000012; 4.187507860443545e-125
14.700000000000012; 8.51726173384379e-123
14.800000000000011; 1.5161820173175836e-120
14.900000000000013; 2.371679687247788e-118
15.000000000000012; 3.272654317888881e-116
15.100000000000012; 4.0083513228689936e-114
15.200000000000014; 4.363386969243356e-112
15.300000000000013; 4.2372157777687357e-110
15.400000000000013; 3.683680844871644e-108
15.500000000000012; 2.8768338721737805e-106
15.600000000000012; 2.0249277929803528e-104
15.700000000000014; 1.2886742908556255e-102
15.800000000000013; 7.437743998838121e-101
15.900000000000013; 3.90463314736305e-99
16.000000000000014; 1.8697768869740715e-97
16.100000000000016; 8.189447154210007e-96
16.200000000000014; 3.2893977400276533e-94
16.30000000000001; 1.2147190749889644e-92
16.400000000000013; 4.13422641320358e-91
16.500000000000014; 1.299855857007581e-89
16.600000000000016; 3.784130761253134e-88
16.700000000000014; 1.022256622382032e-86
16.800000000000015; 2.5680073590763046e-85
16.900000000000013; 6.011225067712364e-84
17.000000000000014; 1.3137642844057314e-82
17.100000000000016; 2.685886877562867e-81
17.200000000000014; 5.146047110033504e-80
17.300000000000015; 9.256537639874251e-79
17.400000000000013; 1.565882827925923e-77
17.500000000000014; 2.495330407138012e-76
17.600000000000016; 3.7519176736645827e-75
17.700000000000014; 5.331020627506687e-74
17.800000000000015; 7.168900538171753e-73
17.900000000000016; 9.13717552884321e-72
18.000000000000014; 1.105351208851535e-70
18.100000000000016; 1.2708947523366072e-69
18.200000000000017; 1.3906346240596027e-68
18.300000000000015; 1.4499921752394582e-67
18.400000000000016; 1.4424639584615167e-66
18.500000000000014; 1.3707291829816494e-65
18.600000000000016; 1.2456906170299663e-64
18.700000000000017; 1.0838506032894977e-63
18.800000000000015; 9.038641338615758e-63
18.900000000000016; 7.232204294139538e-62
19.000000000000014; 2.8530893033512523e-68
19.100000000000016; 2.612985717409077e-67
19.200000000000017; 2.2942562015270674e-66
19.300000000000015; 1.933262216793586e-65
19.400000000000016; 1.5650557711282232e-64
19.500000000000018; 1.2184040514276542e-63
19.600000000000016; 9.130490486456707e-63
19.700000000000017; 6.592406485850669e-62
19.80000000000002; 4.5902284562044736e-61
19.900000000000016; 3.084937796310848e-60
20.000000000000018; 2.002857533260361e-59
20.100000000000016; 1.2209242811853774e-62
20.200000000000017; 8.308220740532292e-62
20.30000000000002; 5.463561477104524e-61
20.400000000000016; 3.4747208371625553e-60
20.500000000000018; 2.1387471074356643e-59
20.600000000000016; 1.2749853395032799e-58
20.700000000000017; 7.366478041845554e-58
20.80000000000002; 4.127797846495629e-57
20.900000000000016; 2.2447501201360002e-56
21.000000000000018; 1.1854643833211584e-55
21.10000000000002; 6.083487729924016e-55
21.200000000000017; 3.0354712518024293e-54
21.30000000000002; 1.4735604888205698e-53
21.40000000000002; 6.963548647000317e-53
21.500000000000018; 3.205237019225945e-52
21.60000000000002; 1.4377934255836024e-51
21.700000000000017; 6.288883780597525e-51
21.80000000000002; 2.683610502885581e-50
21.90000000000002; 1.1177809160952867e-49
22.000000000000018; 4.5467613430854185e-49
22.10000000000002; 1.8070389889226154e-48
22.200000000000017; 7.020357662418281e-48
22.30000000000002; 2.6673421496820574e-47
22.40000000000002; 9.915680465465693e-47
22.500000000000018; 3.608131884145358e-46
22.60000000000002; 1.285717420073424e-45
22.70000000000002; 4.4884311295355716e-45
22.80000000000002; 1.5357050729393127e-44
22.90000000000002; 5.151804157512622e-44
23.00000000000002; 1.6951927045410588e-43
23.10000000000002; 5.473346245884271e-43
23.20000000000002; 1.7346940950586918e-42
23.30000000000002; 5.398675452704954e-42
23.40000000000002; 1.650442509175608e-41
23.50000000000002; 4.958078124740414e-41
23.60000000000002; 1.4641094373050334e-40
23.70000000000002; 4.251331252187572e-40
23.80000000000002; 1.2142504981168761e-39
23.90000000000002; 3.41240884490718e-39
24.00000000000002; 9.438817660385758e-39
24.10000000000002; 2.5704501864382116e-38
24.20000000000002; 6.893886982829561e-38
24.300000000000022; 1.8214108336417744e-37
24.40000000000002; 4.742016440045149e-37
24.50000000000002; 1.2168846881208511e-36
24.600000000000023; 3.078819296808523e-36
24.70000000000002; 7.682135077250909e-36
24.800000000000022; 1.8908395087300406e-35
24.90000000000002; 4.592106333028963e-35
25.00000000000002; 1.1006795046530307e-34
25.100000000000023; 2.6043916092764624e-34
25.20000000000002; 6.084860928168956e-34
25.300000000000022; 1.4040877578284238e-33
25.40000000000002; 3.200627741732443e-33
25.50000000000002; 7.208905997086183e-33
25.600000000000023; 1.6046885171992263e-32
25.70000000000002; 3.530946983388621e-32
25.800000000000022; 7.681758257041625e-32
25.900000000000023; 1.6526734982252968e-31
26.00000000000002; 3.5168723749842643e-31
26.100000000000023; 7.403781248708675e-31
26.200000000000024; 1.5422703208572514e-30
26.300000000000022; 3.179495155103937e-30
26.400000000000023; 6.488221621943681e-30
26.50000000000002; 1.3108121921012793e-29
26.600000000000023; 2.622275938675454e-29
26.700000000000024; 5.195336592221273e-29
26.800000000000022; 1.0195748066853454e-28
26.900000000000023; 1.982283810828171e-28
27.00000000000002; 3.818771457958896e-28
27.100000000000023; 7.290560728325475e-28
27.200000000000024; 1.3795726200888178e-27
27.300000000000022; 2.587856264973687e-27
27.400000000000023; 4.812956489202521e-27
27.500000000000025; 8.876114011300649e-27
27.600000000000023; 1.6234340283863738e-26
27.700000000000024; 2.945151910409459e-26
27.800000000000026; 5.300310063272738e-26
27.900000000000023; 9.463971586722516e-26
28.000000000000025; 1.6767991971687847e-25
28.100000000000023; 2.948356125015013e-25
28.200000000000024; 5.145466419969268e-25
28.300000000000026; 8.913927141087482e-25
28.400000000000023; 1.5330823381942983e-24
28.500000000000025; 2.6179748319601523e-24
28.600000000000023; 4.439351707951453e-24
28.700000000000024; 7.476137335449731e-24
28.800000000000026; 1.2505100628604977e-23
28.900000000000023; 2.0777674939685244e-23
29.000000000000025; 3.4296772885805134e-23
29.100000000000026; 5.624733375026361e-23
29.200000000000024; 9.166170694512158e-23
29.300000000000026; 1.4844150298255072e-22
29.400000000000027; 2.3891718874306415e-22
29.500000000000025; 3.8221394429276956e-22
29.600000000000026; 6.0781912848695315e-22
29.700000000000024; 9.609299871431318e-22
29.800000000000026; 1.5104235583276502e-21
29.900000000000027; 2.360666848942619e-21
30.000000000000025; 3.668919543384362e-21
30.100000000000026; 5.671808424832384e-21
30.200000000000024; 8.72061274736104e-21
30.300000000000026; 1.3336751324667459e-20
30.400000000000027; 2.028928002960048e-20
30.500000000000025; 3.070661980802301e-20
30.600000000000026; 4.62360571531495e-20
30.700000000000028; 6.927028138239308e-20
30.800000000000026; 1.0326754298037365e-19
30.900000000000027; 1.5320192133750303e-19
31.00000000000003; 2.261935422979879e-19
31.100000000000026; 3.3238650028698306e-19
31.200000000000028; 4.861661620135761e-19
31.300000000000026; 7.078393253778127e-19
31.400000000000027; 1.0259427769925815e-18
31.50000000000003; 1.4804012030866935e-18
31.600000000000026; 2.1268280686492104e-18
31.700000000000028; 3.0423579412846423e-18
31.800000000000026; 4.3335220497301814e-18
31.900000000000027; 6.1468384856637295e-18
32.00000000000003; 8.682994206208833e-18
32.10000000000002; 1.2215760112259972e-17
32.20000000000003; 1.711711814648138e-17
32.300000000000026; 2.3890509329396246e-17
32.40000000000003; 3.321465700570477e-17
32.50000000000003; 4.600110857785616e-17
32.60000000000003; 6.346950616276826e-17
32.70000000000003; 8.72456838629887e-17
32.800000000000026; 1.194890474813797e-16
32.90000000000003; 1.6305738278813833e-16
33.00000000000003; 2.21719334482626e-16
33.10000000000003; 3.0042738790201807e-16
33.20000000000003; 4.0566737441857793e-16
33.300000000000026; 5.459044342327997e-16
33.40000000000003; 7.32150154793741e-16
33.50000000000003; 9.786814338211244e-16
33.60000000000003; 1.3039486979785643e-15
33.70000000000003; 1.7317196819097322e-15
33.800000000000026; 2.2925153181237847e-15
33.90000000000003; 3.0254067324087925e-15
34.00000000000003; 3.98025726047372e-15
34.10000000000003; 5.220511236554651e-15
34.20000000000003; 6.826652557408605e-15
34.30000000000003; 8.900481273425252e-15
34.40000000000003; 1.1570386363944815e-14
34.50000000000003; 1.4997828170535968e-14
34.60000000000003; 1.9385285547308695e-14
34.70000000000003; 2.4985971613030003e-14
34.80000000000003; 3.211567915304709e-14
34.90000000000003; 4.1167183455947466e-14
35.00000000000003; 5.262770806690329e-14
35.10000000000003; 6.710004914954958e-14
35.20000000000003; 8.532805860187523e-14
35.30000000000003; 1.0822730669443183e-13
35.400000000000034; 1.3692188392665252e-13
35.50000000000003; 1.727884613871147e-13
35.60000000000003; 2.175089117586893e-13
35.70000000000003; 2.731330020830888e-13
35.80000000000003; 3.4215290762283585e-13
35.900000000000034; 4.2759156704660646e-13
36.00000000000003; 5.331072064348669e-13
36.10000000000003; 6.631167072964707e-13
36.20000000000003; 8.229408862657795e-13
36.30000000000003; 1.0189751961316711e-12
36.400000000000034; 1.258889854396951e-12
36.50000000000003; 1.5518639621150089e-12
36.60000000000003; 1.9088587981049047e-12
36.70000000000003; 2.3429361679967076e-12
36.80000000000003; 2.869628460471023e-12
36.900000000000034; 3.5073679214935174e-12
37.00000000000003; 4.277983608652766e-12
37.10000000000003; 5.207275539585508e-12
37.20000000000003; 6.325676709057351e-12
37.30000000000003; 7.669014926963422e-12
37.400000000000034; 9.279387833170873e-12
37.500000000000036; 1.1206165983830494e-11
37.60000000000003; 1.3507140587053345e-11
37.70000000000003; 1.6249834303238945e-11
37.80000000000003; 1.9512995527040363e-11
37.900000000000034; 2.3388298743868948e-11
38.000000000000036; 2.7982275914552516e-11
38.10000000000003; 3.34185063975323e-11
38.20000000000003; 3.984009567944681e-11
38.30000000000003; 4.741247616267075e-11
38.400000000000034; 5.632656646266148e-11
38.500000000000036; 6.6802329109611e-11
38.60000000000004; 7.909277023746117e-11
38.70000000000003; 9.348842878970526e-11
38.80000000000003; 1.1032240698396567e-10
38.900000000000034; 1.2997599826684444e-10
39.000000000000036; 1.528849737641515e-10
39.10000000000004; 1.7954659329880427e-10
39.20000000000003; 2.1052741241591786e-10
39.30000000000003; 2.4647196252969954e-10
39.400000000000034; 2.8811238729398595e-10
39.500000000000036; 3.3627912460471384e-10
39.60000000000004; 3.9191273027018185e-10
39.70000000000003; 4.5607694633715253e-10
39.80000000000003; 5.29973124340819e-10
39.900000000000034; 6.1495612135062e-10
40.000000000000036; 7.125510108557826e-10
40.10000000000004; 8.244106216975164e-10
40.20000000000003; 9.52507625285594e-10
40.30000000000003; 1.0990002515024513e-09
40.400000000000034; 1.2663059619926683e-09
40.500000000000036; 1.4571290623860635e-09
40.60000000000004; 1.6744908474019574e-09
40.70000000000004; 1.9217624687806173e-09
40.80000000000003; 2.2027007263450657e-09
40.900000000000034; 2.521486993088626e-09
41.000000000000036; 2.882769496024368e-09
41.10000000000004; 3.291709185568526e-09
41.20000000000004; 3.754029437463211e-09
41.30000000000003; 4.276069842646134e-09
41.400000000000034; 4.864844352007784e-09
41.500000000000036; 5.528104054622581e-09
41.60000000000004; 6.274404879787046e-09
41.70000000000004; 7.113180524952932e-09
41.80000000000004; 8.05482092347083e-09
41.900000000000034; 9.110756577824987e-09
42.000000000000036; 1.0293549095758166e-08
42.10000000000004; 1.1616988278344708e-08
42.20000000000004; 1.3096196120545469e-08
42.30000000000004; 1.4747738096102077e-08
42.400000000000034; 1.6589742109781236e-08
42.500000000000036; 1.8642025510743864e-08
42.60000000000004; 2.0926230571461146e-08
42.70000000000004; 2.3465968846709006e-08
42.80000000000004; 2.6286974837000223e-08
42.900000000000034; 2.9417269390197808e-08
43.000000000000036; 3.2887333283848416e-08
43.10000000000004; 3.673029143917619e-08
43.20000000000004; 4.098210822535662e-08
43.30000000000004; 4.56817943198384e-08
43.400000000000034; 5.087162559690559e-08
43.500000000000036; 5.659737452233525e-08
43.60000000000004; 6.290855453704085e-08
43.70000000000004; 6.985867791659027e-08
43.80000000000004; 7.750552759681567e-08
43.90000000000004; 8.591144345808833e-08
44.000000000000036; 9.514362356228738e-08
44.10000000000004; 1.0527444083678634e-07
44.20000000000004; 1.1638177569933317e-07
44.30000000000004; 1.285493651161184e-07
44.40000000000004; 1.4186716858234758e-07
44.500000000000036; 1.564317515110407e-07
44.60000000000004; 1.723466865107398e-07
44.70000000000004; 1.897229730265461e-07
44.80000000000004; 2.0867947581160697e-07
44.90000000000004; 2.293433826876923e-07
45.00000000000004; 2.5185068204353337e-07
45.10000000000004; 2.763466605087137e-07
45.20000000000004; 3.029864212283732e-07
45.30000000000004; 3.3193542315077495e-07
45.40000000000004; 3.63370041724452e-07
45.50000000000004; 3.97478151385977e-07
45.60000000000004; 4.344597302019502e-07
45.70000000000004; 4.7452748700983674e-07
45.80000000000004; 5.179075113825938e-07
45.90000000000004; 5.648399467215271e-07
46.00000000000004; 6.155796867578397e-07
46.10000000000004; 6.703970957220511e-07
46.20000000000004; 7.295787524135458e-07
46.30000000000004; 7.934282183782736e-07
46.40000000000004; 8.622668303745475e-07
46.50000000000004; 9.36434517279675e-07
46.60000000000004; 1.0162906415605621e-06
46.70000000000004; 1.1022148654013721e-06
46.80000000000004; 1.194608041550159e-06
46.90000000000004; 1.2938931289148306e-06
47.00000000000004; 1.4005161329055719e-06
47.100000000000044; 1.5149470704876286e-06
47.20000000000004; 1.637680959872514e-06
47.30000000000004; 1.7692388347438715e-06
47.40000000000004; 1.9101687828736497e-06
47.50000000000004; 2.0610470089528084e-06
47.600000000000044; 2.2224789214211422e-06
47.70000000000004; 2.3951002430428576e-06
47.80000000000004; 2.5795781449407196e-06
47.90000000000004; 2.7766124037586806e-06
48.00000000000004; 2.9869365815884827e-06
48.100000000000044; 3.211319228254816e-06
48.200000000000045; 3.450565105518499e-06
48.30000000000004; 3.705516432714195e-06
48.40000000000004; 3.977054153303905e-06
48.50000000000004; 4.2660992217880245e-06
48.600000000000044; 4.573613910379159e-06
48.700000000000045; 4.900603134803192e-06
48.80000000000004; 5.248115798556985e-06
48.90000000000004; 5.617246154913702e-06
49.00000000000004; 6.009135185930638e-06
49.100000000000044; 6.4249719976810546e-06
49.200000000000045; 6.865995230887175e-06
49.30000000000004; 7.333494486111056e-06
49.40000000000004; 7.82881176261248e-06
49.50000000000004; 8.35334290995423e-06
49.600000000000044; 8.908539091414192e-06
49.700000000000045; 9.495908258205909e-06
49.80000000000004; 1.0117016633513313e-05
49.90000000000004; 1.0773490205285747e-05
50.00000000000004; 1.1467016226725196e-05
50.100000000000044; 1.2199619673289391e-05
50.200000000000045; 1.297287336925523e-05
50.30000000000005; 1.3788656051673733e-05
50.40000000000004; 1.4648916603369288e-05
50.50000000000004; 1.5555672705736577e-05
50.600000000000044; 1.6511012348716513e-05
50.700000000000045; 1.7517095339295546e-05
50.80000000000005; 1.8576154807247035e-05
50.90000000000004; 1.969049870681664e-05
51.00000000000004; 2.0862511313037084e-05
51.100000000000044; 2.2094654711349743e-05
51.200000000000045; 2.3389470279199855e-05
51.30000000000005; 2.4749580158259222e-05
51.40000000000005; 2.617768871593429e-05
51.50000000000004; 2.7676583994783532e-05
51.600000000000044; 2.9249139148517924e-05
51.700000000000045; 3.0898313863189786e-05
51.80000000000005; 3.2627155762229264e-05
51.90000000000005; 3.4438801793968416e-05
52.00000000000004; 3.633647960027778e-05
52.100000000000044; 3.8323508864994086e-05
52.200000000000045; 4.040330264077078e-05
52.30000000000005; 4.257936865302107e-05
52.40000000000005; 4.4855310579636706e-05
52.50000000000004; 4.7234829305162427e-05
52.600000000000044; 4.972172414811529e-05
52.700000000000045; 5.231989406017756e-05
52.80000000000005; 5.50333387960077e-05
52.90000000000005; 5.786616005237223e-05
53.00000000000004; 6.08225625754171e-05
53.100000000000044; 6.390685523484375e-05
53.200000000000045; 6.712345206380712e-05
53.30000000000005; 7.04768732633755e-05
53.40000000000005; 7.397174617041142e-05
53.50000000000005; 7.761280618776455e-05
53.600000000000044; 8.140489767571197e-05
53.700000000000045; 8.535297480353372e-05
53.80000000000005; 8.946210236029088e-05
53.90000000000005; 9.373745652374033e-05
54.00000000000005; 9.818432558646416e-05
54.100000000000044; 0.00010280811063826231
54.200000000000045; 0.00010761432620397631
54.30000000000005; 0.0001126086008358092
54.40000000000005; 0.00011779667765938078
54.50000000000005; 0.00012318441487274752
54.60000000000005; 0.00012877778619756688
54.700000000000045; 0.00013458288128181625
54.80000000000005; 0.00014060590605331107
54.90000000000005; 0.00014685318302342507
55.00000000000005; 0.00015333115154048278
55.10000000000005; 0.0001600463679921622
55.200000000000045; 0.00016700550595655502
55.30000000000005; 0.0001742153563013245
55.40000000000005; 0.00018168282723053552
55.50000000000005; 0.00018941494427890322
55.60000000000005; 0.0001974188502529882
55.700000000000045; 0.00020570180511911173
55.80000000000005; 0.0002142711858377624
55.90000000000005; 0.00022313448614428652
56.00000000000005; 0.00023229931627562748
56.10000000000005; 0.00024177340264317098
56.200000000000045; 0.00025156458745136237
56.30000000000005; 0.0002616808282623684
56.40000000000005; 0.0002721301975065067
56.50000000000005; 0.0002829208819387209
56.60000000000005; 0.00029406118204103093
56.70000000000005; 0.0003055595113712592
56.80000000000005; 0.0003174243958580207
56.90000000000005; 0.00032966447304229313
57.00000000000005; 0.0003422884912659327
57.10000000000005; 0.00035530530880720397
57.20000000000005; 0.00036872389296377963
57.30000000000005; 0.00038255331908369197
57.40000000000005; 0.000396802769544401
57.50000000000005; 0.0004114815326805669
57.60000000000005; 0.0004265990016611896
57.70000000000005; 0.0004421646733161636
57.800000000000054; 0.00045818814691331804
57.90000000000005; 0.00047467912288623085
58.00000000000005; 0.0004916474015133886
58.10000000000005; 0.0005091028815497256
58.20000000000005; 0.0005270555588106607
58.300000000000054; 0.0005455155247098598
58.40000000000005; 0.0005644929647512225
58.50000000000005; 0.0005839981569758623
58.60000000000005; 0.0006040414703648452
58.70000000000005; 0.0006246333631988696
58.800000000000054; 0.0006457843813750495
58.90000000000005; 0.0006675051566824905
59.00000000000005; 0.0006898064050368371
59.10000000000005; 0.0007126989246752771
59.20000000000005; 0.0007361935943125356
59.300000000000054; 0.0007603013712591066
59.40000000000005; 0.0007850332895024865
59.50000000000005; 0.0008104004577526461
59.60000000000005; 0.0008364140574525492
59.70000000000005; 0.0008630853407548399
59.800000000000054; 0.0008904256284658226
59.900000000000055; 0.0009184463079577528
60.00000000000005; 0.0009471588310502381
60.10000000000005; 0.0009765693832710293
60.20000000000005; 0.0010066946155716375
60.300000000000054; 0.0010375461698313724
60.400000000000055; 0.0010691357445007485
60.50000000000005; 0.0011014750928979315
60.60000000000005; 0.0011345760209858383
60.70000000000005; 0.0011684503851270562
60.800000000000054; 0.001203110089817217
60.900000000000055; 0.001238567085398486
61.00000000000006; 0.0012748333657536658
61.10000000000005; 0.001311920965982557
61.20000000000005; 0.0013498419600614028
61.300000000000054; 0.0013886084584866904
61.400000000000055; 0.0014282326059041428
61.50000000000006; 0.0014687265787247023
61.60000000000005; 0.001510102582727625
61.70000000000005; 0.0015523728506526256
61.800000000000054; 0.001595549639781891
61.900000000000055; 0.001639645229513209
62.00000000000006; 0.0016846719189245966
62.10000000000005; 0.001730642024332963
62.20000000000005; 0.001777567876846351
62.300000000000054; 0.001825461819911744
62.400000000000055; 0.001874336206859593
62.50000000000006; 0.0019242033984451549
62.60000000000005; 0.001975075760389216
62.70000000000005; 0.002026965660917682
62.800000000000054; 0.0020798854683021306
62.900000000000055; 0.0021338475484021947
63.00000000000006; 0.002188864262210025
63.10000000000006; 0.002244947963399111
63.20000000000005; 0.002302110995877221
63.300000000000054; 0.002360365691345173
63.400000000000055; 0.002419724366862398
63.50000000000006; 0.002480199322419737
63.60000000000006; 0.002541802838520585
63.70000000000005; 0.002604547173772086
63.800000000000054; 0.002668444562485973
63.900000000000055; 0.0027335072122906534
64.00000000000006; 0.002799747301755952
64.10000000000005; 0.0028671769780299703
64.20000000000006; 0.002935808354490102
64.30000000000005; 0.0030056535084088346
64.40000000000006; 0.0030767244786344696
64.50000000000006; 0.003149033263288204
64.60000000000005; 0.003222591817478426
64.70000000000006; 0.0032974120510321538
64.80000000000005; 0.0033735058262453674
64.90000000000006; 0.003450884955652688
65.00000000000006; 0.003529561199815692
65.10000000000005; 0.0036095462651337313
65.20000000000006; 0.0036908518016739284
65.30000000000005; 0.003773489401024314
65.40000000000006; 0.0038574705941693357
65.50000000000006; 0.003942806849387446
65.60000000000005; 0.004029509570173707
65.70000000000006; 0.004117590093185793
65.80000000000005; 0.004207059686214662
65.90000000000006; 0.004297929546181117
66.00000000000006; 0.00439021079715811
66.10000000000005; 0.00448391448841853
66.20000000000006; 0.004579051592511083
66.30000000000005; 0.0046756330033624555
66.40000000000006; 0.0047736695344074735
66.50000000000006; 0.004873171916747374
66.60000000000005; 0.004974150797336589
66.70000000000006; 0.005076616737198739
66.80000000000005; 0.00518058020967091
66.90000000000006; 0.005286051598679079
67.00000000000006; 0.005393041197041351
67.10000000000007; 0.0055015592048042366
67.20000000000006; 0.005611615727606314
67.30000000000005; 0.005723220775075682
67.40000000000006; 0.005836384259255819
67.50000000000006; 0.0059511159930651526
67.60000000000007; 0.006067425688786147
67.70000000000006; 0.00618532295658729
67.80000000000005; 0.006304817303076794
67.90000000000006; 0.006425918129888449
68.00000000000006; 0.006548634732298978
68.10000000000007; 0.006672976297878891
68.20000000000006; 0.006798951905175212
68.30000000000005; 0.006926570522426818
68.40000000000006; 0.007055841006312839
68.50000000000006; 0.0071867721007335215
68.60000000000007; 0.007319372435624156
68.70000000000006; 0.0074536505258015725
68.80000000000005; 0.007589614769844071
68.90000000000006; 0.007727273449004145
69.00000000000006; 0.007866634726153674
69.10000000000007; 0.008007706644762747
69.20000000000006; 0.008150497127911131
69.30000000000005; 0.0082950139773329
69.40000000000006; 0.008441264872492788
69.50000000000006; 0.008589257369697142
69.60000000000007; 0.00873899890123627
69.70000000000006; 0.00889049677455979
69.80000000000007; 0.009043758171484461
69.90000000000006; 0.009198790147434606
70.00000000000006; 0.009355599630714683
70.10000000000007; 0.009514193421813777
70.20000000000006; 0.009674578192743104
70.30000000000007; 0.009836760486404186
70.40000000000006; 0.010000746715988922
70.50000000000006; 0.010166543164412536
70.60000000000007; 0.010334155983775802
70.70000000000006; 0.010503591194860868
70.80000000000007; 0.010674854686654816
70.90000000000006; 0.010847952215907865
71.00000000000006; 0.011022889406718797
71.10000000000007; 0.011199671750152686
71.20000000000006; 0.011378304603887961
71.30000000000007; 0.01155879319189323
71.40000000000006; 0.011741142604133817
71.50000000000006; 0.01192535779630834
71.60000000000007; 0.012111443589613032
71.70000000000006; 0.012299404670536224
71.80000000000007; 0.012489245590680268
71.90000000000006; 0.012680970766612079
72.00000000000006; 0.01287458447974189
72.10000000000007; 0.013070090876230185
72.20000000000006; 0.013267493966920039
72.30000000000007; 0.013466797627299142
72.40000000000006; 0.013668005597485496
72.50000000000006; 0.013871121482243927
72.60000000000007; 0.014076148751022997
72.70000000000006; 0.01428309073802368
72.80000000000007; 0.014491950642288719
72.90000000000006; 0.01470273152781988
73.00000000000006; 0.014915436323719165
73.10000000000007; 0.015130067824353973
73.20000000000006; 0.015346628689548052
73.30000000000007; 0.015565121444794012
73.40000000000006; 0.01578554848149135
73.50000000000007; 0.016007912057206107
73.60000000000007; 0.01623221429595337
73.70000000000006; 0.0164584571885039
73.80000000000007; 0.01668664259271023
73.90000000000006; 0.01691677223385672
74.00000000000007; 0.01714884770502941
74.10000000000007; 0.01738287046750691
74.20000000000006; 0.017618841851173482
74.30000000000007; 0.017856763054950292
74.40000000000006; 0.01809663514724849
74.50000000000007; 0.018338459066439345
74.60000000000007; 0.018582235621346498
74.70000000000006; 0.01882796549175516
74.80000000000007; 0.019075649228938868
74.90000000000006; 0.01932528725620729
75.00000000000007; 0.01957687986946946
75.10000000000007; 0.01983042723781419
75.20000000000006; 0.020085929404109172
75.30000000000007; 0.02034338628561478
75.40000000000006; 0.02060279767461582
75.50000000000007; 0.02086416323906816
75.60000000000007; 0.021127482523260945
75.70000000000006; 0.021392754948494068
75.80000000000007; 0.021659979813771726
75.90000000000006; 0.021929156296506866
76.00000000000007; 0.022200283453245925
76.10000000000007; 0.022473360220399103
76.20000000000007; 0.022748385414992925
76.30000000000007; 0.023025357735427555
76.40000000000006; 0.02330427576225437
76.50000000000007; 0.0235851379589594
76.60000000000007; 0.023867942672762814
76.70000000000007; 0.02415268813542929
76.80000000000007; 0.024439372464088716
76.90000000000006; 0.024727993662069077
77.00000000000007; 0.02501854961973975
77.10000000000007; 0.02531103811536264
77.20000000000007; 0.02560545681595939
77.30000000000007; 0.02590180327818178
77.40000000000006; 0.026200074949194078
77.50000000000007; 0.02650026916756686
77.60000000000007; 0.02680238316417402
77.70000000000007; 0.027106414063104628
77.80000000000007; 0.027412358882576933
77.90000000000006; 0.02772021453586481
78.00000000000007; 0.02802997783222846
78.10000000000007; 0.028341645477854886
78.20000000000007; 0.02865521407680219
78.30000000000007; 0.02897068013195381
78.40000000000006; 0.029288040045977
78.50000000000007; 0.029607290122287033
78.60000000000007; 0.029928426566018827
78.70000000000007; 0.030251445485001745
78.80000000000007; 0.030576342890743066
78.90000000000006; 0.030903114699410497
79.00000000000007; 0.031231756732826445
79.10000000000007; 0.03156226471946085
79.20000000000007; 0.031894634295430754
79.30000000000007; 0.03222886100550265
79.40000000000006; 0.0325649403041002
79.50000000000007; 0.03290286755631255
79.60000000000007; 0.0332426380389067
79.70000000000007; 0.0335842469413452
79.80000000000007; 0.033927689366801475
79.90000000000008; 0.03427296033318039
80.00000000000007; 0.03462005477414353
80.10000000000007; 0.03496905597549232
80.20000000000007; 0.03531987251993583
80.30000000000007; 0.03567249773004004
80.40000000000008; 0.0360269261378433
80.50000000000007; 0.03638315219480289
80.60000000000007; 0.03674117027283648
80.70000000000007; 0.03710097466536699
80.80000000000007; 0.037462559588363746
80.90000000000008; 0.03782591918138727
81.00000000000007; 0.038191047508632676
81.10000000000007; 0.038557938559972284
81.20000000000007; 0.03892658625200134
81.30000000000007; 0.03929698442907832
81.40000000000008; 0.039669126864368125
81.50000000000007; 0.040043007260885256
81.60000000000007; 0.04041861925253041
81.70000000000007; 0.04079595640513172
81.80000000000007; 0.041175012217481405
81.90000000000008; 0.04155578012237394
82.00000000000007; 0.04193825348763629
82.10000000000007; 0.042322425617162755
82.20000000000007; 0.04270828975194561
82.30000000000007; 0.04309583907109961
82.40000000000008; 0.0434850666928914
82.50000000000007; 0.043875965675758716
82.60000000000008; 0.044268529019332856
82.70000000000007; 0.04466274966545443
82.80000000000007; 0.04505862049918756
82.90000000000008; 0.04545613434983036
83.00000000000007; 0.04585528399192275
83.10000000000008; 0.04625606214625211
83.20000000000007; 0.0466584614808496
83.30000000000007; 0.047062474611991034
83.40000000000008; 0.0474680941051861
83.50000000000007; 0.04787531247616984
83.60000000000008; 0.04828412219188608
83.70000000000007; 0.04869451567146818
83.80000000000007; 0.04910648528721376
83.90000000000008; 0.04952002336555845
84.00000000000007; 0.04993512218804154
84.10000000000008; 0.050351773992268395
84.20000000000007; 0.05076997097286795
84.30000000000007; 0.05118970528244741
84.40000000000008; 0.051610969032536015
84.50000000000007; 0.05203375429453049
84.60000000000008; 0.05245805310063299
84.70000000000007; 0.05288385744478174
84.80000000000007; 0.05331115928357751
84.90000000000008; 0.05373995053720681
85.00000000000007; 0.05417022309035595
85.10000000000008; 0.05460196879312541
85.20000000000007; 0.05503517946192718
85.30000000000007; 0.055469846880391846
85.40000000000008; 0.05590596280025593
85.50000000000007; 0.05634351894225163
85.60000000000008; 0.05678250699698992
85.70000000000007; 0.057222918625830836
85.80000000000007; 0.05766474546175764
85.90000000000008; 0.05810797911023788
86.00000000000007; 0.058552611150081306
86.10000000000008; 0.05899863313428914
86.20000000000007; 0.059446036590900586
86.30000000000008; 0.0598948130238293
86.40000000000008; 0.060344953913697215
86.50000000000007; 0.06079645071865732
86.60000000000008; 0.06124929487521472
86.70000000000007; 0.061703477799038925
86.80000000000008; 0.062158990885769386
86.90000000000008; 0.06261582551181287
87.00000000000007; 0.0630739730351405
87.10000000000008; 0.06353342479606996
87.20000000000007; 0.06399417211804771
87.30000000000008; 0.06445620630841992
87.40000000000008; 0.06491951865919816
87.50000000000007; 0.06538410044782125
87.60000000000008; 0.06584994293790573
87.70000000000007; 0.06631703737999028
87.80000000000008; 0.06678537501227805
87.90000000000008; 0.06725494706136734
88.00000000000007; 0.06772574474297458
88.10000000000008; 0.0681977592626572
88.20000000000007; 0.06867098181652061
88.30000000000008; 0.06914540359192466
88.40000000000008; 0.06962101576818427
88.50000000000007; 0.07009780951725393
88.60000000000008; 0.07057577600441842
88.70000000000007; 0.07105490638896465
88.80000000000008; 0.07153519182485589
88.90000000000008; 0.07201662346139025
89.00000000000009; 0.07249919244386306
89.10000000000008; 0.07298288991420973
89.20000000000007; 0.07346770701165503
89.30000000000008; 0.07395363487334232
89.40000000000008; 0.07444066463496633
89.50000000000009; 0.07492878743139404
89.60000000000008; 0.0754179943972785
89.70000000000007; 0.07590827666766856
89.80000000000008; 0.07639962537860909
89.90000000000008; 0.07689203166773437
90.00000000000009; 0.07738548667485996
90.10000000000008; 0.07787998154255536
90.20000000000007; 0.07837550741672746
90.30000000000008; 0.07887205544717868
90.40000000000008; 0.07936961678817382
90.50000000000009; 0.0798681825989906
90.60000000000008; 0.08036774404446674
90.70000000000007; 0.08086829229554023
90.80000000000008; 0.08136981852978296
90.90000000000008; 0.0818723139319255
91.00000000000009; 0.08237576969438183
91.10000000000008; 0.08288017701775587
91.20000000000007; 0.08338552711135461
91.30000000000008; 0.08389181119368498
91.40000000000008; 0.08439902049294642
91.50000000000009; 0.08490714624752074
91.60000000000008; 0.08541617970645182
91.70000000000007; 0.08592611212991855
91.80000000000008; 0.08643693478970352
91.90000000000008; 0.08694863896965231
92.00000000000009; 0.08746121596613211
92.10000000000008; 0.08797465708847545
92.20000000000007; 0.08848895365942666
92.30000000000008; 0.08900409701557357
92.40000000000008; 0.08952007850778036
92.50000000000009; 0.09003688950160907
92.60000000000008; 0.09055452137773694
92.70000000000009; 0.09107296553236702
92.80000000000008; 0.09159221337763314
92.90000000000008; 0.09211225634199874
93.00000000000009; 0.0926330858706491
93.10000000000008; 0.09315469342587954
93.20000000000009; 0.09367707048747255
93.30000000000008; 0.09420020855307451
93.40000000000008; 0.09472409913856498
93.50000000000009; 0.0952487337784182
93.60000000000008; 0.09577410402605997
93.70000000000009; 0.09630020145421911
93.80000000000008; 0.09682701765527434
93.90000000000008; 0.0973545442415895
94.00000000000009; 0.0978827728458531
94.10000000000008; 0.09841169512140203
94.20000000000009; 0.0989413027425473
94.30000000000008; 0.09947158740488762
94.40000000000008; 0.10000254082562399
94.50000000000009; 0.10053415474386694
94.60000000000008; 0.10106642092092982
94.70000000000009; 0.10159933114063506
94.80000000000008; 0.10213287720959233
94.90000000000008; 0.10266705095749244
95.00000000000009; 0.10320184423737956
95.10000000000008; 0.10373724892593122
95.20000000000009; 0.10427325692372026
95.30000000000008; 0.10480986015548614
95.40000000000009; 0.10534705057038561
95.50000000000009; 0.1058848201422504
95.60000000000008; 0.1064231608698357
95.70000000000009; 0.1069620647770616
95.80000000000008; 0.10750152391325264
95.90000000000009; 0.10804153035337101
96.00000000000009; 0.10858207619824263
96.10000000000008; 0.10912315357478494
96.20000000000009; 0.10966475463622481
96.30000000000008; 0.11020687156230942
96.40000000000009; 0.11074949655951848
96.50000000000009; 0.11129262186127116
96.60000000000008; 0.11183623972811925
96.70000000000009; 0.11238034244795198
96.80000000000008; 0.11292492233617932
96.90000000000009; 0.1134699717359218
97.00000000000009; 0.11401548301819386
97.10000000000008; 0.11456144858207779
97.20000000000009; 0.11510786085490225
97.30000000000008; 0.11565471229240556
97.40000000000009; 0.11620199537890624
97.50000000000009; 0.11674970262745914
97.60000000000008; 0.1172978265800116
97.70000000000009; 0.11784635980756165
97.80000000000008; 0.11839529491029753
97.90000000000009; 0.11894462451774794
98.00000000000009; 0.11949434128891967
98.10000000000008; 0.12004443791243442
98.20000000000009; 0.12059490710665904
98.30000000000008; 0.12114574161983484
98.40000000000009; 0.12169693423020435
98.50000000000009; 0.12224847774612596
98.60000000000008; 0.12280036500619665
98.70000000000009; 0.12335258887936154
98.80000000000008; 0.12390514226502361
98.90000000000009; 0.12445801809314853
99.00000000000009; 0.1250112093243688
99.1000000000001; 0.125564708950082
99.20000000000009; 0.12611850999254204
99.30000000000008; 0.12667260550495657
99.40000000000009; 0.1272269885715667
99.50000000000009; 0.12778165230773955
99.6000000000001; 0.12833658986004495
99.70000000000009; 0.12889179440633508
99.80000000000008; 0.12944725915581756
99.90000000000009; 0.13000297734912566
100.00000000000009; 0.13055893834821236
100.1000000000001; 0.1311149895900341
100.20000000000009; 0.1316712739385699
100.30000000000008; 0.13222778478010044
100.40000000000009; 0.13278451553267892
100.50000000000009; 0.13334145964618052
100.6000000000001; 0.1338986106023474
100.70000000000009; 0.13445596191483847
100.80000000000008; 0.13501350712927057
100.90000000000009; 0.13557123982325345
101.00000000000009; 0.13612915360643457
101.1000000000001; 0.1366872421205233
101.20000000000009; 0.13724549903932784
101.30000000000008; 0.13780391806878362
101.40000000000009; 0.13836249294697472
101.50000000000009; 0.13892121744416086
101.6000000000001; 0.13948008536279569
101.70000000000009; 0.1400390905375445
101.8000000000001; 0.1405982268352982
101.90000000000009; 0.14115748815519086
102.00000000000009; 0.14171686842860115
102.1000000000001; 0.14227636161917026
102.20000000000009; 0.14283596172279875
102.3000000000001; 0.1433956627676535
102.40000000000009; 0.14395545881416738
102.50000000000009; 0.14451534395503723
102.6000000000001; 0.1450753123152196
102.70000000000009; 0.14563535805192732
102.8000000000001; 0.14619547535461616
102.90000000000009; 0.14675565844497546
103.00000000000009; 0.1473159015769209
103.1000000000001; 0.1478761990365696
103.20000000000009; 0.1484365451422316
103.3000000000001; 0.14899693424438668
103.40000000000009; 0.14955736072566422
103.50000000000009; 0.15011781900081891
103.6000000000001; 0.1506783035167086
103.70000000000009; 0.15123880875226403
103.8000000000001; 0.15179932921846073
103.90000000000009; 0.15235985945828867
104.00000000000009; 0.1529203940467201
104.1000000000001; 0.15348092759067353
104.20000000000009; 0.15404145472898023
104.3000000000001; 0.15460197013234178
104.40000000000009; 0.15516246850329352
104.50000000000009; 0.15572294457616534
104.6000000000001; 0.1562833931170298
104.70000000000009; 0.15684380892366948
104.8000000000001; 0.15740418682551763
104.90000000000009; 0.15796452168362285
105.00000000000009; 0.1585248083905877
105.1000000000001; 0.15908504187052847
105.20000000000009; 0.1596452170790123
105.3000000000001; 0.16020532900301043
105.40000000000009; 0.16076537266084032
105.5000000000001; 0.16132534310210817
105.6000000000001; 0.1618852354076499
105.70000000000009; 0.16244504468947338
105.8000000000001; 0.16300476609069336
105.90000000000009; 0.1635643947854756
106.0000000000001; 0.16412392597896416
106.1000000000001; 0.16468335490722538
106.20000000000009; 0.1652426768371749
106.3000000000001; 0.16580188706651178
106.40000000000009; 0.16636098092365156
106.5000000000001; 0.16691995376765406
106.6000000000001; 0.16747880098815102
106.70000000000009; 0.16803751800527808
106.8000000000001; 0.1685961002695987
106.90000000000009; 0.16915454326202578
107.0000000000001; 0.16971284249375448
107.1000000000001; 0.1702709935061778
107.20000000000009; 0.17082899187081252
107.3000000000001; 0.17138683318921702
107.40000000000009; 0.17194451309291872
107.5000000000001; 0.17250202724332225
107.6000000000001; 0.17305937133164076
107.70000000000009; 0.17361654107879937
107.8000000000001; 0.1741735322353641
107.90000000000009; 0.174730340581448
108.0000000000001; 0.17528696192663304
108.1000000000001; 0.17584339210987518
108.2000000000001; 0.17639962699942754
108.3000000000001; 0.1769556624927451
108.40000000000009; 0.17751149451639778
108.5000000000001; 0.17806711902598327
108.6000000000001; 0.17862253200603387
108.7000000000001; 0.17917772946992552
108.8000000000001; 0.17973270745978906
108.90000000000009; 0.1802874620464164
109.0000000000001; 0.180841989329164
109.1000000000001; 0.18139628543586345
109.2000000000001; 0.18195034652272832
109.3000000000001; 0.18250416877425135
109.40000000000009; 0.18305774840311673
109.5000000000001; 0.18361108165010015
109.6000000000001; 0.18416416478397285
109.7000000000001; 0.18471699410140383
109.8000000000001; 0.18526956592686095
109.90000000000009; 0.1858218766125132
110.0000000000001; 0.18637392253813254
110.1000000000001; 0.18692570011099194
110.2000000000001; 0.187477205765767
110.3000000000001; 0.18802843596443627
110.40000000000009; 0.1885793871961755
110.5000000000001; 0.1891300559772641
110.6000000000001; 0.18968043885097574
110.7000000000001; 0.19023053238747759
110.8000000000001; 0.19078033318373103
110.90000000000009; 0.19132983786338537
111.0000000000001; 0.19187904307667383
111.1000000000001; 0.19242794550031336
111.2000000000001; 0.1929765418373963
111.3000000000001; 0.19352482881728653
111.40000000000009; 0.19407280319551612
111.5000000000001; 0.19462046175367917
111.6000000000001; 0.19516780129932457
111.7000000000001; 0.19571481866585494
111.8000000000001; 0.19626151071241493
111.9000000000001; 0.1968078743237867
112.0000000000001; 0.19735390641028486
112.1000000000001; 0.19789960390764957
112.2000000000001; 0.1984449637769347
112.3000000000001; 0.1989899830044072
112.4000000000001; 0.19953465860143405
112.5000000000001; 0.200078987604379
112.6000000000001; 0.20062296707449043
112.7000000000001; 0.2011665940977953
112.8000000000001; 0.20170986578499123
112.9000000000001; 0.20225277927133734
113.0000000000001; 0.20279533171654587
113.1000000000001; 0.203337520304671
113.2000000000001; 0.2038793422440078
113.3000000000001; 0.20442079476697236
113.4000000000001; 0.20496187513000022
113.5000000000001; 0.20550258061343615
113.6000000000001; 0.20604290852142135
113.7000000000001; 0.2065828561817897
113.8000000000001; 0.20712242094595285
113.9000000000001; 0.2076616001887931
114.0000000000001; 0.20820039130855736
114.1000000000001; 0.20873879172674045
114.2000000000001; 0.209276798887981
114.3000000000001; 0.20981441025994946
114.4000000000001; 0.2103516233332409
114.5000000000001; 0.21088843562126303
114.60000000000011; 0.21142484466012665
114.7000000000001; 0.21196084800853615
114.8000000000001; 0.21249644324768222
114.9000000000001; 0.21303162798113082
115.0000000000001; 0.21356639983471187
115.10000000000011; 0.21410075645641208
115.2000000000001; 0.21463469551626438
115.3000000000001; 0.2151682147062391
115.4000000000001; 0.21570131174013593
115.5000000000001; 0.21623398435347094
115.60000000000011; 0.21676623030337178
115.7000000000001; 0.21729804736846633
115.8000000000001; 0.21782943334877194
115.9000000000001; 0.21836038606559324
116.0000000000001; 0.2188909033614026
116.10000000000011; 0.21942098309974256
116.2000000000001; 0.21995062316511155
116.3000000000001; 0.22047982146285366
116.4000000000001; 0.2210085759190545
116.5000000000001; 0.2215368844804337
116.60000000000011; 0.2220647451142318
116.7000000000001; 0.2225921558081051
116.8000000000001; 0.2231191145700207
116.9000000000001; 0.2236456194281441
117.0000000000001; 0.2241716684307364
117.10000000000011; 0.22469725964604045
117.2000000000001; 0.2252223911621824
117.3000000000001; 0.22574706108705989
117.4000000000001; 0.22627126754823373
117.5000000000001; 0.22679500869282604
117.60000000000011; 0.22731828268740886
117.7000000000001; 0.22784108771790473
117.8000000000001; 0.2283634219894732
117.9000000000001; 0.2288852837264097
118.0000000000001; 0.22940667117204047
118.10000000000011; 0.22992758258861412
118.2000000000001; 0.2304480162572002
118.30000000000011; 0.2309679704775809
118.4000000000001; 0.23148744356814768
118.5000000000001; 0.2320064338658001
118.60000000000011; 0.23252493972583752
118.7000000000001; 0.2330429595218554
118.80000000000011; 0.23356049164564371
118.9000000000001; 0.23407753450708352
119.0000000000001; 0.2345940865340438
119.10000000000011; 0.23511014617227463
119.2000000000001; 0.23562571188531256
119.30000000000011; 0.236140782154368
119.4000000000001; 0.23665535547823344
119.5000000000001; 0.2371694303731733
119.60000000000011; 0.23768300537282946
119.7000000000001; 0.23819607902811427
119.80000000000011; 0.2387086499071112
119.9000000000001; 0.2392207165949752
120.0000000000001; 0.2397322776938336
120.10000000000011; 0.2402433318226826
120.2000000000001; 0.24075387761728795
120.30000000000011; 0.2412639137300893
120.4000000000001; 0.241773438830094
120.5000000000001; 0.24228245160278758
120.60000000000011; 0.2427909507500254
120.7000000000001; 0.24329893498993896
120.80000000000011; 0.24380640305684131
120.9000000000001; 0.2443133537011204
121.00000000000011; 0.24481978568915225
121.10000000000011; 0.2453256978031921
121.2000000000001; 0.2458310888412911
121.30000000000011; 0.24633595761718666
121.4000000000001; 0.24684030296021547
121.50000000000011; 0.2473441237152123
121.60000000000011; 0.24784741874242042
121.7000000000001; 0.24835018691738805
121.80000000000011; 0.24885242713088235
121.9000000000001; 0.2493541382887874
122.00000000000011; 0.24985531931201446
122.10000000000011; 0.2503559691364075
122.2000000000001; 0.25085608671264736
122.30000000000011; 0.25135567100616296
122.4000000000001; 0.25185472099703193
122.50000000000011; 0.2523532356798963
122.60000000000011; 0.2528512140638624
122.7000000000001; 0.25334865517241306
122.80000000000011; 0.25384555804331604
122.9000000000001; 0.2543419217285335
123.00000000000011; 0.25483774529412834
123.10000000000011; 0.2553330278201765
123.2000000000001; 0.25582776840067273
123.30000000000011; 0.25632196614344793
123.4000000000001; 0.25681562017007487
123.50000000000011; 0.2573087296157761
123.60000000000011; 0.257801293629343
123.7000000000001; 0.25829331137304223
123.80000000000011; 0.2587847820225291
123.9000000000001; 0.2592757047667568
124.00000000000011; 0.25976607880789526
124.10000000000011; 0.2602559033612399
124.2000000000001; 0.26074517765512467
124.30000000000011; 0.26123390093083876
124.4000000000001; 0.26172207244253815
124.50000000000011; 0.26220969145716017
124.60000000000011; 0.2626967572543396
124.70000000000012; 0.2631832691263242
124.80000000000011; 0.26366922637788887
124.9000000000001; 0.2641546283262496
125.00000000000011; 0.26463947430098594
125.10000000000011; 0.265123763643951
125.20000000000012; 0.26560749570919295
125.30000000000011; 0.26609066986286806
125.4000000000001; 0.2665732854831649
125.50000000000011; 0.26705534196021347
125.60000000000011; 0.2675368386960125
125.70000000000012; 0.268017775104343
125.80000000000011; 0.2684981506106889
125.9000000000001; 0.2689779646521551
126.00000000000011; 0.2694572166773887
126.10000000000011; 0.26993590614650104
126.20000000000012; 0.2704140325309855
126.30000000000011; 0.2708915953136373
126.4000000000001; 0.271368593988479
126.50000000000011; 0.2718450280606781
126.60000000000011; 0.27232089704647255
126.70000000000012; 0.27279620047309144
126.80000000000011; 0.273270937878675
126.9000000000001; 0.27374510881220565
127.00000000000011; 0.27421871283342086
127.10000000000011; 0.27469174951274533
127.20000000000012; 0.2751642184312126
127.30000000000011; 0.27563611918038833
127.40000000000012; 0.2761074513622957
127.50000000000011; 0.2765782145893427
127.60000000000011; 0.2770484084842448
127.70000000000012; 0.27751803267995334
127.80000000000011; 0.27798708681957973
127.90000000000012; 0.27845557055632575
128.0000000000001; 0.27892348355340546
128.1000000000001; 0.27939082548397765
128.2000000000001; 0.2798575960310695
128.30000000000013; 0.2803237948875072
128.40000000000012; 0.280789421755845
128.5000000000001; 0.28125447634829176
128.6000000000001; 0.2817189583866408
128.7000000000001; 0.2821828676022021
128.80000000000013; 0.28264620373572774
128.90000000000012; 0.2831089665373454
129.0000000000001; 0.2835711557664883
129.1000000000001; 0.28403277119182657
129.2000000000001; 0.28449381259119627
129.30000000000013; 0.2849542797515334
129.40000000000012; 0.28541417246880774
129.5000000000001; 0.28587349054794836
129.6000000000001; 0.28633223380278383
129.7000000000001; 0.28679040205597334
129.80000000000013; 0.2872479951389353
129.90000000000012; 0.28770501289178707
130.0000000000001; 0.2881614551632763
130.1000000000001; 0.28861732181071825
130.2000000000001; 0.28907261269992446
130.30000000000013; 0.2895273277051439
130.40000000000012; 0.2899814667089967
130.5000000000001; 0.2904350296024076
130.6000000000001; 0.2908880162845463
130.7000000000001; 0.29134042666276055
130.80000000000013; 0.2917922606525158
130.90000000000012; 0.29224351817732763
131.0000000000001; 0.2926941991687049
131.1000000000001; 0.29314430356608584
131.2000000000001; 0.2935938313167729
131.30000000000013; 0.2940427823758783
131.40000000000012; 0.29449115670625386
131.5000000000001; 0.2949389542784379
131.6000000000001; 0.2953861750705918
131.7000000000001; 0.29583281906843745
131.80000000000013; 0.29627888626520416
131.90000000000012; 0.29672437666156215
132.0000000000001; 0.2971692902655657
132.1000000000001; 0.2976136270925966
132.2000000000001; 0.29805738716530317
132.30000000000013; 0.29850057051354356
132.40000000000012; 0.2989431771743263
132.5000000000001; 0.2993852071917554
132.6000000000001; 0.2998266606169683
132.70000000000013; 0.30026753750808655
132.80000000000013; 0.3007078379301516
132.90000000000012; 0.3011475619550733
133.0000000000001; 0.3015867096615722
133.1000000000001; 0.3020252811351245
133.20000000000013; 0.3024632764679074
133.30000000000013; 0.30290069575874257
133.40000000000012; 0.3033375391130427
133.5000000000001; 0.3037738066427564
133.6000000000001; 0.304209498466315
133.70000000000013; 0.30464461470857945
133.80000000000013; 0.3050791555007838
133.90000000000012; 0.3055131209804863
134.0000000000001; 0.3059465112915137
134.1000000000001; 0.30637932658390915
134.20000000000013; 0.30681156701388274
134.30000000000013; 0.30724323274375326
134.40000000000012; 0.30767432394190597
134.5000000000001; 0.3081048407827328
134.6000000000001; 0.30853478344658664
134.70000000000013; 0.30896415211972683
134.80000000000013; 0.309392946994273
134.90000000000012; 0.30982116826815254
135.0000000000001; 0.3102488161450498
135.1000000000001; 0.31067589083435915
135.20000000000013; 0.31110239255113586
135.30000000000013; 0.31152832151604226
135.40000000000012; 0.31195367795530765
135.5000000000001; 0.31237846210067155
135.6000000000001; 0.31280267418934116
135.70000000000013; 0.31322631446394344
135.80000000000013; 0.31364938317247226
135.90000000000012; 0.31407188056824853
136.0000000000001; 0.31449380690987006
136.1000000000001; 0.31491516246116236
136.20000000000013; 0.3153359474911371
136.30000000000013; 0.31575616227394354
136.40000000000012; 0.3161758070888223
136.5000000000001; 0.3165948822200616
136.6000000000001; 0.3170133879569526
136.70000000000013; 0.31743132459374007
136.80000000000013; 0.31784869242958524
136.90000000000012; 0.31826549176851293
137.0000000000001; 0.31868172291937397
137.1000000000001; 0.3190973861957989
137.20000000000013; 0.3195124819161554
137.30000000000013; 0.31992701040350263
137.40000000000012; 0.3203409719855511
137.5000000000001; 0.32075436699461807
137.6000000000001; 0.321167195767588
137.70000000000013; 0.32157945864586596
137.80000000000013; 0.3219911559753385
137.90000000000012; 0.3224022881063323
138.0000000000001; 0.32281285539357013
138.1000000000001; 0.32322285819613394
138.20000000000013; 0.3236322968774201
138.30000000000013; 0.3240411718051004
138.40000000000012; 0.32444948335108165
138.5000000000001; 0.32485723189146637
138.60000000000014; 0.3252644178065111
138.70000000000013; 0.32567104148058623
138.80000000000013; 0.326077103302143
138.90000000000012; 0.32648260366366366
139.0000000000001; 0.3268875429616326
139.10000000000014; 0.32729192159649195
139.20000000000013; 0.3276957399726065
139.30000000000013; 0.32809899849822255
139.40000000000012; 0.32850169758543263
139.5000000000001; 0.3289038376501364
139.60000000000014; 0.3293054191120031
139.70000000000013; 0.3297064423944368
139.80000000000013; 0.33010690792453634
139.90000000000012; 0.33050681613306115
140.0000000000001; 0.3309061674543928
140.10000000000014; 0.33130496232650053
140.20000000000013; 0.3317032011909036
140.30000000000013; 0.33210088449263947
140.40000000000012; 0.33249801268022117
140.5000000000001; 0.33289458620561124
140.60000000000014; 0.3332906055241781
140.70000000000013; 0.33368607109466586
140.80000000000013; 0.334080983379161
140.90000000000012; 0.3344753428430535
141.0000000000001; 0.3348691499550075
141.10000000000014; 0.33526240518692263
141.20000000000013; 0.33565510901390455
141.30000000000013; 0.33604726191423134
141.40000000000012; 0.33643886436931625
141.5000000000001; 0.3368299168636802
141.60000000000014; 0.33722041988491225
141.70000000000013; 0.33761037392364535
141.80000000000013; 0.3379997794735165
141.90000000000012; 0.3383886370311403
142.0000000000001; 0.33877694709607287
142.10000000000014; 0.3391647101707833
142.20000000000013; 0.33955192676061946
142.30000000000013; 0.3399385973737804
142.40000000000012; 0.3403247225212798
142.5000000000001; 0.34071030271692226
142.60000000000014; 0.3410953384772647
142.70000000000013; 0.34147983032159285
142.80000000000013; 0.3418637787718893
142.90000000000012; 0.34224718435279955
143.0000000000001; 0.3426300475916066
143.10000000000014; 0.34301236901820026
143.20000000000013; 0.3433941491650471
143.30000000000013; 0.34377538856716194
143.40000000000012; 0.3441560877620781
143.5000000000001; 0.3445362472898199
143.60000000000014; 0.34491586769287225
143.70000000000013; 0.3452949495161535
143.80000000000013; 0.3456734933069877
143.90000000000012; 0.346051499615075
144.0000000000001; 0.3464289689924655
144.10000000000014; 0.346805901993531
144.20000000000013; 0.3471822991749376
144.30000000000013; 0.3475581610956175
144.40000000000012; 0.3479334883167432
144.5000000000001; 0.3483082814017017
144.60000000000014; 0.34868254091606365
144.70000000000013; 0.3490562674275619
144.80000000000013; 0.3494294615060619
144.90000000000012; 0.3498021237235387
145.0000000000001; 0.35017425465404595
145.10000000000014; 0.350545854873695
145.20000000000013; 0.3509169249606269
145.30000000000013; 0.3512874654949897
145.40000000000012; 0.35165747705890776
145.50000000000014; 0.3520269602364634
145.60000000000014; 0.3523959156136666
145.70000000000013; 0.35276434377843424
145.80000000000013; 0.3531322453205635
145.90000000000012; 0.3534996208317073
146.00000000000014; 0.3538664709053518
146.10000000000014; 0.35423279613679104
146.20000000000013; 0.3545985971231034
146.30000000000013; 0.35496387446312944
146.40000000000012; 0.3553286287574461
146.50000000000014; 0.3556928606083446
146.60000000000014; 0.3560565706198071
146.70000000000013; 0.3564197593974852
146.80000000000013; 0.35678242754867434
146.90000000000012; 0.3571445756822934
147.00000000000014; 0.3575062044088616
147.10000000000014; 0.35786731434047453
147.20000000000013; 0.3582279060907864
147.30000000000013; 0.3585879802749832
147.40000000000012; 0.3589475375097643
147.50000000000014; 0.35930657841331826
147.60000000000014; 0.359665103605302
147.70000000000013; 0.3600231137068235
147.80000000000013; 0.36038060934041205
147.90000000000012; 0.36073759113000764
148.00000000000014; 0.3610940597009298
148.10000000000014; 0.36145001567986484
148.20000000000013; 0.36180545969484196
148.30000000000013; 0.36216039237521186
148.40000000000012; 0.36251481435163013
148.50000000000014; 0.36286872625603167
148.60000000000014; 0.3632221287216152
148.70000000000013; 0.3635750223828236
148.80000000000013; 0.3639274078753215
148.90000000000012; 0.3642792858359756
149.00000000000014; 0.36463065690283886
149.10000000000014; 0.3649815217151281
149.20000000000013; 0.3653318809132054
149.30000000000013; 0.36568173513856195
149.40000000000012; 0.3660310850337934
149.50000000000014; 0.3663799312425872
149.60000000000014; 0.36672827440970174
149.70000000000013; 0.367076115180946
149.80000000000013; 0.3674234542031657
149.90000000000012; 0.36777029212422047
150.00000000000014; 0.3681166295929695
150.10000000000014; 0.3684624748322659
150.20000000000013; 0.3688078210052031
150.30000000000013; 0.3691526686474074
150.40000000000012; 0.36949701840425164
150.50000000000014; 0.36984087092207846
150.60000000000014; 0.3701842268481902
150.70000000000013; 0.37052708683082664
150.80000000000013; 0.37086945151914835
150.90000000000012; 0.3712113215632226
151.00000000000014; 0.37155269761400195
151.10000000000014; 0.37189358032331205
151.20000000000013; 0.37223397034382955
151.30000000000013; 0.37257386832907147
151.40000000000015; 0.37291327493337384
151.50000000000014; 0.3732521908118791
151.60000000000014; 0.37359061662051757
151.70000000000013; 0.3739285530159902
151.80000000000013; 0.3742660006557565
151.90000000000015; 0.3746029601980177
152.00000000000014; 0.374939432301696
152.10000000000014; 0.3752754176264259
152.20000000000013; 0.3756109168325364
152.30000000000013; 0.37594593058103337
152.40000000000015; 0.3762804595335858
152.50000000000014; 0.3766145043525118
152.60000000000014; 0.3769480657007622
152.70000000000013; 0.3772811442419083
152.80000000000013; 0.37761374064012093
152.90000000000015; 0.37794585556016347
153.00000000000014; 0.3782774896673729
153.10000000000014; 0.37860864362764474
153.20000000000013; 0.3789393181074215
153.30000000000013; 0.3792695137736775
153.40000000000015; 0.3795992312939033
153.50000000000014; 0.37992847133609453
153.60000000000014; 0.3802572345687352
153.70000000000013; 0.38058552166078696
153.80000000000013; 0.3809133332816701
153.90000000000015; 0.38124067010125945
154.00000000000014; 0.38156753278985844
154.10000000000014; 0.38189392201819883
154.20000000000013; 0.3822198384574165
154.30000000000013; 0.3825452827790459
154.40000000000015; 0.38287025565500266
154.50000000000014; 0.3831947577575733
154.60000000000014; 0.3835187897594012
154.70000000000013; 0.3838423523334728
154.80000000000013; 0.38416544615310855
154.90000000000015; 0.3844880718919468
155.00000000000014; 0.38481023022393446
155.10000000000014; 0.3851319218233096
155.20000000000013; 0.3854531473645971
155.30000000000013; 0.3857739075225899
155.40000000000015; 0.38609420297233943
155.50000000000014; 0.3864140343891437
155.60000000000014; 0.38673340244853754
155.70000000000013; 0.38705230782627587
155.80000000000013; 0.3873707511983277
155.90000000000015; 0.38768873324085956
156.00000000000014; 0.3880062546302298
156.10000000000014; 0.388323316042971
156.20000000000013; 0.38863991815578436
156.30000000000013; 0.3889560616455236
156.40000000000015; 0.3892717471891892
156.50000000000014; 0.38958697546391197
156.60000000000014; 0.38990174714694786
156.70000000000013; 0.39021606291566174
156.80000000000013; 0.39052992344751997
156.90000000000015; 0.39084332942008004
157.00000000000014; 0.3911562815109784
157.10000000000014; 0.3914687803979209
157.20000000000013; 0.3917808267586735
157.30000000000013; 0.3920924212710484
157.40000000000015; 0.39240356461289955
157.50000000000014; 0.39271425746210864
157.60000000000014; 0.39302450049657417
157.70000000000013; 0.39333429439420525
157.80000000000013; 0.3936436398329108
157.90000000000015; 0.3939525374905866
158.00000000000014; 0.39426098804511084
158.10000000000014; 0.3945689921743302
158.20000000000013; 0.39487655055605114
158.30000000000015; 0.3951836638680341
158.40000000000015; 0.39549033278798046
158.50000000000014; 0.39579655799352265
158.60000000000014; 0.39610234016221957
158.70000000000013; 0.39640767997154314
158.80000000000015; 0.3967125780988703
158.90000000000015; 0.3970170352214774
159.00000000000014; 0.3973210520165258
159.10000000000014; 0.39762462916105723
159.20000000000013; 0.3979277673319844
159.30000000000015; 0.39823046720608224
159.40000000000015; 0.3985327294599767
159.50000000000014; 0.3988345547701416
159.60000000000014; 0.3991359438128871
159.70000000000013; 0.3994368972643481
159.80000000000015; 0.39973741580048455
159.90000000000015; 0.4000375000970656
160.00000000000014; 0.40033715082966514
