energy (keV); transmission
1.0; 0.0
1.1; 0.0
1.2000000000000002; 0.0
1.3000000000000003; 0.0
1.4000000000000004; 0.0
1.5000000000000004; 0.0
1.6000000000000005; 0.0
1.7000000000000006; 0.0
1.8000000000000007; 0.0
1.9000000000000008; 0.0
2.000000000000001; 0.0
2.100000000000001; 0.0
2.200000000000001; 0.0
2.300000000000001; 0.0
2.4000000000000012; 0.0
2.5000000000000013; 0.0
2.6000000000000014; 0.0
2.7000000000000015; 0.0
2.8000000000000016; 0.0
2.9000000000000017; 0.0
3.0000000000000018; 0.0
3.100000000000002; 0.0
3.200000000000002; 0.0
3.300000000000002; 0.0
3.400000000000002; 0.0
3.500000000000002; 0.0
3.6000000000000023; 0.0
3.7000000000000024; 0.0
3.8000000000000025; 0.0
3.9000000000000026; 0.0
4.000000000000003; 0.0
4.100000000000003; 0.0
4.200000000000003; 0.0
4.3000000000000025; 0.0
4.400000000000003; 0.0
4.5000000000000036; 0.0
4.600000000000003; 0.0
4.700000000000003; 0.0
4.800000000000003; 0.0
4.900000000000004; 0.0
5.0000000000000036; 0.0
5.100000000000003; 0.0
5.200000000000004; 0.0
5.300000000000004; 0.0
5.400000000000004; 0.0
5.5000000000000036; 2.440487306e-315
5.600000000000004; 2.6713108932414817e-300
5.700000000000005; 3.2948101497968854e-286
5.800000000000004; 5.308736992341121e-273
5.900000000000004; 1.2836686531476356e-260
6.000000000000004; 0.0
6.100000000000005; 0.0
6.200000000000005; 0.0
6.300000000000004; 0.0
6.400000000000005; 0.0
6.500000000000005; 0.0
6.600000000000005; 0.0
6.700000000000005; 0.0
6.800000000000005; 0.0
6.900000000000006; 6.91435e-319
7.000000000000005; 5.837858420121477e-306
7.100000000000005; 2.0695371974261032e-293
7.2000000000000055; 0.0
7.300000000000006; 0.0
7.400000000000006; 0.0
7.500000000000005; 0.0
7.600000000000006; 0.0
7.700000000000006; 0.0
7.800000000000006; 0.0
7.900000000000006; 7.5537e-319
8.000000000000007; 8.882266451588785e-308
8.100000000000007; 2.6496735545722957e-297
8.200000000000006; 2.0981719435608772e-287
8.300000000000006; 4.9315107888907814e-278
8.400000000000006; 0.0
8.500000000000007; 0.0
8.600000000000007; 0.0
8.700000000000006; 0.0
8.800000000000008; 0.0
8.900000000000007; 0.0
9.000000000000007; 0.0
9.100000000000007; 0.0
9.200000000000006; 0.0
9.300000000000008; 0.0
9.400000000000007; 0.0
9.500000000000007; 0.0
9.600000000000009; 0.0
9.700000000000008; 0.0
9.800000000000008; 0.0
9.900000000000007; 0.0
10.000000000000007; 0.0
10.100000000000009; 0.0
10.200000000000008; 0.0
10.300000000000008; 0.0
10.40000000000001; 0.0
10.500000000000009; 0.0
10.600000000000009; 9.4e-323
10.700000000000008; 6.231876293e-315
10.800000000000008; 2.405557358777229e-307
10.90000000000001; 5.43648226541103e-300
11.000000000000009; 7.330354048700341e-293
11.100000000000009; 6.00513107060157e-286
11.20000000000001; 3.041551468030314e-279
11.30000000000001; 9.685857542689571e-273
11.40000000000001; 1.9709162649872584e-266
11.500000000000009; 2.602766606534677e-260
11.600000000000009; 2.2642915064646663e-254
11.70000000000001; 1.3164551765225724e-248
11.80000000000001; 5.186402584798055e-243
11.90000000000001; 1.4031210844658006e-237
12.00000000000001; 2.6403215452152825e-232
12.10000000000001; 3.498689951780299e-227
12.20000000000001; 3.303648819985473e-222
12.30000000000001; 2.2484408330371163e-217
12.40000000000001; 1.1151720521135797e-212
12.50000000000001; 4.073525202441558e-208
12.60000000000001; 1.1071107587786707e-203
12.70000000000001; 2.2608065601545617e-199
12.800000000000011; 3.501781094218932e-195
12.900000000000011; 4.1516213487042026e-191
13.00000000000001; 3.80061480299376e-187
13.10000000000001; 2.7093284953807756e-183
13.20000000000001; 1.516251011538959e-179
13.300000000000011; 6.714026425229716e-176
13.400000000000011; 2.370142149638704e-172
13.50000000000001; 6.718973978171377e-169
13.600000000000012; 1.5403242518898165e-165
13.700000000000012; 2.874984306703146e-162
13.800000000000011; 4.3974492722048974e-159
13.900000000000011; 5.546699932110385e-156
14.00000000000001; 5.804514732065577e-153
14.100000000000012; 5.069087830102824e-150
14.200000000000012; 3.7151089515952117e-147
14.300000000000011; 2.2974695582456388e-144
14.400000000000013; 1.2051465986661397e-141
14.500000000000012; 5.389361810379192e-139
14.600000000000012; 2.0647177579549484e-136
14.700000000000012; 6.8085485410091e-134
14.800000000000011; 1.9412987389025917e-131
14.900000000000013; 4.807057420359363e-129
15.000000000000012; 1.0381370527610246e-126
15.100000000000012; 1.9685411003424517e-124
15.200000000000014; 3.282247620665965e-122
15.300000000000013; 4.8315658868856846e-120
15.400000000000013; 6.303479706681079e-118
15.500000000000012; 7.315949060810562e-116
15.600000000000012; 7.580877861267995e-114
15.700000000000014; 7.037670128567232e-112
15.800000000000013; 5.872796794975986e-110
15.900000000000013; 4.419368932345409e-108
16.000000000000014; 3.0082652797410025e-106
16.100000000000016; 1.8578258507813133e-104
16.200000000000014; 1.043932516246772e-102
16.30000000000001; 5.352037042081232e-101
16.400000000000013; 2.51016821584381e-99
16.500000000000014; 1.0797922676116384e-97
16.600000000000016; 4.270792889841177e-96
16.700000000000014; 1.55685153529713e-94
16.800000000000015; 5.2427549705831785e-93
16.900000000000013; 1.6346100682608472e-91
17.000000000000014; 4.728749520747628e-90
17.100000000000016; 1.2719186285518873e-88
17.200000000000014; 3.187321831778624e-87
17.300000000000015; 7.455715896484952e-86
17.400000000000013; 1.6310401389449087e-84
17.500000000000014; 3.343025585879754e-83
17.600000000000016; 6.430967689744666e-82
17.700000000000014; 1.1630845989934742e-80
17.800000000000015; 1.9808761940566195e-79
17.900000000000016; 3.182027766900343e-78
18.000000000000014; 4.828569633050486e-77
18.100000000000016; 6.93181273469207e-76
18.200000000000017; 9.42788385236714e-75
18.300000000000015; 1.2165393833570277e-73
18.400000000000016; 1.4913138763100278e-72
18.500000000000014; 1.739045323208499e-71
18.600000000000016; 1.931532539860402e-70
18.700000000000017; 2.0458591694168607e-69
18.800000000000015; 2.0689447573360366e-68
18.900000000000016; 1.9999657855311812e-67
19.000000000000014; 2.064854667239823e-74
19.100000000000016; 2.312860790576353e-73
19.200000000000017; 2.4741586415134293e-72
19.300000000000015; 2.530616219352442e-71
19.400000000000016; 2.477607626035823e-70
19.500000000000018; 2.324437211645745e-69
19.600000000000016; 2.0918908833320486e-68
19.700000000000017; 1.8077521431412965e-67
19.80000000000002; 1.5015732059579512e-66
19.900000000000016; 1.1999907640610568e-65
20.000000000000018; 9.234989951054533e-65
20.100000000000016; 2.872141870419977e-68
20.200000000000017; 2.3266766382380325e-67
20.30000000000002; 1.8157855113056573e-66
20.400000000000016; 1.366309229880517e-65
20.500000000000018; 9.920591467788264e-65
20.600000000000016; 6.956155780685022e-64
20.700000000000017; 4.7138356314906163e-63
20.80000000000002; 3.0894035421280905e-62
20.900000000000016; 1.959671499563914e-61
21.000000000000018; 1.2039422284313621e-60
21.10000000000002; 7.168680746785779e-60
21.200000000000017; 4.139748463255409e-59
21.30000000000002; 2.320023205423696e-58
21.40000000000002; 1.2626115581698288e-57
21.500000000000018; 6.676897498206616e-57
21.60000000000002; 3.4329612550054236e-56
21.700000000000017; 1.7171472148938148e-55
21.80000000000002; 8.360638311928122e-55
21.90000000000002; 3.9646723213094435e-54
22.000000000000018; 1.8320942417920453e-53
22.10000000000002; 8.254520365141147e-53
22.200000000000017; 3.6279778240396584e-52
22.30000000000002; 1.5562733654680176e-51
22.40000000000002; 6.518835548957516e-51
22.500000000000018; 2.667634087763206e-50
22.60000000000002; 1.066986090760543e-49
22.70000000000002; 4.173176940981272e-49
22.80000000000002; 1.5967792976923958e-48
22.90000000000002; 5.979748548735676e-48
23.00000000000002; 2.1926346012016586e-47
23.10000000000002; 7.875459738383355e-47
23.20000000000002; 2.7719705908945433e-46
23.30000000000002; 9.56482365566062e-46
23.40000000000002; 3.2367527693319205e-45
23.50000000000002; 1.0746101650987148e-44
23.60000000000002; 3.5015637987905616e-44
23.70000000000002; 1.1202112770772787e-43
23.80000000000002; 3.519801198860665e-43
23.90000000000002; 1.0865922665983179e-42
24.00000000000002; 3.2967948522730325e-42
24.10000000000002; 9.834160688623392e-42
24.20000000000002; 2.8849794190941543e-41
24.300000000000022; 8.326164723035685e-41
24.40000000000002; 2.3647099486245933e-40
24.50000000000002; 6.611075266752079e-40
24.600000000000023; 1.8199333807177165e-39
24.70000000000002; 4.9346121600256274e-39
24.800000000000022; 1.3182170081947186e-38
24.90000000000002; 3.470377007343451e-38
25.00000000000002; 9.006149284972719e-38
25.100000000000023; 2.304563489756939e-37
25.20000000000002; 5.8161698403952876e-37
25.300000000000022; 1.4480839176007046e-36
25.40000000000002; 3.557669780079075e-36
25.50000000000002; 8.626954078665588e-36
25.600000000000023; 2.0652456767854182e-35
25.70000000000002; 4.882121442555582e-35
25.800000000000022; 1.1398984110119172e-34
25.900000000000023; 2.629301761005614e-34
26.00000000000002; 5.992739379546365e-34
26.100000000000023; 1.3499354270209897e-33
26.200000000000024; 3.0060297475028866e-33
26.300000000000022; 6.618420623170074e-33
26.400000000000023; 1.4410616326999443e-32
26.50000000000002; 3.1035756318591056e-32
26.600000000000023; 6.612663533854657e-32
26.700000000000024; 1.394138251308052e-31
26.800000000000022; 2.9089075747861963e-31
26.900000000000023; 6.0079507584734145e-31
27.00000000000002; 1.2284890055990212e-30
27.100000000000023; 2.487363163634265e-30
27.200000000000024; 4.987732613799125e-30
27.300000000000022; 9.906829990838689e-30
27.400000000000023; 1.9494133220812414e-29
27.500000000000025; 3.8008392015997453e-29
27.600000000000023; 7.343932956376717e-29
27.700000000000024; 1.4064279594651334e-28
27.800000000000026; 2.669995215292449e-28
27.900000000000023; 5.025404358698257e-28
28.000000000000025; 9.379099722695474e-28
28.100000000000023; 1.7359681484321598e-27
28.200000000000024; 3.1869294734387836e-27
28.300000000000026; 5.803790451533751e-27
28.400000000000023; 1.0486169844684002e-26
28.500000000000025; 1.8799406812141882e-26
28.600000000000023; 3.344634026347792e-26
28.700000000000024; 5.905875606293684e-26
28.800000000000026; 1.0351521969858912e-25
28.900000000000023; 1.8011932321068376e-25
29.000000000000025; 3.1117417993028787e-25
29.100000000000026; 5.338065953756541e-25
29.200000000000024; 9.093906414477958e-25
29.300000000000026; 1.5386905383068844e-24
29.400000000000027; 2.58602978609479e-24
29.500000000000025; 4.317610730299416e-24
29.600000000000026; 7.161872387846674e-24
29.700000000000024; 1.1803949957603003e-23
29.800000000000026; 1.9332567993898548e-23
29.900000000000027; 3.146705054356493e-23
30.000000000000025; 5.090599523147622e-23
30.100000000000026; 8.187490055325074e-23
30.200000000000024; 1.3090624490711544e-22
30.300000000000026; 2.080829144023616e-22
30.400000000000027; 3.2886537347447576e-22
30.500000000000025; 5.168255945462494e-22
30.600000000000026; 8.077031432505692e-22
30.700000000000028; 1.2553895027145579e-21
30.800000000000026; 1.9407096134637122e-21
30.900000000000027; 2.9842395772120715e-21
31.00000000000003; 4.5649176515630185e-21
31.100000000000026; 6.946927631536053e-21
31.200000000000028; 1.051833445061666e-20
31.300000000000026; 1.5846331956625387e-20
31.400000000000027; 2.375585666666036e-20
31.50000000000003; 3.544090734739915e-20
31.600000000000026; 5.262142441910557e-20
31.700000000000028; 7.776333578746882e-20
31.800000000000026; 1.143857730597015e-19
31.900000000000027; 1.6748803359126101e-19
32.00000000000003; 2.441402960112693e-19
32.10000000000002; 3.542972761165507e-19
32.20000000000003; 5.119140753287375e-19
32.300000000000026; 7.364698824922817e-19
32.40000000000003; 1.055039797730201e-18
32.50000000000003; 1.5051002082206107e-18
32.60000000000003; 2.1383118324002383e-18
32.70000000000003; 3.0256004986307733e-18
32.800000000000026; 4.263953616520979e-18
32.90000000000003; 5.985475969517769e-18
33.00000000000003; 8.36940915350002e-18
33.10000000000003; 1.1658023672543937e-17
33.20000000000003; 1.6177552424662365e-17
33.300000000000026; 2.2365662621633663e-17
33.40000000000003; 3.0807376658424056e-17
33.50000000000003; 4.2281871258754404e-17
33.60000000000003; 5.782323285754778e-17
33.70000000000003; 7.879905523106961e-17
33.800000000000026; 1.0701176849191315e-16
33.90000000000003; 1.448288294915589e-16
34.00000000000003; 1.953494335495638e-16
34.10000000000003; 2.6261728716822454e-16
34.20000000000003; 3.518912833169425e-16
34.30000000000003; 4.699887305370422e-16
34.40000000000003; 6.257192054062114e-16
34.50000000000003; 8.304312433479009e-16
34.60000000000003; 1.0986990941886264e-15
34.70000000000003; 1.4491828082937898e-15
34.80000000000003; 1.9057021750380264e-15
34.90000000000003; 2.4985737264052465e-15
35.00000000000003; 3.2662703972888914e-15
35.10000000000003; 4.2574757917307836e-15
35.20000000000003; 5.5336196752239594e-15
35.30000000000003; 7.171998680132253e-15
35.400000000000034; 9.269606711258775e-15
35.50000000000003; 1.1947823668720757e-14
35.60000000000003; 1.5358139429782343e-14
35.70000000000003; 1.968912318786674e-14
35.80000000000003; 2.5174886955153124e-14
35.900000000000034; 3.21053371035045e-14
36.00000000000003; 4.083856015337594e-14
36.10000000000003; 5.1815749635088503e-14
36.20000000000003; 6.55791508698473e-14
36.30000000000003; 8.279358120379195e-14
36.400000000000034; 1.0427217596631716e-13
36.50000000000003; 1.3100711674897065e-13
36.60000000000003; 1.6420622020388514e-13
36.70000000000003; 2.0533640429805977e-13
36.80000000000003; 2.5617520686477284e-13
36.900000000000034; 3.188717105872014e-13
37.00000000000003; 3.960184316504891e-13
37.10000000000003; 4.907359588300906e-13
37.20000000000003; 6.067723885933637e-13
37.30000000000003; 7.48619892941782e-13
37.400000000000034; 9.216510835208814e-13
37.500000000000036; 1.1322782015154652e-12
37.60000000000003; 1.3881385718324633e-12
37.70000000000003; 1.6983102160859911e-12
37.80000000000003; 2.073562026272399e-12
37.900000000000034; 2.5266434643002328e-12
38.000000000000036; 3.0726193765813524e-12
38.10000000000003; 3.729256202772113e-12
38.20000000000003; 4.517466618844534e-12
38.30000000000003; 5.461820492585685e-12
38.400000000000034; 6.591130950208457e-12
38.500000000000036; 7.939125362159028e-12
38.60000000000004; 9.545212160681218e-12
38.70000000000003; 1.1455355607903854e-11
38.80000000000003; 1.3723071947742792e-11
38.900000000000034; 1.6410561804871224e-11
39.000000000000036; 1.958999524627982e-11
39.10000000000004; 2.3344967602903412e-11
39.20000000000003; 2.777214596759629e-11
39.30000000000003; 3.298312824892134e-11
39.400000000000034; 3.9106538774957695e-11
39.500000000000036; 4.629038671532549e-11
39.60000000000004; 5.470471602996093e-11
39.70000000000003; 6.454457826718806e-11
39.80000000000003; 7.603336232872775e-11
39.900000000000034; 8.942651830176655e-11
40.000000000000036; 1.0501558962426694e-10
40.10000000000004; 1.2312279033707228e-10
40.20000000000003; 1.4413371943063667e-10
40.30000000000003; 1.6847794074023573e-10
40.400000000000034; 1.9664301712094932e-10
40.500000000000036; 2.2918155324724358e-10
40.60000000000004; 2.6671899110308085e-10
40.70000000000004; 3.099622265247917e-10
40.80000000000003; 3.5970912009527854e-10
40.900000000000034; 4.1685898085952544e-10
41.000000000000036; 4.824241067447724e-10
41.10000000000004; 5.575424712188465e-10
41.20000000000004; 6.434916516110813e-10
41.30000000000003; 7.41704100649912e-10
41.400000000000034; 8.537838691350374e-10
41.500000000000036; 9.81524894258606e-10
41.60000000000004; 1.1269309749178755e-09
41.70000000000004; 1.2922375624040614e-09
41.80000000000004; 1.4799355021204564e-09
41.900000000000034; 1.6927968694501802e-09
42.000000000000036; 1.9339030505603986e-09
42.10000000000004; 2.206675226790413e-09
42.20000000000004; 2.5149074292969253e-09
42.30000000000004; 2.8628023388215676e-09
42.400000000000034; 3.2550100137947653e-09
42.500000000000036; 3.696669738442609e-09
42.60000000000004; 4.193455191170127e-09
42.70000000000004; 4.751623142154695e-09
42.80000000000004; 5.378065897845155e-09
42.900000000000034; 6.080367718874857e-09
43.000000000000036; 6.866865446721646e-09
43.10000000000004; 7.746713583307927e-09
43.20000000000004; 8.729954076548993e-09
43.30000000000004; 9.82759107364781e-09
43.400000000000034; 1.1051670912644552e-08
43.500000000000036; 1.2415367631331772e-08
43.60000000000004; 1.3933074281149424e-08
43.70000000000004; 1.562050034197112e-08
43.80000000000004; 1.7494775541840753e-08
43.90000000000004; 1.9574560393629274e-08
44.000000000000036; 2.1880163768250317e-08
44.10000000000004; 2.4433667831410006e-08
44.20000000000004; 2.7259060677952368e-08
44.30000000000004; 3.038237700457628e-08
44.40000000000004; 3.383184716795168e-08
44.500000000000036; 3.763805498122003e-08
44.60000000000004; 4.183410460729623e-08
44.70000000000004; 4.645579691231902e-08
44.80000000000004; 5.1541815647051555e-08
44.90000000000004; 5.7133923827947296e-08
45.00000000000004; 6.32771706928593e-08
45.10000000000004; 7.002010960910669e-08
45.20000000000004; 7.741502731360131e-08
45.30000000000004; 8.551818486621744e-08
45.40000000000004; 9.43900706981174e-08
45.50000000000004; 1.0409566613681835e-07
45.60000000000004; 1.1470472378896039e-07
45.70000000000004; 1.2629205916005255e-07
45.80000000000004; 1.3893785588814422e-07
45.90000000000004; 1.5272798496533813e-07
46.00000000000004; 1.6775433831654115e-07
46.10000000000004; 1.8411517710059158e-07
46.20000000000004; 2.0191549509247944e-07
46.30000000000004; 2.2126739749917372e-07
46.40000000000004; 2.422904955536844e-07
46.50000000000004; 2.65112317223754e-07
46.60000000000004; 2.89868734362026e-07
46.70000000000004; 3.1670440661425296e-07
46.80000000000004; 3.457732423908117e-07
46.90000000000004; 3.7723887719477555e-07
47.00000000000004; 4.1127516958658886e-07
47.100000000000044; 4.4806671505150856e-07
47.20000000000004; 4.878093780206242e-07
47.30000000000004; 5.307108422814958e-07
47.40000000000004; 5.769911799962128e-07
47.50000000000004; 6.268834395286282e-07
47.600000000000044; 6.806342522632892e-07
47.70000000000004; 7.385044585789651e-07
47.80000000000004; 8.007697531209581e-07
47.90000000000004; 8.677213494938395e-07
48.00000000000004; 9.39666664475833e-07
48.100000000000044; 1.016930021832915e-06
48.200000000000045; 1.0998533757886897e-06
48.30000000000004; 1.188797054180839e-06
48.40000000000004; 1.2841405213116641e-06
48.50000000000004; 1.3862831604747972e-06
48.600000000000044; 1.4956450761151367e-06
48.700000000000045; 1.6126679155520313e-06
48.80000000000004; 1.7378157101699279e-06
48.90000000000004; 1.8715757359532574e-06
49.00000000000004; 2.014459393215161e-06
49.100000000000044; 2.1670031053427255e-06
49.200000000000045; 2.329769236350271e-06
49.30000000000004; 2.5033470270089377e-06
49.40000000000004; 2.6883535492875867e-06
49.50000000000004; 2.8854346788125165e-06
49.600000000000044; 3.095266085029458e-06
49.700000000000045; 3.318554238712085e-06
49.80000000000004; 3.5560374364456263e-06
49.90000000000004; 3.8084868416737847e-06
50.00000000000004; 4.07670754187382e-06
50.100000000000044; 4.361646858707873e-06
50.200000000000045; 4.664088050284689e-06
50.30000000000005; 4.984944146094852e-06
50.40000000000004; 5.325167586857391e-06
50.50000000000004; 5.685750241449507e-06
50.600000000000044; 6.067724544417117e-06
50.700000000000045; 6.472164645211425e-06
50.80000000000005; 6.900187568468309e-06
50.90000000000004; 7.35295438462151e-06
51.00000000000004; 7.831671390113798e-06
51.100000000000044; 8.33759129644795e-06
51.200000000000045; 8.872014427295276e-06
51.30000000000005; 9.436289922855152e-06
51.40000000000005; 1.0031816950641235e-05
51.50000000000004; 1.0660045921837204e-05
51.600000000000044; 1.1322479712366402e-05
51.700000000000045; 1.2020674887773128e-05
51.80000000000005; 1.2756242931017362e-05
51.90000000000005; 1.3530851472258302e-05
52.00000000000004; 1.4346225519678508e-05
52.100000000000044; 1.5204148690405698e-05
52.200000000000045; 1.6106464440551716e-05
52.30000000000005; 1.7055077293389186e-05
52.40000000000005; 1.8051954064673893e-05
52.50000000000004; 1.9099125084106245e-05
52.600000000000044; 2.019868541191167e-05
52.700000000000045; 2.1352796049523075e-05
52.80000000000005; 2.2563685143342055e-05
52.90000000000005; 2.3833649180521358e-05
53.00000000000004; 2.516505417575073e-05
53.100000000000044; 2.6560336847990883e-05
53.200000000000045; 2.802200578611195e-05
53.30000000000005; 2.955264260239084e-05
53.40000000000005; 3.115490307281959e-05
53.50000000000005; 3.283151826318198e-05
53.600000000000044; 3.4585295639864005e-05
53.700000000000045; 3.6419120164334556e-05
53.80000000000005; 3.833595537030601e-05
53.90000000000005; 4.0338844422515634e-05
54.00000000000005; 4.243091115612589e-05
54.100000000000044; 4.461536109572529e-05
54.200000000000045; 4.689548245295714e-05
54.30000000000005; 4.927464710175358e-05
54.40000000000005; 5.175631153022647e-05
54.50000000000005; 5.434401776826224e-05
54.60000000000005; 5.704139428983405e-05
54.700000000000045; 5.9852156889162607e-05
54.80000000000005; 6.278010952976291e-05
54.90000000000005; 6.58291451655011e-05
55.00000000000005; 6.900324653280841e-05
55.10000000000005; 7.230648691314017e-05
55.200000000000045; 7.574303086491739e-05
55.30000000000005; 7.931713492408995e-05
55.40000000000005; 8.303314827252405e-05
55.50000000000005; 8.689551337350992e-05
55.60000000000005; 9.090876657357873e-05
55.700000000000045; 9.50775386699371e-05
55.80000000000005; 9.940655544284424e-05
55.90000000000005; 0.00010390063815225807
56.00000000000005; 0.00010856470399807789
56.10000000000005; 0.00011340376654346206
56.200000000000045; 0.00011842293610050542
56.30000000000005; 0.00012362742007788097
56.40000000000005; 0.0001290225232897725
56.50000000000005; 0.0001346136482257234
56.60000000000005; 0.00014040629528085184
56.70000000000005; 0.0001464060629460827
56.80000000000005; 0.00015261864795789912
56.90000000000005; 0.0001590498454072952
57.00000000000005; 0.0001657055488076421
57.10000000000005; 0.0001725917501210438
57.20000000000005; 0.00017971453974297024
57.30000000000005; 0.00018708010644497795
57.40000000000005; 0.00019469473727517605
57.50000000000005; 0.00020256481741633402
57.60000000000005; 0.00021069683000157308
57.70000000000005; 0.00021909735588727746
57.800000000000054; 0.0002277730733834164
57.90000000000005; 0.00023673075794105895
58.00000000000005; 0.0002459772817970424
58.10000000000005; 0.0002555196135760004
58.20000000000005; 0.00026536481784949627
58.300000000000054; 0.00027552005465260136
58.40000000000005; 0.00028599257895790066
58.50000000000005; 0.00029678974010704807
58.60000000000005; 0.0003079189812000208
58.70000000000005; 0.00031938783844246376
58.800000000000054; 0.00033120394045096154
58.90000000000005; 0.000343375007516947
59.00000000000005; 0.0003559088508291199
59.10000000000005; 0.0003688133716550009
59.20000000000005; 0.0003820965604817336
59.300000000000054; 0.0003957664961166427
59.40000000000005; 0.0004098313447478283
59.50000000000005; 0.00042429935896533857
59.60000000000005; 0.00043917887674324195
59.70000000000005; 0.00045447832038311443
59.800000000000054; 0.00047020619541947805
59.900000000000055; 0.0004863710894876687
60.00000000000005; 0.0005029816711545176
60.10000000000005; 0.0005200435931633748
60.20000000000005; 0.0005375686139845843
60.300000000000054; 0.0005555656421642669
60.400000000000055; 0.0005740436627315422
60.50000000000005; 0.0005930117361831898
60.60000000000005; 0.0006124789971483456
60.70000000000005; 0.0006324546530212651
60.800000000000054; 0.0006529479825625521
60.900000000000055; 0.0006739683344698551
61.00000000000006; 0.0006955251259183694
61.10000000000005; 0.0007176278410721707
61.20000000000005; 0.0007402860295669448
61.300000000000054; 0.0007635093049649312
61.400000000000055; 0.0007873073431826751
61.50000000000006; 0.0008116898808927717
61.60000000000005; 0.0008366667138997518
61.70000000000005; 0.0008622476954914397
61.800000000000054; 0.0008884427347663541
61.900000000000055; 0.0009152617949380824
62.00000000000006; 0.000942714891616994
62.10000000000005; 0.000970812091070982
62.20000000000005; 0.000999563508465139
62.300000000000054; 0.0010289793060817357
62.400000000000055; 0.001059069691521401
62.50000000000006; 0.00108984491588576
62.60000000000005; 0.001121315271943289
62.70000000000005; 0.001153491092278293
62.800000000000054; 0.001186382747424519
62.900000000000055; 0.0012200006439841342
63.00000000000006; 0.0012543552227324963
63.10000000000006; 0.0012894569567103358
63.20000000000005; 0.0013253163493034447
63.300000000000054; 0.0013619439323112183
63.400000000000055; 0.0013993502640048644
63.50000000000006; 0.0014375459271758642
63.60000000000006; 0.0014765415271755932
63.70000000000005; 0.001516347689947511
63.800000000000054; 0.0015569750600518773
63.900000000000055; 0.0015984342986843413
64.00000000000006; 0.001640736081689547
64.10000000000005; 0.0016838910975697106
64.20000000000006; 0.0017279100454897648
64.30000000000005; 0.001772803633279782
64.40000000000006; 0.001818582575435021
64.50000000000006; 0.0018652575911148658
64.60000000000005; 0.001912839402141494
64.70000000000006; 0.001961338730998531
64.80000000000005; 0.0020107662988311384
64.90000000000006; 0.0020611328234481524
65.00000000000006; 0.00211244901732608
65.10000000000005; 0.0021647255856178742
65.20000000000006; 0.0022179732241645084
65.30000000000005; 0.002272202617512403
65.40000000000006; 0.0023274244369363944
65.50000000000006; 0.002383649338468445
65.60000000000005; 0.002440887960934339
65.70000000000006; 0.002499150923997583
65.80000000000005; 0.002558448826211741
65.90000000000006; 0.0026187922430822267
66.00000000000006; 0.002680191725137901
66.10000000000005; 0.0027426577960125414
66.20000000000006; 0.002806200950538245
66.30000000000005; 0.0028708316528499103
66.40000000000006; 0.0029365603345022696
66.50000000000006; 0.003003397392599813
66.60000000000005; 0.0030713531879402217
66.70000000000006; 0.003140438043172135
66.80000000000005; 0.00321066224096686
66.90000000000006; 0.0032820360222063395
67.00000000000006; 0.003354569584185399
67.10000000000007; 0.0034282730788321334
67.20000000000006; 0.0035031566109428878
67.30000000000005; 0.003579230236436524
67.40000000000006; 0.003656503960624602
67.50000000000006; 0.0037349877365013347
67.60000000000007; 0.0038146914630508484
67.70000000000006; 0.0038956249835742788
67.80000000000005; 0.0039777980840362435
67.90000000000006; 0.004061220491431197
68.00000000000006; 0.004145901872169637
68.10000000000007; 0.004231851830485653
68.20000000000006; 0.004319079906865176
68.30000000000005; 0.004407595576495511
68.40000000000006; 0.004497408247736904
68.50000000000006; 0.004588527260615916
68.60000000000007; 0.00468096188534129
68.70000000000006; 0.004774721320842269
68.80000000000005; 0.004869814693330178
68.90000000000006; 0.0049662510548831714
69.00000000000006; 0.005064039382054017
69.10000000000007; 0.005163188574502148
69.20000000000006; 0.005263707453649411
69.30000000000005; 0.005365604761360203
69.40000000000006; 0.005468889158645147
69.50000000000006; 0.005573569224390651
69.60000000000007; 0.0056796534541122025
69.70000000000006; 0.005787150258732906
69.80000000000007; 0.005896067963386975
69.90000000000006; 0.006006414806248574
70.00000000000006; 0.006118198937385897
70.10000000000007; 0.006231428417640434
70.20000000000006; 0.006346111217532535
70.30000000000007; 0.006462255216191779
70.40000000000006; 0.0065798682003130994
70.50000000000006; 0.0066989578631397395
70.60000000000007; 0.006819531803470502
70.70000000000006; 0.006941597524694652
70.80000000000007; 0.007065162433850468
70.90000000000006; 0.007190233840712446
71.00000000000006; 0.007316818956902168
71.10000000000007; 0.007444924895026555
71.20000000000006; 0.007574558667841515
71.30000000000007; 0.007705727187441503
71.40000000000006; 0.007838437264475147
71.50000000000006; 0.007972695607387179
71.60000000000007; 0.008108508821685312
71.70000000000006; 0.008245883409233918
71.80000000000007; 0.008384825767572584
71.90000000000006; 0.008525342189260635
72.00000000000006; 0.008667438861247458
72.10000000000007; 0.008811121864268603
72.20000000000006; 0.00895639717226595
72.30000000000007; 0.009103270651835025
72.40000000000006; 0.00925174806169525
72.50000000000006; 0.009401835052188471
72.60000000000007; 0.009553537164798238
72.70000000000006; 0.009706859831698217
72.80000000000007; 0.00986180837532176
72.90000000000006; 0.01001838800795804
73.00000000000006; 0.010176603831371867
73.10000000000007; 0.010336460836447316
73.20000000000006; 0.010497963902856663
73.30000000000007; 0.010661117798751412
73.40000000000006; 0.010825927180478614
73.50000000000007; 0.010992396592319561
73.60000000000007; 0.011160530466251862
73.70000000000006; 0.011330333121735842
73.80000000000007; 0.011501808765521974
73.90000000000006; 0.01167496149148275
74.00000000000007; 0.011849795280465775
74.10000000000007; 0.012026314000169245
74.20000000000006; 0.012204521405040645
74.30000000000007; 0.012384421136195705
74.40000000000006; 0.012566016721360457
74.50000000000007; 0.012749311574832691
74.60000000000007; 0.012934308997466844
74.70000000000006; 0.013121012176678364
74.80000000000007; 0.013309424186468065
74.90000000000006; 0.013499547987469083
75.00000000000007; 0.01369138642701229
75.10000000000007; 0.013884942239211544
75.20000000000006; 0.014080218045069723
75.30000000000007; 0.014277216352602845
75.40000000000006; 0.014475939556984537
75.50000000000007; 0.014676389940708518
75.60000000000007; 0.014878569673769907
75.70000000000006; 0.015082480813864712
75.80000000000007; 0.015288125306608537
75.90000000000006; 0.015495504985770226
76.00000000000007; 0.015704621573527873
76.10000000000007; 0.015915476680735653
76.20000000000007; 0.016128071807214647
76.30000000000007; 0.01634240834205381
76.40000000000006; 0.01655848756393332
76.50000000000007; 0.016776310641458965
76.60000000000007; 0.01699587863351568
76.70000000000007; 0.017217192489635953
76.80000000000007; 0.017440253050382746
76.90000000000006; 0.017665061047748606
77.00000000000007; 0.017891617105569094
77.10000000000007; 0.018119921739948936
77.20000000000007; 0.01834997535970706
77.30000000000007; 0.018581778266830565
77.40000000000006; 0.01881533065694426
77.50000000000007; 0.01905063261979572
77.60000000000007; 0.019287684139748875
77.70000000000007; 0.01952648509629569
77.80000000000007; 0.019767035264575624
77.90000000000006; 0.02000933431591111
78.00000000000007; 0.020253381818352467
78.10000000000007; 0.020499177237236654
78.20000000000007; 0.020746719935755085
78.30000000000007; 0.020996009175535218
78.40000000000006; 0.02124704411723161
78.50000000000007; 0.021499823821127327
78.60000000000007; 0.021754347247747084
78.70000000000007; 0.02201061325847887
78.80000000000007; 0.022268620616208074
78.90000000000006; 0.022528367985956733
79.00000000000007; 0.022789853935537736
79.10000000000007; 0.02305307693621356
79.20000000000007; 0.023318035363365984
79.30000000000007; 0.023584727497173545
79.40000000000006; 0.023853151523298748
79.50000000000007; 0.024123305533581305
79.60000000000007; 0.024395187526739935
79.70000000000007; 0.024668795409083677
79.80000000000007; 0.024944126995226874
79.90000000000008; 0.025221180008813286
80.00000000000007; 0.025499952083249386
80.10000000000007; 0.025780511887409496
80.20000000000007; 0.026062787691687354
80.30000000000007; 0.026346775767966114
80.40000000000008; 0.02663247333688584
80.50000000000007; 0.02691987753118288
80.60000000000007; 0.02720898539646304
80.70000000000007; 0.027499793891982503
80.80000000000007; 0.027792299891430436
80.90000000000008; 0.02808650018371952
81.00000000000007; 0.028382391473780025
81.10000000000007; 0.02867997038335776
81.20000000000007; 0.028979233451819537
81.30000000000007; 0.029280177136958414
81.40000000000008; 0.029582797815806076
81.50000000000007; 0.029887091785449522
81.60000000000007; 0.030193055263846923
81.70000000000007; 0.030500684390651372
81.80000000000007; 0.030809975228035455
81.90000000000008; 0.031120923761521133
82.00000000000007; 0.03143352590080737
82.10000000000007; 0.03174777748060564
82.20000000000007; 0.032063674261476
82.30000000000007; 0.03238121193066234
82.40000000000008; 0.03270038610293525
82.50000000000007; 0.03302119232143081
82.60000000000008; 0.03334362605849567
82.70000000000007; 0.03366768271653039
82.80000000000007; 0.033993357628835326
82.90000000000008; 0.03432064606045704
83.00000000000007; 0.034649543209036265
83.10000000000008; 0.03498004420565738
83.20000000000007; 0.03531214411569405
83.30000000000007; 0.03564583793966188
83.40000000000008; 0.03598112061406466
83.50000000000007; 0.03631798701224626
83.60000000000008; 0.03665643194523875
83.70000000000007; 0.03699645016261177
83.80000000000007; 0.03733803635331992
83.90000000000008; 0.03768118514655275
84.00000000000007; 0.03802589111258059
84.10000000000008; 0.038372148763601344
84.20000000000007; 0.03871995255458572
84.30000000000007; 0.03906929688412314
84.40000000000008; 0.03942017609526149
84.50000000000007; 0.03977258447635118
84.60000000000008; 0.04012651626188532
84.70000000000007; 0.040481965633337044
84.80000000000007; 0.04083892671999555
84.90000000000008; 0.04119739359980233
85.00000000000007; 0.04155736030018219
85.10000000000008; 0.04191882079887691
85.20000000000007; 0.04228176902476748
85.30000000000007; 0.0426461988587065
85.40000000000008; 0.04301210413433663
85.50000000000007; 0.04337947863891337
85.60000000000008; 0.04374831611412447
85.70000000000007; 0.04411861025690069
85.80000000000007; 0.04449035472023226
85.90000000000008; 0.04486354311397623
86.00000000000007; 0.045238169005663374
86.10000000000008; 0.045614225921299656
86.20000000000007; 0.04599170734616779
86.30000000000008; 0.04637060672562168
86.40000000000008; 0.04675091746588111
86.50000000000007; 0.047132632934818515
86.60000000000008; 0.0475157464627465
86.70000000000007; 0.04790025134319925
86.80000000000008; 0.048286140833710606
86.90000000000008; 0.04867340815658615
87.00000000000007; 0.049062046499677284
87.10000000000008; 0.04945204901714416
87.20000000000007; 0.0498434088302199
87.30000000000008; 0.050236119027967104
87.40000000000008; 0.050630172668031444
87.50000000000007; 0.051025562777392945
87.60000000000008; 0.05142228235310967
87.70000000000007; 0.05182032436305697
87.80000000000008; 0.05221968174666694
87.90000000000008; 0.052620347415658575
88.00000000000007; 0.05302231425476314
88.10000000000008; 0.0534255751224505
88.20000000000007; 0.053830122851642806
88.30000000000008; 0.05423595025042946
88.40000000000008; 0.05464305010277766
88.50000000000007; 0.055051415169230414
88.60000000000008; 0.05546103818761116
88.70000000000007; 0.055871911873712814
88.80000000000008; 0.05628402892199016
88.90000000000008; 0.05669738200623957
89.00000000000009; 0.057111963780282965
89.10000000000008; 0.057527766878635915
89.20000000000007; 0.057944783917182184
89.30000000000008; 0.05836300749383167
89.40000000000008; 0.05878243018918246
89.50000000000009; 0.05920304456717317
89.60000000000008; 0.0596248431757299
89.70000000000007; 0.060047818547410724
89.80000000000008; 0.060471963200042216
89.90000000000008; 0.06089726963735104
90.00000000000009; 0.06132373034959454
90.10000000000008; 0.061751337814175765
90.20000000000007; 0.062180084496267905
90.30000000000008; 0.06260996284941768
90.40000000000008; 0.06304096531615665
90.50000000000009; 0.06347308432859898
90.60000000000008; 0.06390631230903653
90.70000000000007; 0.06434064167052854
90.80000000000008; 0.06477606481748605
90.90000000000008; 0.06521257414624881
91.00000000000009; 0.06565016204566278
91.10000000000008; 0.0660888208976419
91.20000000000007; 0.06652854307773602
91.30000000000008; 0.06696932095568499
91.40000000000008; 0.06741114689596929
91.50000000000009; 0.06785401325835853
91.60000000000008; 0.06829791239845118
91.70000000000007; 0.0687428366682088
91.80000000000008; 0.06918877841648673
91.90000000000008; 0.06963572998955658
92.00000000000009; 0.07008368373162857
92.10000000000008; 0.07053263198536046
92.20000000000007; 0.07098256709236966
92.30000000000008; 0.07143348139373193
92.40000000000008; 0.07188536723048147
92.50000000000009; 0.07233821694410097
92.60000000000008; 0.07279202287700819
92.70000000000009; 0.07324677737303643
92.80000000000008; 0.07370247277791034
92.90000000000008; 0.07415910143971603
93.00000000000009; 0.07461665570936556
93.10000000000008; 0.07507512794105763
93.20000000000009; 0.07553451049272879
93.30000000000008; 0.07599479572650371
93.40000000000008; 0.07645597600913948
93.50000000000009; 0.07691804371246208
93.60000000000008; 0.07738099121379974
93.70000000000009; 0.0778448108964101
93.80000000000008; 0.07830949514990437
93.90000000000008; 0.07877503637066015
94.00000000000009; 0.07924142696223853
94.10000000000008; 0.07970865933578633
94.20000000000009; 0.08017672591044067
94.30000000000008; 0.08064561911372209
94.40000000000008; 0.08111533138192815
94.50000000000009; 0.08158585516052096
94.60000000000008; 0.08205718290450148
94.70000000000009; 0.08252930707879526
94.80000000000008; 0.08300222015861301
94.90000000000008; 0.08347591462982488
95.00000000000009; 0.08395038298931497
95.10000000000008; 0.08442561774534274
95.20000000000009; 0.08490161141788777
95.30000000000008; 0.08537835653900286
95.40000000000009; 0.08585584565314802
95.50000000000009; 0.08633407131753063
95.60000000000008; 0.08681302610243706
95.70000000000009; 0.08729270259155744
95.80000000000008; 0.08777309338230845
95.90000000000009; 0.08825419108615028
96.00000000000009; 0.0887359883288965
96.10000000000008; 0.08921847775102533
96.20000000000009; 0.08970165200798147
96.30000000000008; 0.0901855037704714
96.40000000000009; 0.09067002572475942
96.50000000000009; 0.09115521057295829
96.60000000000008; 0.09164105103330761
96.70000000000009; 0.09212753984046163
96.80000000000008; 0.09261466974575787
96.90000000000009; 0.09310243351749051
97.00000000000009; 0.09359082394117822
97.10000000000008; 0.09407983381982253
97.20000000000009; 0.09456945597416999
97.30000000000008; 0.09505968324296046
97.40000000000009; 0.09555050848318093
97.50000000000009; 0.0960419245703062
97.60000000000008; 0.09653392439853926
97.70000000000009; 0.09702650088105248
97.80000000000008; 0.09751964695021209
97.90000000000009; 0.09801335555781127
98.00000000000009; 0.09850761967529184
98.10000000000008; 0.09900243229396435
98.20000000000009; 0.09949778642522179
98.30000000000008; 0.09999367510075209
98.40000000000009; 0.1004900913727478
98.50000000000009; 0.10098702831410379
98.60000000000008; 0.10148447901862254
98.70000000000009; 0.10198243660120648
98.80000000000008; 0.10248089419804965
98.90000000000009; 0.10297984496682534
99.00000000000009; 0.10347928208687154
99.1000000000001; 0.1039791987593712
99.20000000000009; 0.1044795882075252
99.30000000000008; 0.1049804436767307
99.40000000000009; 0.10548175843474236
99.50000000000009; 0.10598352577184547
99.6000000000001; 0.10648573900101309
99.70000000000009; 0.10698839145806632
99.80000000000008; 0.10749147650182739
99.90000000000009; 0.10799498751426975
100.00000000000009; 0.10849891435577029
100.1000000000001; 0.10900311815959704
100.20000000000009; 0.1095077278858526
100.30000000000008; 0.11001273702836327
100.40000000000009; 0.11051813910487022
100.50000000000009; 0.11102392765715748
100.6000000000001; 0.1115300962511742
100.70000000000009; 0.11203663847716228
100.80000000000008; 0.11254354794977425
100.90000000000009; 0.1130508183081854
101.00000000000009; 0.11355844321621458
101.1000000000001; 0.11406641636242526
101.20000000000009; 0.11457473146023754
101.30000000000008; 0.11508338224803227
101.40000000000009; 0.11559236248924766
101.50000000000009; 0.11610166597248078
101.6000000000001; 0.11661128651158048
101.70000000000009; 0.11712121794573908
101.8000000000001; 0.11763145413958002
101.90000000000009; 0.11814198898324837
102.00000000000009; 0.11865281639248608
102.1000000000001; 0.11916393030872136
102.20000000000009; 0.11967532469913866
102.3000000000001; 0.12018699355675704
102.40000000000009; 0.12069893090050113
102.50000000000009; 0.1212111307752706
102.6000000000001; 0.12172358725200623
102.70000000000009; 0.12223629442775681
102.8000000000001; 0.12274924642573593
102.90000000000009; 0.12326243739538188
103.00000000000009; 0.12377586151241939
103.1000000000001; 0.12428951297890414
103.20000000000009; 0.12480338602328163
103.3000000000001; 0.1253174749004326
103.40000000000009; 0.1258317738917201
103.50000000000009; 0.1263462773050324
103.6000000000001; 0.12686097947482738
103.70000000000009; 0.1273758747621689
103.8000000000001; 0.12789095755476432
103.90000000000009; 0.12840622226699974
104.00000000000009; 0.1289216633399728
104.1000000000001; 0.12943727524152143
104.20000000000009; 0.12995305246625452
104.3000000000001; 0.1304689895355734
104.40000000000009; 0.13098508099769862
104.50000000000009; 0.13150132142769358
104.6000000000001; 0.13201770542747585
104.70000000000009; 0.13253422762584574
104.8000000000001; 0.13305088267848975
104.90000000000009; 0.13356766526800545
105.00000000000009; 0.13408457010390218
105.1000000000001; 0.13460159192262022
105.20000000000009; 0.135118725487529
105.3000000000001; 0.1356359655889391
105.40000000000009; 0.13615330704410425
105.5000000000001; 0.13667074469722226
105.6000000000001; 0.13718827341943474
105.70000000000009; 0.13770588810882692
105.8000000000001; 0.13822358369042062
105.90000000000009; 0.138741355116175
106.0000000000001; 0.13925919736497114
106.1000000000001; 0.13977710544261154
106.20000000000009; 0.14029507438180389
106.3000000000001; 0.14081309924215016
106.40000000000009; 0.1413311751101346
106.5000000000001; 0.14184929709910657
106.6000000000001; 0.14236746034926226
106.70000000000009; 0.1428856600276302
106.8000000000001; 0.14340389132804865
106.90000000000009; 0.14392214947114082
107.0000000000001; 0.14444042970429907
107.1000000000001; 0.1449587273016537
107.20000000000009; 0.14547703756405
107.3000000000001; 0.1459953558190179
107.40000000000009; 0.14651367742074947
107.5000000000001; 0.14703199775005865
107.6000000000001; 0.14755031221436157
107.70000000000009; 0.1480686162476307
107.8000000000001; 0.14858690531037236
107.90000000000009; 0.1491051748895819
108.0000000000001; 0.1496234204987139
108.1000000000001; 0.15014163767763614
108.2000000000001; 0.15065982199259903
108.3000000000001; 0.1511779690361886
108.40000000000009; 0.1516960744272862
108.5000000000001; 0.15221413381102766
108.6000000000001; 0.1527321428587561
108.7000000000001; 0.15325009726797723
108.8000000000001; 0.15376799276231504
108.90000000000009; 0.1542858250914632
109.0000000000001; 0.15480359003113348
109.1000000000001; 0.15532128338300985
109.2000000000001; 0.15583890097469882
109.3000000000001; 0.15635643865967114
109.40000000000009; 0.15687389231721557
109.5000000000001; 0.1573912578523825
109.6000000000001; 0.15790853119592968
109.7000000000001; 0.15842570830426636
109.8000000000001; 0.158942785159396
109.90000000000009; 0.15945975776885915
110.0000000000001; 0.15997662216567643
110.1000000000001; 0.16049337440828645
110.2000000000001; 0.1610100105804876
110.3000000000001; 0.16152652679137786
110.40000000000009; 0.1620429191752883
110.5000000000001; 0.16255918389172797
110.6000000000001; 0.16307531712531348
110.7000000000001; 0.16359131508570615
110.8000000000001; 0.16410717400755032
110.90000000000009; 0.1646228901504043
111.0000000000001; 0.1651384597986739
111.1000000000001; 0.1656538792615483
111.2000000000001; 0.16616914487292822
111.3000000000001; 0.16668425299135844
111.40000000000009; 0.16719919999995925
111.5000000000001; 0.1677139823063561
111.6000000000001; 0.1682285963426073
111.7000000000001; 0.1687430385651371
111.8000000000001; 0.16925730545465847
111.9000000000001; 0.16977139351610265
112.0000000000001; 0.170285299278547
112.1000000000001; 0.17079901929514207
112.2000000000001; 0.17131255014303215
112.3000000000001; 0.17182588842328722
112.4000000000001; 0.17233903076082221
112.5000000000001; 0.17285197380432554
112.6000000000001; 0.17336471422617855
112.7000000000001; 0.17387724872238083
112.8000000000001; 0.17438957401247285
112.9000000000001; 0.17490168683945778
113.0000000000001; 0.17541358396972292
113.1000000000001; 0.1759252621929591
113.2000000000001; 0.17643671832208832
113.3000000000001; 0.17694794919317433
113.4000000000001; 0.17745895166534925
113.5000000000001; 0.17796972262073213
113.6000000000001; 0.1784802589643452
113.7000000000001; 0.17899055762403707
113.8000000000001; 0.17950061555039684
113.9000000000001; 0.1800104297166736
114.0000000000001; 0.1805199971186978
114.1000000000001; 0.18102931477479164
114.2000000000001; 0.18153837972569148
114.3000000000001; 0.18204718903446207
114.4000000000001; 0.18255573978641526
114.5000000000001; 0.18306402908902397
114.60000000000011; 0.18357205407183813
114.7000000000001; 0.18407981188640007
114.8000000000001; 0.18458729970616233
114.9000000000001; 0.18509451472640095
115.0000000000001; 0.18560145416412901
115.10000000000011; 0.1861081152580128
115.2000000000001; 0.18661449526828564
115.3000000000001; 0.1871205914766621
115.4000000000001; 0.1876264011862536
115.5000000000001; 0.188131921721478
115.60000000000011; 0.1886371504279776
115.7000000000001; 0.1891420846725305
115.8000000000001; 0.18964672184296155
115.9000000000001; 0.19015105934806245
116.0000000000001; 0.19065509461749364
116.10000000000011; 0.19115882510170823
116.2000000000001; 0.19166224827185868
116.3000000000001; 0.19216536161970785
116.4000000000001; 0.19266816265754502
116.5000000000001; 0.19317064891809893
116.60000000000011; 0.1936728179544452
116.7000000000001; 0.1941746673399203
116.8000000000001; 0.19467619466803715
116.9000000000001; 0.19517739755239136
117.0000000000001; 0.19567827362657794
117.10000000000011; 0.19617882054409674
117.2000000000001; 0.1966790359782718
117.3000000000001; 0.1971789176221588
117.4000000000001; 0.19767846318845494
117.5000000000001; 0.19817767040941453
117.60000000000011; 0.1986765370367559
117.7000000000001; 0.19917506084157935
117.8000000000001; 0.19967323961427103
117.9000000000001; 0.200171071164419
118.0000000000001; 0.20066855332072478
118.10000000000011; 0.20116568393091191
118.2000000000001; 0.2016624608616408
118.30000000000011; 0.20215888199841672
118.4000000000001; 0.20265494524550265
118.5000000000001; 0.20315064852583337
118.60000000000011; 0.20364598978092344
118.7000000000001; 0.2041409669707788
118.80000000000011; 0.2046355780738097
118.9000000000001; 0.20512982108674335
119.0000000000001; 0.20562369402453443
119.10000000000011; 0.20611719492027392
119.2000000000001; 0.20661032182510808
119.30000000000011; 0.20710307280814053
119.4000000000001; 0.2075954459563541
119.5000000000001; 0.20808743937451502
119.60000000000011; 0.20857905118509126
119.7000000000001; 0.2090702795281599
119.80000000000011; 0.20956112256132042
119.9000000000001; 0.21005157845960828
120.0000000000001; 0.21054164541540882
120.10000000000011; 0.21103132163836613
120.2000000000001; 0.21152060535529665
120.30000000000011; 0.21200949481010567
120.4000000000001; 0.21249798826369315
120.5000000000001; 0.21298608399387642
120.60000000000011; 0.21347378029529335
120.7000000000001; 0.21396107547932083
120.80000000000011; 0.21444796787399098
120.9000000000001; 0.21493445582389617
121.00000000000011; 0.21542053769011318
121.10000000000011; 0.21590621185010572
121.2000000000001; 0.21639147669765105
121.30000000000011; 0.21687633064274192
121.4000000000001; 0.21736077211150936
121.50000000000011; 0.21784479954613226
121.60000000000011; 0.21832841140475737
121.7000000000001; 0.21881160616140674
121.80000000000011; 0.21929438230590015
121.9000000000001; 0.21977673834376413
122.00000000000011; 0.2202586727961509
122.10000000000011; 0.22074018419975353
122.2000000000001; 0.22122127110671944
122.30000000000011; 0.2217019320845705
122.4000000000001; 0.22218216571611282
122.50000000000011; 0.2226619705993608
122.60000000000011; 0.2231413453474463
122.7000000000001; 0.22362028858853875
122.80000000000011; 0.2240987989657626
122.9000000000001; 0.2245768751371141
123.00000000000011; 0.22505451577537652
123.10000000000011; 0.22553171956804005
123.2000000000001; 0.22600848521721575
123.30000000000011; 0.22648481143955987
123.4000000000001; 0.2269606969661874
123.50000000000011; 0.22743614054258815
123.60000000000011; 0.22791114092855183
123.7000000000001; 0.22838569689808255
123.80000000000011; 0.2288598072393187
123.9000000000001; 0.22933347075444982
124.00000000000011; 0.22980668625964115
124.10000000000011; 0.2302794525849499
124.2000000000001; 0.2307517685742445
124.30000000000011; 0.2312236330851278
124.4000000000001; 0.2316950449888546
124.50000000000011; 0.2321660031702531
124.60000000000011; 0.23263650652764625
124.70000000000012; 0.23310655397277358
124.80000000000011; 0.23357614443071126
124.9000000000001; 0.23404527683979168
125.00000000000011; 0.23451395015153165
125.10000000000011; 0.23498216333054728
125.20000000000012; 0.23544991535448162
125.30000000000011; 0.23591720521392293
125.4000000000001; 0.23638403191233323
125.50000000000011; 0.23685039446596345
125.60000000000011; 0.237316291903785
125.70000000000012; 0.2377817232674085
125.80000000000011; 0.2382466876110091
125.9000000000001; 0.2387111840012493
126.00000000000011; 0.23917521151720417
126.10000000000011; 0.2396387692502886
126.20000000000012; 0.24010185630417893
126.30000000000011; 0.24056447179473706
126.4000000000001; 0.24102661484994026
126.50000000000011; 0.24148828460980273
126.60000000000011; 0.241949480226305
126.70000000000012; 0.24241020086331852
126.80000000000011; 0.24287044569652955
126.9000000000001; 0.24333021391337367
127.00000000000011; 0.24378950471295263
127.10000000000011; 0.2442483173059692
127.20000000000012; 0.24470665091465327
127.30000000000011; 0.24516450477268772
127.40000000000012; 0.24562187812513742
127.50000000000011; 0.24607877022837926
127.60000000000011; 0.24653518035002836
127.70000000000012; 0.2469911077688691
127.80000000000011; 0.24744655177478245
127.90000000000012; 0.247901511668679
128.0000000000001; 0.24835598676242368
128.1000000000001; 0.2488099763787707
128.2000000000001; 0.24926347985129
128.30000000000013; 0.24971649652430014
128.40000000000012; 0.25016902575280014
128.5000000000001; 0.2506210669023981
128.6000000000001; 0.25107261934924324
128.7000000000001; 0.2515236824799607
128.80000000000013; 0.2519742556915787
128.90000000000012; 0.25242433839146444
129.0000000000001; 0.25287392999725583
129.1000000000001; 0.2533230299367948
129.2000000000001; 0.2537716376480581
129.30000000000013; 0.2542197525790935
129.40000000000012; 0.25466737418795465
129.5000000000001; 0.2551145019426288
129.6000000000001; 0.2555611353209785
129.7000000000001; 0.256007273810674
129.80000000000013; 0.25645291690912336
129.90000000000012; 0.25689806412341404
130.0000000000001; 0.25734271497024463
130.1000000000001; 0.2577868689758645
130.2000000000001; 0.2582305256760028
130.30000000000013; 0.25867368461581103
130.40000000000012; 0.2591163453497984
130.5000000000001; 0.2595585074417652
130.6000000000001; 0.26000017046474516
130.7000000000001; 0.2604413340009387
130.80000000000013; 0.2608819976416541
130.90000000000012; 0.2613221609872401
131.0000000000001; 0.26176182364702993
131.1000000000001; 0.26220098523927843
131.2000000000001; 0.2626396453910973
131.30000000000013; 0.26307780373840084
131.40000000000012; 0.2635154599258372
131.5000000000001; 0.2639526136067349
131.6000000000001; 0.26438926444303995
131.7000000000001; 0.2648254121052543
131.80000000000013; 0.2652610562723823
131.90000000000012; 0.26569619663186467
132.0000000000001; 0.2661308328795223
132.1000000000001; 0.26656496471949925
132.2000000000001; 0.2669985918642024
132.30000000000013; 0.2674317140342442
132.40000000000012; 0.267864330958384
132.5000000000001; 0.26829644237347283
132.6000000000001; 0.268728048024391
132.70000000000013; 0.269159147663999
132.80000000000013; 0.269589741053073
132.90000000000012; 0.2700198279602534
133.0000000000001; 0.2704494081619865
133.1000000000001; 0.2708784814424696
133.20000000000013; 0.2713070475935956
133.30000000000013; 0.2717351064148965
133.40000000000012; 0.2721626577134894
133.5000000000001; 0.2725897013040207
133.6000000000001; 0.27301623700861294
133.70000000000013; 0.27344226465681076
133.80000000000013; 0.2738677840855241
133.90000000000012; 0.2742927951389784
134.0000000000001; 0.27471729766865877
134.1000000000001; 0.27514129153325656
134.20000000000013; 0.2755647765986199
134.30000000000013; 0.27598775273769427
134.40000000000012; 0.2764102198304794
134.5000000000001; 0.2768321777639693
134.6000000000001; 0.2772536264321049
134.70000000000013; 0.27767456573571936
134.80000000000013; 0.27809499558249057
134.90000000000012; 0.2785149158868879
135.0000000000001; 0.2789343265701203
135.1000000000001; 0.27935322756008857
135.20000000000013; 0.2797716187913348
135.30000000000013; 0.28018950020498806
135.40000000000012; 0.28060687174872273
135.5000000000001; 0.28102373337670083
135.6000000000001; 0.2814400850495282
135.70000000000013; 0.2818559267342058
135.80000000000013; 0.2822712584040752
135.90000000000012; 0.2826860800387775
136.0000000000001; 0.2831003916242022
136.1000000000001; 0.28351419315243687
136.20000000000013; 0.2839274846217235
136.30000000000013; 0.28434026603640966
136.40000000000012; 0.2847525374069
136.5000000000001; 0.2851642987496114
136.6000000000001; 0.2855755500869274
136.70000000000013; 0.2859862914471466
136.80000000000013; 0.2863965228644446
136.90000000000012; 0.2868062443788195
137.0000000000001; 0.28721545603605286
137.1000000000001; 0.28762415788766177
137.20000000000013; 0.28803234999085475
137.30000000000013; 0.2884400324084844
137.40000000000012; 0.28884720520900636
137.5000000000001; 0.2892538684664319
137.6000000000001; 0.2896600222602878
137.70000000000013; 0.29006566667556766
137.80000000000013; 0.2904708018026909
137.90000000000012; 0.2908754277374603
138.0000000000001; 0.2912795445810155
138.1000000000001; 0.2916831524397951
138.20000000000013; 0.2920862514254895
138.30000000000013; 0.29248884165500055
138.40000000000012; 0.2928909232503994
138.5000000000001; 0.2932924963388848
138.60000000000014; 0.29369356105274036
138.70000000000013; 0.2940941175292921
138.80000000000013; 0.2944941659108734
138.90000000000012; 0.294893706344774
139.0000000000001; 0.29529273898320857
139.10000000000014; 0.29569126398327056
139.20000000000013; 0.2960892815068953
139.30000000000013; 0.29648679172081704
139.40000000000012; 0.29688379479653143
139.5000000000001; 0.29728029091025454
139.60000000000014; 0.29767628024288345
139.70000000000013; 0.29807176297995946
139.80000000000013; 0.29846673931162593
139.90000000000012; 0.29886120943259226
140.0000000000001; 0.2992551735420932
140.10000000000014; 0.2996486318438524
140.20000000000013; 0.30004158454604263
140.30000000000013; 0.3004340318612524
140.40000000000012; 0.3008259740064404
140.5000000000001; 0.3012174112029081
140.60000000000014; 0.30160834367625333
140.70000000000013; 0.30199877165633865
140.80000000000013; 0.30238869537725555
140.90000000000012; 0.30277811507728336
141.0000000000001; 0.30316703099885783
141.10000000000014; 0.30355544338853074
141.20000000000013; 0.30394335249693744
141.30000000000013; 0.30433075857876174
141.40000000000012; 0.304717661892696
141.5000000000001; 0.3051040627014121
141.60000000000014; 0.3054899612715189
141.70000000000013; 0.30587535787353626
141.80000000000013; 0.3062602527818531
141.90000000000012; 0.306644646274698
142.0000000000001; 0.30702853863410173
142.10000000000014; 0.3074119301458661
142.20000000000013; 0.30779482109952727
142.30000000000013; 0.30817721178832613
142.40000000000012; 0.30855910250916985
142.5000000000001; 0.30894049356260506
142.60000000000014; 0.3093213852527778
142.70000000000013; 0.309701777887407
142.80000000000013; 0.3100816717777507
142.90000000000012; 0.3104610672385698
143.0000000000001; 0.3108399645881001
143.10000000000014; 0.31121836414801934
143.20000000000013; 0.3115962662434149
143.30000000000013; 0.3119736712027532
143.40000000000012; 0.31235057935784705
143.5000000000001; 0.3127269910438264
143.60000000000014; 0.3131029065991052
143.70000000000013; 0.3134783263653521
143.80000000000013; 0.31385325068746023
143.90000000000012; 0.3142276799135153
144.0000000000001; 0.3146016143947673
144.10000000000014; 0.3149750544855995
144.20000000000013; 0.3153480005434988
144.30000000000013; 0.31572045292902545
144.40000000000012; 0.3160924120057844
144.5000000000001; 0.31646387814039795
144.60000000000014; 0.3168348517024712
144.70000000000013; 0.31720533306456955
144.80000000000013; 0.31757532260218563
144.90000000000012; 0.317944820693715
145.0000000000001; 0.31831382772042166
145.10000000000014; 0.3186823440664157
145.20000000000013; 0.3190503701186221
145.30000000000013; 0.3194179062667561
145.40000000000012; 0.31978495290329034
145.50000000000014; 0.32015151042343326
145.60000000000014; 0.3205175792250973
145.70000000000013; 0.3208831597088754
145.80000000000013; 0.3212482522780114
145.90000000000012; 0.3216128573383744
146.00000000000014; 0.32197697529843256
146.10000000000014; 0.32234060656922603
146.20000000000013; 0.3227037515643405
146.30000000000013; 0.32306641069988334
146.40000000000012; 0.323428584394455
146.50000000000014; 0.32379027306912406
146.60000000000014; 0.3241514771474023
146.70000000000013; 0.3245121970552201
146.80000000000013; 0.324872433220899
146.90000000000012; 0.32523218607512827
147.00000000000014; 0.32559145605094003
147.10000000000014; 0.32595024358368235
147.20000000000013; 0.3263085491109993
147.30000000000013; 0.32666637307280194
147.40000000000012; 0.327023715911247
147.50000000000014; 0.32738057807071047
147.60000000000014; 0.3277369599977647
147.70000000000013; 0.3280928621411583
147.80000000000013; 0.3284482849517839
147.90000000000012; 0.3288032288826655
148.00000000000014; 0.32915769438892495
148.10000000000014; 0.32951168192776614
148.20000000000013; 0.3298651919584494
148.30000000000013; 0.33021822494226727
148.40000000000012; 0.3305707813425257
148.50000000000014; 0.3309228616245161
148.60000000000014; 0.33127446625549734
148.70000000000013; 0.33162559570467354
148.80000000000013; 0.3319762504431698
148.90000000000012; 0.33232643094400927
149.00000000000014; 0.3326761376820961
149.10000000000014; 0.3330253711341894
149.20000000000013; 0.33337413177888303
149.30000000000013; 0.33372242009658726
149.40000000000012; 0.3340702365695008
149.50000000000014; 0.3344175816815967
149.60000000000014; 0.3347644559185986
149.70000000000013; 0.3351108597679581
149.80000000000013; 0.33545679371883863
149.90000000000012; 0.3358022582620904
150.00000000000014; 0.33614725389023314
150.10000000000014; 0.3364917886420747
150.20000000000013; 0.3368358555550493
150.30000000000013; 0.3371794550108735
150.40000000000012; 0.33752258750125147
150.50000000000014; 0.33786525351951335
150.60000000000014; 0.33820745356060267
150.70000000000013; 0.33854918812105117
150.80000000000013; 0.3388904576989609
150.90000000000012; 0.3392312627939871
151.00000000000014; 0.3395716039073144
151.10000000000014; 0.339911481541643
151.20000000000013; 0.3402508962011639
151.30000000000013; 0.3405898483915456
151.40000000000015; 0.34092833861991106
151.50000000000014; 0.3412663673948228
151.60000000000014; 0.34160393522626153
151.70000000000013; 0.34194104262560726
151.80000000000013; 0.3422776901056245
151.90000000000015; 0.34261387818044353
152.00000000000014; 0.3429496073655371
152.10000000000014; 0.3432848781777096
152.20000000000013; 0.343619691135077
152.30000000000013; 0.34395404675704705
152.40000000000015; 0.34428794556430325
152.50000000000014; 0.3446213880787884
152.60000000000014; 0.3449543748236863
152.70000000000013; 0.3452869063234068
152.80000000000013; 0.34561898310356354
152.90000000000015; 0.3459506056909634
153.00000000000014; 0.3462817746135866
153.10000000000014; 0.34661249040056863
153.20000000000013; 0.34694275358218674
153.30000000000013; 0.3472725646898426
153.40000000000015; 0.3476019242560444
153.50000000000014; 0.3479308328143938
153.60000000000014; 0.3482592908995663
153.70000000000013; 0.3485872990472992
153.80000000000013; 0.3489148577943699
153.90000000000015; 0.3492419676785897
154.00000000000014; 0.3495686292387759
154.10000000000014; 0.3498948430147486
154.20000000000013; 0.3502206095473055
154.30000000000013; 0.35054592937821333
154.40000000000015; 0.3508708030501883
154.50000000000014; 0.35119523110688444
154.60000000000014; 0.3515192140928763
154.70000000000013; 0.35184275255364394
154.80000000000013; 0.3521658470355611
154.90000000000015; 0.3524884980858775
155.00000000000014; 0.3528107062527069
155.10000000000014; 0.35313247208500775
155.20000000000013; 0.3534537961325768
155.30000000000013; 0.3537746789460282
155.40000000000015; 0.3540951210767818
155.50000000000014; 0.35441512307704903
155.60000000000014; 0.35473468549982096
155.70000000000013; 0.35505380889885
155.80000000000013; 0.3553724938286413
155.90000000000015; 0.35569074084443414
156.00000000000014; 0.35600855050219415
156.10000000000014; 0.35632592335859414
156.20000000000013; 0.3566428599710056
156.30000000000013; 0.3569593608974812
156.40000000000015; 0.35727542669674667
156.50000000000014; 0.35759105792818224
156.60000000000014; 0.35790625515181573
156.70000000000013; 0.35822101892830405
156.80000000000013; 0.3585353498189234
156.90000000000015; 0.3588492483855577
157.00000000000014; 0.35916271519068377
157.10000000000014; 0.3594757507973598
157.20000000000013; 0.35978835576921436
157.30000000000013; 0.3601005306704299
157.40000000000015; 0.3604122760657373
157.50000000000014; 0.3607235925203986
157.60000000000014; 0.36103448060019494
157.70000000000013; 0.36134494087141805
157.80000000000013; 0.36165497390085766
157.90000000000015; 0.36196458025578643
158.00000000000014; 0.3622737605039533
158.10000000000014; 0.36258251521356816
158.20000000000013; 0.36289084495329055
158.30000000000015; 0.36319875029222237
158.40000000000015; 0.36350623179989283
158.50000000000014; 0.36381329004624624
158.60000000000014; 0.364119925601636
158.70000000000013; 0.36442613903680887
158.80000000000015; 0.36473193092289496
158.90000000000015; 0.36503730183140076
159.00000000000014; 0.36534225233419215
159.10000000000014; 0.36564678300348813
159.20000000000013; 0.3659508944118498
159.30000000000015; 0.36625458713216896
159.40000000000015; 0.36655786173765603
159.50000000000014; 0.366860718801834
159.60000000000014; 0.3671631588985257
159.70000000000013; 0.3674651826018401
159.80000000000015; 0.3677667904861705
159.90000000000015; 0.3680679831261775
160.00000000000014; 0.3683687610967818
