energy (keV); transmission
1.0; 0.0
1.1; 0.0
1.2000000000000002; 0.0
1.3000000000000003; 0.0
1.4000000000000004; 0.0
1.5000000000000004; 0.0
1.6000000000000005; 0.0
1.7000000000000006; 1.622076871770175e-309
1.8000000000000007; 2.5099983739831177e-267
1.9000000000000008; 1.1360477585326801e-232
2.000000000000001; 6.924478345347871e-204
2.100000000000001; 3.072119156978568e-179
2.200000000000001; 1.810801464035357e-158
2.300000000000001; 7.676240845307199e-141
2.4000000000000012; 8.753297885737664e-126
2.5000000000000013; 7.603315372342624e-113
2.6000000000000014; 1.1525379807306764e-101
2.7000000000000015; 5.9327226760979947e-92
2.8000000000000016; 1.77744411584213e-83
2.9000000000000017; 4.808588532689079e-76
3.0000000000000018; 1.6843376921103388e-69
3.100000000000002; 1.279669543343459e-63
3.200000000000002; 2.0871439248154067e-58
3.300000000000002; 9.069662076567654e-54
3.400000000000002; 1.2574168517656488e-49
3.500000000000002; 6.469741576196612e-46
3.6000000000000023; 1.4034906734459943e-42
3.7000000000000024; 1.4302431105435938e-39
3.8000000000000025; 7.507407425076171e-37
3.9000000000000026; 2.196215858339839e-34
4.000000000000003; 3.831520033082561e-32
4.100000000000003; 4.4400009783816126e-30
4.200000000000003; 3.395149831262e-28
4.3000000000000025; 1.7917281298344144e-26
4.400000000000003; 6.786059666299371e-25
4.5000000000000036; 1.9088582905999836e-23
4.600000000000003; 4.1096375747259372e-22
4.700000000000003; 6.953600318770815e-21
4.800000000000003; 9.465596610843716e-20
4.900000000000004; 1.0582985449153708e-18
5.0000000000000036; 6.005400423524566e-120
5.100000000000003; 4.213937231693679e-117
5.200000000000004; 2.62877453191644e-113
5.300000000000004; 7.382817018891383e-109
5.400000000000004; 5.1424325729680406e-104
5.5000000000000036; 6.733216939573694e-103
5.600000000000004; 1.0336230018369106e-97
5.700000000000005; 1.1544030128101343e-92
5.800000000000004; 7.49026981444336e-88
5.900000000000004; 2.411217062634917e-83
6.000000000000004; 3.470676973766133e-79
6.100000000000005; 2.15326172143198e-75
6.200000000000005; 6.262047428423119e-72
6.300000000000004; 9.400669164365916e-69
6.400000000000005; 7.907527415609391e-66
6.500000000000005; 3.9974333153545724e-63
6.600000000000005; 1.2896352853531392e-60
6.700000000000005; 2.7961091953136566e-58
6.800000000000005; 4.260321657560154e-56
6.900000000000006; 4.7418174825145895e-54
7.000000000000005; 3.987276905590775e-52
7.100000000000005; 2.6084086979606057e-50
7.2000000000000055; 1.2728263329721426e-48
7.300000000000006; 5.437008791964141e-47
7.400000000000006; 1.933328698963301e-45
7.500000000000005; 5.822706860460367e-44
7.600000000000006; 1.5081194651268256e-42
7.700000000000006; 3.404636033367299e-41
7.800000000000006; 6.779153119200612e-40
7.900000000000006; 1.2030773665281372e-38
8.000000000000007; 1.9206115894696927e-37
8.100000000000007; 2.7787872516716568e-36
8.200000000000006; 3.655409435216043e-35
8.300000000000006; 4.383091346698914e-34
8.400000000000006; 4.803089464581139e-33
8.500000000000007; 4.8229270099496485e-32
8.600000000000007; 4.449566774179144e-31
8.700000000000006; 3.7819336913890294e-30
8.800000000000008; 2.969405072563794e-29
8.900000000000007; 2.159468259020955e-28
9.000000000000007; 1.4584646487019344e-27
9.100000000000007; 9.171699699994244e-27
9.200000000000006; 5.384205245293944e-26
9.300000000000008; 2.958021960954847e-25
9.400000000000007; 1.524594118951539e-24
9.500000000000007; 7.38955625551525e-24
9.600000000000009; 3.376010581430124e-23
9.700000000000008; 1.457107070028393e-22
9.800000000000008; 5.954323995152972e-22
9.900000000000007; 2.3085946932499984e-21
10.000000000000007; 8.509963308946055e-21
10.100000000000009; 2.9884588685316806e-20
10.200000000000008; 1.0020499035806177e-19
10.300000000000008; 3.215107372241981e-19
10.40000000000001; 9.891305092206287e-19
10.500000000000009; 2.923489548865372e-18
10.600000000000009; 8.316305023648384e-18
10.700000000000008; 2.280801965637414e-17
10.800000000000008; 6.040593034969921e-17
10.90000000000001; 1.5473006022678845e-16
11.000000000000009; 3.8388877221037173e-16
11.100000000000009; 9.2378445974841e-16
11.20000000000001; 2.1589266427838917e-15
11.30000000000001; 4.9061978502191025e-15
11.40000000000001; 1.0854314460108566e-14
11.500000000000009; 2.3404216414658918e-14
11.600000000000009; 4.9235674940602885e-14
11.70000000000001; 1.0115712332773162e-13
11.80000000000001; 2.0316966494116055e-13
11.90000000000001; 3.992654319138461e-13
12.00000000000001; 7.683877314047302e-13
12.10000000000001; 1.4493467085845054e-12
12.20000000000001; 2.681498199829886e-12
12.30000000000001; 4.869901244340589e-12
12.40000000000001; 8.68778492002399e-12
12.50000000000001; 1.5234867408547474e-11
12.60000000000001; 2.6277851795113498e-11
12.70000000000001; 4.460983229345444e-11
12.800000000000011; 7.457902402144525e-11
12.900000000000011; 1.2285489883597865e-10
13.00000000000001; 1.9952225133159428e-10
13.10000000000001; 3.1962175540589007e-10
13.20000000000001; 5.052900349111318e-10
13.300000000000011; 7.886939648562264e-10
13.400000000000011; 1.2160035702041127e-09
13.50000000000001; 1.852706098040658e-09
13.600000000000012; 2.7906310229610778e-09
13.700000000000012; 4.157132081372869e-09
13.800000000000011; 6.126957798010153e-09
13.900000000000011; 8.9374358999968e-09
14.00000000000001; 1.2907698653293707e-08
14.100000000000012; 1.8462784225934645e-08
14.200000000000012; 2.6163561967853483e-08
14.300000000000011; 3.674354484813012e-08
14.400000000000013; 5.115376763965237e-08
14.500000000000012; 7.061702184221456e-08
14.600000000000012; 9.669284452028563e-08
14.700000000000012; 1.3135475468594193e-07
14.800000000000011; 1.7708131391101964e-07
14.900000000000013; 2.3696265378124677e-07
15.000000000000012; 3.148241579463322e-07
15.100000000000012; 4.1536945264962336e-07
15.200000000000014; 5.443392749852802e-07
15.300000000000013; 7.086975304967754e-07
15.400000000000013; 9.168382859969599e-07
15.500000000000012; 1.178817615403596e-06
15.600000000000012; 1.5066112087082287e-06
15.700000000000014; 1.914398711109116e-06
15.800000000000013; 2.4188755231616106e-06
15.900000000000013; 3.039592523021451e-06
16.000000000000014; 3.7993238718444208e-06
16.100000000000016; 4.724462736823633e-06
16.200000000000014; 5.845444417656765e-06
16.30000000000001; 7.197195996464221e-06
16.400000000000013; 8.819611253910175e-06
16.500000000000014; 1.0758049211491794e-05
16.600000000000016; 1.3063854277829364e-05
16.700000000000014; 1.5794895601678314e-05
16.800000000000015; 1.901612287255464e-05
16.900000000000013; 2.2800135467441137e-05
17.000000000000014; 2.722776152479553e-05
17.100000000000016; 3.2388643240498866e-05
17.200000000000014; 3.8381824429119066e-05
17.300000000000015; 4.531633618238158e-05
17.400000000000013; 5.33117762883045e-05
17.500000000000014; 6.249887795212248e-05
17.600000000000016; 7.302006328550156e-05
17.700000000000014; 8.502997700529743e-05
17.800000000000015; 9.869599580709122e-05
17.900000000000016; 0.00011419870895197587
18.000000000000014; 0.0001317323657260869
18.100000000000016; 0.0001515052855995949
18.200000000000017; 0.0001737402271224841
18.300000000000015; 0.00019867471184579065
18.400000000000016; 0.00022656129984483994
18.500000000000014; 0.0002576678137424592
18.600000000000016; 0.0002922775084795047
18.700000000000017; 0.0003306891844540991
18.800000000000015; 0.00037321724204398014
18.900000000000016; 0.00042019167593428916
19.000000000000014; 0.00047195800809055494
19.100000000000016; 0.0005288771586391802
19.200000000000017; 0.0005913252543413084
19.300000000000015; 0.0006596933747643698
19.400000000000016; 0.0007343872366675936
19.500000000000018; 0.0008158268175165294
19.600000000000016; 0.0009044459194256033
19.700000000000017; 0.0010006916751930635
19.80000000000002; 0.0011050239984365408
19.900000000000016; 0.001217914980157365
20.000000000000018; 0.0013398482343562816
20.100000000000016; 0.001471304046776607
20.200000000000017; 0.0016127994977688652
20.30000000000002; 0.0017648490234259072
20.400000000000016; 0.0019279757038670067
20.500000000000018; 0.0021027104285931673
20.600000000000016; 0.002289591024853999
20.700000000000017; 0.002489161359212141
20.80000000000002; 0.0027019704160877746
20.900000000000016; 0.0029285713570978344
21.000000000000018; 0.0031695205650101397
21.10000000000002; 0.003425376676116043
21.200000000000017; 0.003696699604783973
21.30000000000002; 0.003984049563894228
21.40000000000002; 0.00428798608477393
21.500000000000018; 0.00460906704015115
21.60000000000002; 0.004947847673531699
21.700000000000017; 0.005304879638270518
21.80000000000002; 0.00568071004946595
21.90000000000002; 0.006075880551652698
22.000000000000018; 0.006490926405099366
22.10000000000002; 0.006926375593353444
22.200000000000017; 0.007382747954486644
22.30000000000002; 0.007860554338322123
22.40000000000002; 0.008360295791730081
22.500000000000018; 0.00888246277389318
22.60000000000002; 0.00942753440325605
22.70000000000002; 0.009995977737682052
22.80000000000002; 0.010588247089153822
22.90000000000002; 0.01120478337417469
23.00000000000002; 0.011846013500841265
23.10000000000002; 0.012512349793387464
23.20000000000002; 0.013204189454827611
23.30000000000002; 0.01392191406815775
23.40000000000002; 0.014665889136427078
23.50000000000002; 0.015436463661825314
23.60000000000002; 0.01623396976379969
23.70000000000002; 0.017058722336073067
23.80000000000002; 0.017911018742306054
23.90000000000002; 0.01879113855002851
24.00000000000002; 0.019699343302350826
24.10000000000002; 0.02063587632685704
24.20000000000002; 0.02160096258099787
24.300000000000022; 0.022594808533195482
24.40000000000002; 0.023617602078810793
24.50000000000002; 0.02466951249003549
24.600000000000023; 0.025750690398717427
24.70000000000002; 0.02686126781106525
24.800000000000022; 0.02800135815312726
24.90000000000002; 0.029171056345904885
25.00000000000002; 0.030370438908914187
25.100000000000023; 0.03159956409098349
25.20000000000002; 0.0328584720270567
25.300000000000022; 0.03414718491974375
25.40000000000002; 0.035465707244361655
25.50000000000002; 0.03681402597618134
25.600000000000023; 0.03819211083861942
25.70000000000002; 0.0395999145710921
25.800000000000022; 0.04103737321527558
25.900000000000023; 0.042504406418509943
26.00000000000002; 0.04400091775311181
26.100000000000023; 0.045526795050365526
26.200000000000024; 0.04708191074800056
26.300000000000022; 0.04866612224996894
26.400000000000023; 0.05027927229736084
26.50000000000002; 0.051921189349354545
26.600000000000023; 0.05359168797307662
26.700000000000024; 0.055290569241328025
26.800000000000022; 0.05701762113713209
26.900000000000023; 0.05877261896411242
27.00000000000002; 0.06055532576172993
27.100000000000023; 0.06236549272445656
27.200000000000024; 0.06420285962399525
27.300000000000022; 0.06606715523367983
27.400000000000023; 0.06795809775425812
27.500000000000025; 0.06987539524025396
27.600000000000023; 0.07181874602618456
27.700000000000024; 0.07378783915191649
27.800000000000026; 0.07578235478648776
27.900000000000023; 0.07780196464978371
28.000000000000025; 0.07984633243144
28.100000000000023; 0.0819151142064371
28.200000000000024; 0.08400795884684643
28.300000000000026; 0.08612450842924009
28.400000000000023; 0.08826439863730798
28.500000000000025; 0.09042725915924778
28.600000000000023; 0.09261271407954882
28.700000000000024; 0.09482038226478923
28.800000000000026; 0.09704987774312038
28.900000000000023; 0.0993008100771451
29.000000000000025; 0.10157278472989394
29.100000000000026; 0.10386540342366322
29.200000000000024; 0.10617826449148206
29.300000000000026; 0.10851096322103329
29.400000000000027; 0.11086309219081031
29.500000000000025; 0.1132342415984136
29.600000000000026; 0.11562399958080376
29.700000000000024; 0.11803195252644859
29.800000000000026; 0.12045768537923966
29.900000000000027; 0.12290078193413266
30.000000000000025; 0.1253608251244565
30.100000000000026; 0.12783834940496908
30.200000000000024; 0.13033201169217307
30.300000000000026; 0.13284137803954305
30.400000000000027; 0.13536602829052793
30.500000000000025; 0.1379055427169284
30.600000000000026; 0.14045950225982534
30.700000000000028; 0.14302748876215138
30.800000000000026; 0.1456090851929581
30.900000000000027; 0.14820387586344377
31.00000000000003; 0.15081144663483306
31.100000000000026; 0.15343138511816504
31.200000000000028; 0.15606328086611834
31.300000000000026; 0.1587067255569486
31.400000000000027; 0.16136131317066071
31.50000000000003; 0.16402664015752932
31.600000000000026; 0.16670230559908136
31.700000000000028; 0.1693879113616778
31.800000000000026; 0.17208306224283074
31.900000000000027; 0.17478736611036413
32.00000000000003; 0.17750043403459112
32.10000000000002; 0.1802218804136366
32.20000000000003; 0.18295132309203985
32.300000000000026; 0.18568838347280617
32.40000000000003; 0.18843268662304086
32.50000000000003; 0.19118386137333315
32.60000000000003; 0.19394154041101916
32.70000000000003; 0.1967053603675022
32.800000000000026; 0.19947496189977587
32.90000000000003; 0.20224998976629652
33.00000000000003; 0.205030092897373
33.10000000000003; 0.20781492446021702
33.20000000000003; 0.21060414191881863
33.300000000000026; 0.21339740708878457
33.40000000000003; 0.21619438618731632
33.50000000000003; 0.21899474987844372
33.60000000000003; 0.22179817331371124
33.70000000000003; 0.22460433616840747
33.800000000000026; 0.22741292267354013
33.90000000000003; 0.23022362164365753
34.00000000000003; 0.2330361265006997
34.10000000000003; 0.23585013529397178
34.20000000000003; 0.2386653507164261
34.30000000000003; 0.24148148011736234
34.40000000000003; 0.2442982355116804
34.50000000000003; 0.2471153335858323
34.60000000000003; 0.2499324957005824
34.70000000000003; 0.25274944789072995
34.80000000000003; 0.25556592086187857
34.90000000000003; 0.25838164998442686
35.00000000000003; 0.26119637528484435
35.10000000000003; 0.264009841434385
35.20000000000003; 0.2668217977353507
35.30000000000003; 0.26963199810498445
35.400000000000034; 0.2724402010571514
35.50000000000003; 0.2752461696818581
35.60000000000003; 0.278049671622765
35.70000000000003; 0.2808504790527504
35.80000000000003; 0.28364836864764587
35.900000000000034; 0.2864431215582405
36.00000000000003; 0.2892345233806223
36.10000000000003; 0.29202236412498117
36.20000000000003; 0.294806438182926
36.30000000000003; 0.2975865442934243
36.400000000000034; 0.3003624855074334
36.50000000000003; 0.3031340691513117
36.60000000000003; 0.3059011067890739
36.70000000000003; 0.3086634141835814
36.80000000000003; 0.3114208112567284
36.900000000000034; 0.31417312204868264
37.00000000000003; 0.31692017467628586
37.10000000000003; 0.31966180129062804
37.20000000000003; 0.3223978380339032
37.30000000000003; 0.32512812499557747
37.400000000000034; 0.32785250616794653
37.500000000000036; 0.33057082940111193
37.60000000000003; 0.3332829463574789
37.70000000000003; 0.33598871246576845
37.80000000000003; 0.3386879868746436
37.900000000000034; 0.34138063240596217
38.000000000000036; 0.3440665155077274
38.10000000000003; 0.34674550620676986
38.20000000000003; 0.3494174780611987
38.30000000000003; 0.35208230811267993
38.400000000000034; 0.3547398768385519
38.500000000000036; 0.35739006810385576
38.60000000000004; 0.3600327691132709
38.70000000000003; 0.36266787036304
38.80000000000003; 0.3652952655928619
38.900000000000034; 0.3679148517378319
39.000000000000036; 0.3705265288804296
39.10000000000004; 0.3731302002025969
39.20000000000003; 0.37572577193792106
39.30000000000003; 0.37831315332396753
39.400000000000034; 0.3808922565547647
39.500000000000036; 0.38346299673348
39.60000000000004; 0.3860252918253086
39.70000000000003; 0.38857906261057623
39.80000000000003; 0.39112423263811286
39.900000000000034; 0.3936607281788769
40.000000000000036; 0.39618845943605424
40.10000000000004; 0.39870604991547093
40.20000000000003; 0.4012147691776441
40.30000000000003; 0.40371455611095297
40.400000000000034; 0.4062053520565155
40.500000000000036; 0.4086871007636163
40.60000000000004; 0.4111597483455511
40.70000000000004; 0.41362324323587396
40.80000000000003; 0.4160775361450958
40.900000000000034; 0.41852258001779286
41.000000000000036; 0.4209583299901838
41.10000000000004; 0.42338474334814974
41.20000000000004; 0.42580177948570175
41.30000000000003; 0.4282093998639265
41.400000000000034; 0.4306075679703951
41.500000000000036; 0.4329962492790343
41.60000000000004; 0.43537541121049855
41.70000000000004; 0.4377450230929958
41.80000000000004; 0.440105056123611
41.900000000000034; 0.4424554833301216
42.000000000000036; 0.4447962795332807
42.10000000000004; 0.4471274213096086
42.20000000000004; 0.4494488869546715
42.30000000000004; 0.45176065644683494
42.400000000000034; 0.45406271141154414
42.500000000000036; 0.4563550350860534
42.60000000000004; 0.45863761228468414
42.70000000000004; 0.46091042936455867
42.80000000000004; 0.4631734741918175
42.900000000000034; 0.465426736108345
43.000000000000036; 0.4676702058989644
43.10000000000004; 0.46990387575913345
43.20000000000004; 0.47212773926311463
43.30000000000004; 0.47434179133263377
43.400000000000034; 0.476546028206019
43.500000000000036; 0.47874044740780686
43.60000000000004; 0.48092504771884004
43.70000000000004; 0.48309982914682614
43.80000000000004; 0.4852647928973643
43.90000000000004; 0.4874199413454363
44.000000000000036; 0.4895652780073744
44.10000000000004; 0.4917008075132678
44.20000000000004; 0.49382653557983
44.30000000000004; 0.49594246898372724
44.40000000000004; 0.4980486155353426
44.500000000000036; 0.5001449840529817
44.60000000000004; 0.502231584337528
44.70000000000004; 0.5043084271475249
44.80000000000004; 0.5063755241746858
44.90000000000004; 0.5084328880198378
45.00000000000004; 0.5104805321692794
45.10000000000004; 0.5125184709715616
45.20000000000004; 0.5145467196146742
45.30000000000004; 0.5165652941036477
45.40000000000004; 0.5185742112385507
45.50000000000004; 0.5205734885928869
45.60000000000004; 0.5225631444923939
45.70000000000004; 0.5245431979942228
45.80000000000004; 0.5265136688664956
45.90000000000004; 0.5284745775682642
46.00000000000004; 0.5304259452298132
46.10000000000004; 0.5323677936333614
46.20000000000004; 0.5343001451941083
46.30000000000004; 0.5362230229416515
46.40000000000004; 0.5381364505017501
46.50000000000004; 0.5400404520784441
46.60000000000004; 0.5419350524365203
46.70000000000004; 0.5438202768843169
46.80000000000004; 0.5456961512568606
46.90000000000004; 0.5475627018993383
47.00000000000004; 0.549419955650894
47.100000000000044; 0.5512679398287504
47.20000000000004; 0.5531066822126364
47.30000000000004; 0.5549362110295443
47.40000000000004; 0.5567565549387751
47.50000000000004; 0.558567743017298
47.600000000000044; 0.560369804745409
47.70000000000004; 0.5621627699926717
47.80000000000004; 0.5639466690041604
47.90000000000004; 0.5657215323869796
48.00000000000004; 0.5674873910970659
48.100000000000044; 0.5692442764262573
48.200000000000045; 0.5709922199896496
48.30000000000004; 0.5727312537132064
48.40000000000004; 0.5744614098216348
48.50000000000004; 0.5761827208265164
48.600000000000044; 0.5778952195146985
48.700000000000045; 0.579598938936929
48.80000000000004; 0.5812939123967411
48.90000000000004; 0.582980173439572
49.00000000000004; 0.5846577558421228
49.100000000000044; 0.5863266936019581
49.200000000000045; 0.5879870209273186
49.30000000000004; 0.5896387722271756
49.40000000000004; 0.5912819821014985
49.50000000000004; 0.5929166853317318
49.600000000000044; 0.594542916871509
49.700000000000045; 0.5961607118375449
49.80000000000004; 0.5977701055007618
49.90000000000004; 0.599371133277605
50.00000000000004; 0.6009638307215501
50.100000000000044; 0.6025488141987848
50.200000000000045; 0.6041255389624628
50.30000000000005; 0.6056940333712171
50.40000000000004; 0.6072543323212403
50.50000000000004; 0.6088064708342968
50.600000000000044; 0.6103504840499413
50.700000000000045; 0.6118864072179123
50.80000000000005; 0.6134142756907042
50.90000000000004; 0.6149341249163072
51.00000000000004; 0.6164459904311151
51.100000000000044; 0.6179499078529966
51.200000000000045; 0.6194459128745285
51.30000000000005; 0.6209340412563854
51.40000000000005; 0.6224143288208945
51.50000000000004; 0.6238868114457241
51.600000000000044; 0.6253515250577439
51.700000000000045; 0.6268085056270185
51.80000000000005; 0.6282577891609478
51.90000000000005; 0.629699411698557
52.00000000000004; 0.6311334093049111
52.100000000000044; 0.6325598180656832
52.200000000000045; 0.6339786740818445
52.30000000000005; 0.6353900134644914
52.40000000000005; 0.6367938723298
52.50000000000004; 0.6381902867941117
52.600000000000044; 0.6395792929691341
52.700000000000045; 0.6409609269572693
52.80000000000005; 0.6423352248470691
52.90000000000005; 0.6437022227087926
53.00000000000004; 0.6450619565900897
53.100000000000044; 0.6464144625117944
53.200000000000045; 0.6477597764638279
53.30000000000005; 0.6490979344012124
53.40000000000005; 0.6504289722401886
53.50000000000005; 0.6517529258544382
53.600000000000044; 0.6530698310714153
53.700000000000045; 0.6543797236687621
53.80000000000005; 0.6556826393708409
53.90000000000005; 0.6569786138453518
54.00000000000005; 0.6582676827000484
54.100000000000044; 0.6595498814795411
54.200000000000045; 0.6608252456622007
54.30000000000005; 0.6620938106571413
54.40000000000005; 0.6633556118012928
54.50000000000005; 0.6646106843565656
54.60000000000005; 0.6658590635070841
54.700000000000045; 0.6671007843565184
54.80000000000005; 0.6683358819254858
54.90000000000005; 0.6695643911490308
55.00000000000005; 0.6707863468741913
55.10000000000005; 0.6720017838576245
55.200000000000045; 0.6732107367633221
55.30000000000005; 0.6744132401603894
55.40000000000005; 0.675609328520892
55.50000000000005; 0.6767990362177807
55.60000000000005; 0.6779823975228807
55.700000000000045; 0.6791594466049398
55.80000000000005; 0.6803302175277507
55.90000000000005; 0.681494744248335
56.00000000000005; 0.6826530606151823
56.10000000000005; 0.6838052003665628
56.200000000000045; 0.6849511971288834
56.30000000000005; 0.6860910844151187
56.40000000000005; 0.6872248956232834
56.50000000000005; 0.6883526640349726
56.60000000000005; 0.6894744228139469
56.70000000000005; 0.6905902050047811
56.80000000000005; 0.6917000435315551
56.90000000000005; 0.692803971196597
57.00000000000005; 0.6939020206792854
57.10000000000005; 0.6949942245348902
57.20000000000005; 0.6960806151934611
57.30000000000005; 0.697161224958773
57.40000000000005; 0.6982360860073049
57.50000000000005; 0.6993052303872653
57.60000000000005; 0.7003686900176727
57.70000000000005; 0.7014264966874602
57.800000000000054; 0.7024786820546365
57.90000000000005; 0.7035252776454816
58.00000000000005; 0.7045663148537774
58.10000000000005; 0.7056018249400895
58.20000000000005; 0.7066318390310721
58.300000000000054; 0.7076563881188194
58.40000000000005; 0.7086755030602516
58.50000000000005; 0.7096892145765347
58.60000000000005; 0.710697553252529
58.70000000000005; 0.7117005495362879
58.800000000000054; 0.7126982337385661
58.90000000000005; 0.7136906360323807
59.00000000000005; 0.7146777864525896
59.10000000000005; 0.7156597148955087
59.20000000000005; 0.7166364511185532
59.300000000000054; 0.7176080247399118
59.40000000000005; 0.7185744652382448
59.50000000000005; 0.7195358019524148
59.60000000000005; 0.7204920640812413
59.70000000000005; 0.7214432806832797
59.800000000000054; 0.7223894806766308
59.900000000000055; 0.7233306928387733
60.00000000000005; 0.7242669458064137
60.10000000000005; 0.7251981016117051
60.20000000000005; 0.7261243570150696
60.300000000000054; 0.7270457406837897
60.400000000000055; 0.7279622811188227
60.50000000000005; 0.7288740066708665
60.60000000000005; 0.7297809455404919
60.70000000000005; 0.730683125778302
60.800000000000054; 0.7315805752851018
60.900000000000055; 0.7324733218120929
61.00000000000006; 0.7333613929610777
61.10000000000005; 0.7342448161846843
61.20000000000005; 0.7351236187866057
61.300000000000054; 0.735997827921856
61.400000000000055; 0.7368674705970351
61.50000000000006; 0.7377325736706203
61.60000000000005; 0.7385931638532576
61.70000000000005; 0.7394492677080752
61.800000000000054; 0.7403009116510076
61.900000000000055; 0.7411481219511379
62.00000000000006; 0.7419909247310371
62.10000000000005; 0.7428293459671361
62.20000000000005; 0.7436634114900932
62.300000000000054; 0.7444931469851777
62.400000000000055; 0.7453185779926699
62.50000000000006; 0.7461397299082602
62.60000000000005; 0.7469566279834707
62.70000000000005; 0.7477692973260772
62.800000000000054; 0.7485777629005436
62.900000000000055; 0.7493820495284702
63.00000000000006; 0.7501821818890405
63.10000000000006; 0.7509781845194874
63.20000000000005; 0.75177008181556
63.300000000000054; 0.7525578980320012
63.400000000000055; 0.7533416572830349
63.50000000000006; 0.754121383542857
63.60000000000006; 0.7548971006461311
63.70000000000005; 0.7556688322885022
63.800000000000054; 0.7564366020271039
63.900000000000055; 0.7572004332810768
64.00000000000006; 0.7579603493320983
64.10000000000005; 0.7587163733249093
64.20000000000006; 0.75946852826785
64.30000000000005; 0.7602168370334058
64.40000000000006; 0.7609613223587498
64.50000000000006; 0.761702006846295
64.60000000000005; 0.7624389129642529
64.70000000000006; 0.7631720630471905
64.80000000000005; 0.7639014792965966
64.90000000000006; 0.7646271837814542
65.00000000000006; 0.7653491984388041
65.10000000000005; 0.766067545074332
65.20000000000006; 0.7667822453629394
65.30000000000005; 0.7674933208493298
65.40000000000006; 0.7682007929485979
65.50000000000006; 0.7689046829468114
65.60000000000005; 0.7696050120016086
65.70000000000006; 0.7703018011427918
65.80000000000005; 0.7709950712729197
65.90000000000006; 0.7716848431679101
66.00000000000006; 0.772371137477642
66.10000000000005; 0.7730539747265531
66.20000000000006; 0.7737333753142503
66.30000000000005; 0.7744093595161127
66.40000000000006; 0.7750819474839005
66.50000000000006; 0.7757511592463633
66.60000000000005; 0.7764170147098518
66.70000000000006; 0.7770795336589305
66.80000000000005; 0.7777387357569868
66.90000000000006; 0.7783946405468495
67.00000000000006; 0.7790472674513962
67.10000000000007; 0.7796966357741775
67.20000000000006; 0.7803427647000231
67.30000000000005; 0.7809856732956656
67.40000000000006; 0.7816253805103506
67.50000000000006; 0.7822619051764583
67.60000000000007; 0.7828952660101167
67.70000000000006; 0.783525481611819
67.80000000000005; 0.7841525704670412
67.90000000000006; 0.7847765509468592
68.00000000000006; 0.7853974413085617
68.10000000000007; 0.7860152596962692
68.20000000000006; 0.7866300241415489
68.30000000000005; 0.787241752564028
68.40000000000006; 0.7878504627720103
68.50000000000006; 0.7884561724630889
68.60000000000007; 0.789058899224759
68.70000000000006; 0.78965866053503
68.80000000000005; 0.7902554737630372
68.90000000000006; 0.790849356169653
69.00000000000006; 0.7914403249080941
69.10000000000007; 0.7920283970245314
69.20000000000006; 0.7926135894586969
69.30000000000005; 0.79319591904449
69.40000000000006; 0.7937754025105803
69.50000000000006; 0.7943520564810131
69.60000000000007; 0.7949258974758111
69.70000000000006; 0.7954969419115738
69.80000000000007; 0.7960652061020775
69.90000000000006; 0.7966307062588728
70.00000000000006; 0.7971934584918805
70.10000000000007; 0.7977534788099847
70.20000000000006; 0.7983107831216282
70.30000000000007; 0.7988653872354019
70.40000000000006; 0.7994173068606326
70.50000000000006; 0.7999665576079733
70.60000000000007; 0.8005131549899863
70.70000000000006; 0.8010571144217306
70.80000000000007; 0.801598451221337
70.90000000000006; 0.8021371806105959
71.00000000000006; 0.8026733177155291
71.10000000000007; 0.8032068775669688
71.20000000000006; 0.8037378751011311
71.30000000000007; 0.8042663251601864
71.40000000000006; 0.8047922424928294
71.50000000000006; 0.8053156417548485
71.60000000000007; 0.8058365375096883
71.70000000000006; 0.8063549442290154
71.80000000000007; 0.806870876293278
71.90000000000006; 0.8073843479922637
72.00000000000006; 0.8078953735256572
72.10000000000007; 0.8084039670035955
72.20000000000006; 0.8089101424472172
72.30000000000007; 0.8094139137892146
72.40000000000006; 0.8099152948743775
72.50000000000006; 0.8104142994601433
72.60000000000007; 0.8109109412171334
72.70000000000006; 0.8114052337296984
72.80000000000007; 0.8118971904964526
72.90000000000006; 0.8123868249308104
73.00000000000006; 0.8128741503615193
73.10000000000007; 0.813359180033189
73.20000000000006; 0.8138419271068212
73.30000000000007; 0.8143224046603336
73.40000000000006; 0.8148006256890834
73.50000000000007; 0.8152766031063877
73.60000000000007; 0.81575034974404
73.70000000000006; 0.8162218783528289
73.80000000000007; 0.8166912016030469
73.90000000000006; 0.8171583320850043
74.00000000000007; 0.8176232823095355
74.10000000000007; 0.8180860647085026
74.20000000000006; 0.8185466916353016
74.30000000000007; 0.8190051753653591
74.40000000000006; 0.8194615280966335
74.50000000000007; 0.8199157619501057
74.60000000000007; 0.8203678889702753
74.70000000000006; 0.8208179211256494
74.80000000000007; 0.8212658703092275
74.90000000000006; 0.8217117483389894
75.00000000000007; 0.8221555669583772
75.10000000000007; 0.8225973378367718
75.20000000000006; 0.8230370725699734
75.30000000000007; 0.823474782680673
75.40000000000006; 0.8239104796189266
75.50000000000007; 0.824344174762623
75.60000000000007; 0.8247758794179507
75.70000000000006; 0.8252056048198616
75.80000000000007; 0.8256333621325341
75.90000000000006; 0.8260591624498285
76.00000000000007; 0.8264830167957485
76.10000000000007; 0.8269049361248887
76.20000000000007; 0.8273249313228921
76.30000000000007; 0.8277430132068929
76.40000000000006; 0.8281591925259677
76.50000000000007; 0.828573479961575
76.60000000000007; 0.8289858861279976
76.70000000000007; 0.8293964215727815
76.80000000000007; 0.8298050967771706
76.90000000000006; 0.8302119221565412
77.00000000000007; 0.8306169080608321
77.10000000000007; 0.8310200647749709
77.20000000000007; 0.8314214025193037
77.30000000000007; 0.8318209314500153
77.40000000000006; 0.8322186616595493
77.50000000000007; 0.8326146031770294
77.60000000000007; 0.8330087659686711
77.70000000000007; 0.8334011599381985
77.80000000000007; 0.8337917949272516
77.90000000000006; 0.8341806807157972
78.00000000000007; 0.8345678270225323
78.10000000000007; 0.8349532435052895
78.20000000000007; 0.8353369397614354
78.30000000000007; 0.8357189253282707
78.40000000000006; 0.8360992096834255
78.50000000000007; 0.8364778022452524
78.60000000000007; 0.8368547123732177
78.70000000000007; 0.8372299493682895
78.80000000000007; 0.8376035224733259
78.90000000000006; 0.8379754408734549
79.00000000000007; 0.8383457136964597
79.10000000000007; 0.8387143500131552
79.20000000000007; 0.8390813588377659
79.30000000000007; 0.8394467491282986
79.40000000000006; 0.8398105297869166
79.50000000000007; 0.8401727096603073
79.60000000000007; 0.8405332975400495
79.70000000000007; 0.8408923021629798
79.80000000000007; 0.8412497322115541
79.90000000000008; 0.841605596314206
80.00000000000007; 0.8419599030457094
80.10000000000007; 0.8423127472603718
80.20000000000007; 0.8426640515384294
80.30000000000007; 0.8430138228925037
80.40000000000008; 0.8433620695577223
80.50000000000007; 0.8437087997191731
80.60000000000007; 0.8440540215122236
80.70000000000007; 0.8443977430228421
80.80000000000007; 0.8447399722879118
80.90000000000008; 0.845080717295547
81.00000000000007; 0.8454199859854056
81.10000000000007; 0.8457577862489987
81.20000000000007; 0.8460941259300024
81.30000000000007; 0.8464290128245624
81.40000000000008; 0.8467624546816
81.50000000000007; 0.8470944592031175
81.60000000000007; 0.8474250340444963
81.70000000000007; 0.8477541868147986
81.80000000000007; 0.8480819250770649
81.90000000000008; 0.8484082563486113
82.00000000000007; 0.8487331881013206
82.10000000000007; 0.849056727761937
82.20000000000007; 0.8493788827123572
82.30000000000007; 0.8496996602899161
82.40000000000008; 0.850019067787677
82.50000000000007; 0.8503371124547147
82.60000000000008; 0.8506538014963996
82.70000000000007; 0.850969142074679
82.80000000000007; 0.8512831413083574
82.90000000000008; 0.8515958062733732
83.00000000000007; 0.8519071440030762
83.10000000000008; 0.8522171614885032
83.20000000000007; 0.8525258656786476
83.30000000000007; 0.8528332634807337
83.40000000000008; 0.8531393617604831
83.50000000000007; 0.8534441673423853
83.60000000000008; 0.8537476870099618
83.70000000000007; 0.8540499275060313
83.80000000000007; 0.8543508955329706
83.90000000000008; 0.8546505977529777
84.00000000000007; 0.8549490407883299
84.10000000000008; 0.8552462312216409
84.20000000000007; 0.8555421755961173
84.30000000000007; 0.8558368804158144
84.40000000000008; 0.8561303521458848
84.50000000000007; 0.8564225972128335
84.60000000000008; 0.8567136220047655
84.70000000000007; 0.8570034328716338
84.80000000000007; 0.8572920361254852
84.90000000000008; 0.8575794380407054
85.00000000000007; 0.8578656448542614
85.10000000000008; 0.8581506627659454
85.20000000000007; 0.8584344979386099
85.30000000000007; 0.8587171564984112
85.40000000000008; 0.858998644535042
85.50000000000007; 0.8592789681019695
85.60000000000008; 0.8595581332166684
85.70000000000007; 0.8598361458608514
85.80000000000007; 0.8601130119807022
85.90000000000008; 0.860388737487103
86.00000000000007; 0.8606633282558634
86.10000000000008; 0.8609367901279458
86.20000000000007; 0.86120912890969
86.30000000000008; 0.8614803503730368
86.40000000000008; 0.8617504602557502
86.50000000000007; 0.8620194642616364
86.60000000000008; 0.8622873680607636
86.70000000000007; 0.8625541772896795
86.80000000000008; 0.8628198975516278
86.90000000000008; 0.8630845344167597
87.00000000000007; 0.8633480934223516
87.10000000000008; 0.8636105800730137
87.20000000000007; 0.8638719998409017
87.30000000000008; 0.8641323581659252
87.40000000000008; 0.8643916604559546
87.50000000000007; 0.8646499120870296
87.60000000000008; 0.8649071184035623
87.70000000000007; 0.8651632847185395
87.80000000000008; 0.8654184163137283
87.90000000000008; 0.8656725184398743
88.00000000000007; 0.8659255963169012
88.10000000000008; 0.8661776551341108
88.20000000000007; 0.8664287000503775
88.30000000000008; 0.8666787361943449
88.40000000000008; 0.8669277686646213
88.50000000000007; 0.8671758025299698
88.60000000000008; 0.867422842829503
88.70000000000007; 0.867668894572871
88.80000000000008; 0.8679139627404524
88.90000000000008; 0.86815805228354
89.00000000000009; 0.8684011681245306
89.10000000000008; 0.8686433151571062
89.20000000000007; 0.8688844982464229
89.30000000000008; 0.8691247222292894
89.40000000000008; 0.8693639919143514
89.50000000000009; 0.8696023120822715
89.60000000000008; 0.8698396874859077
89.70000000000007; 0.8700761228504927
89.80000000000008; 0.8703116228738099
89.90000000000008; 0.870546192226369
90.00000000000009; 0.8707798355515821
90.10000000000008; 0.8710125574659341
90.20000000000007; 0.8712443625591585
90.30000000000008; 0.871475255394405
90.40000000000008; 0.8717052405084121
90.50000000000009; 0.8719343224116746
90.60000000000008; 0.8721625055886112
90.70000000000007; 0.8723897944977316
90.80000000000008; 0.8726161935718015
90.90000000000008; 0.8728417072180062
91.00000000000009; 0.8730663398181164
91.10000000000008; 0.8732900957286464
91.20000000000007; 0.8735129792810185
91.30000000000008; 0.8737349947817213
91.40000000000008; 0.8739561465124687
91.50000000000009; 0.8741764387303578
91.60000000000008; 0.8743958756680261
91.70000000000007; 0.8746144615338066
91.80000000000008; 0.8748322005118827
91.90000000000008; 0.8750490967624415
92.00000000000009; 0.8752651544218267
92.10000000000008; 0.8754803776026899
92.20000000000007; 0.8756947703941419
92.30000000000008; 0.8759083368619007
92.40000000000008; 0.8761210810484417
92.50000000000009; 0.876333006973144
92.60000000000008; 0.8765441186324376
92.70000000000009; 0.8767544199999482
92.80000000000008; 0.8769639150266424
92.90000000000008; 0.8771726076409714
93.00000000000009; 0.8773805017490128
93.10000000000008; 0.877587601234614
93.20000000000009; 0.8777939099595303
93.30000000000008; 0.8779994317635669
93.40000000000008; 0.8782041704647163
93.50000000000009; 0.8784081298592978
93.60000000000008; 0.8786113137220926
93.70000000000009; 0.8788137258064808
93.80000000000008; 0.8790153698445771
93.90000000000008; 0.8792162495473631
94.00000000000009; 0.8794163686048235
94.10000000000008; 0.8796157306860757
94.20000000000009; 0.8798143394395034
94.30000000000008; 0.8800121984928853
94.40000000000008; 0.8802093114535267
94.50000000000009; 0.8804056819083881
94.60000000000008; 0.8806013134242114
94.70000000000009; 0.8807962095476503
94.80000000000008; 0.8809903738053928
94.90000000000008; 0.8811838097042903
95.00000000000009; 0.8813765207314792
95.10000000000008; 0.8815685103545077
95.20000000000009; 0.8817597820214549
95.30000000000008; 0.8819503391610576
95.40000000000009; 0.8821401851828271
95.50000000000009; 0.8823293234771725
95.60000000000008; 0.8825177574155199
95.70000000000009; 0.8827054903504306
95.80000000000008; 0.8828925256157196
95.90000000000009; 0.8830788665265735
96.00000000000009; 0.8832645163796649
96.10000000000008; 0.8834494784532707
96.20000000000009; 0.8836337560073861
96.30000000000008; 0.8838173522838377
96.40000000000009; 0.8840002705063982
96.50000000000009; 0.8841825138808989
96.60000000000008; 0.8843640855953404
96.70000000000009; 0.8845449888200061
96.80000000000008; 0.8847252267075699
96.90000000000009; 0.8849048023932072
97.00000000000009; 0.8850837189947046
97.10000000000008; 0.8852619796125656
97.20000000000009; 0.8854395873301213
97.30000000000008; 0.8856165452136342
97.40000000000009; 0.8857928563124063
97.50000000000009; 0.8859685236588835
97.60000000000008; 0.8861435502687592
97.70000000000009; 0.8863179391410811
97.80000000000008; 0.8864916932583515
97.90000000000009; 0.8866648155866308
98.00000000000009; 0.88683730907564
98.10000000000008; 0.8870091766588615
98.20000000000009; 0.8871804212536386
98.30000000000008; 0.8873510457612763
98.40000000000009; 0.8875210530671412
98.50000000000009; 0.8876904460407576
98.60000000000008; 0.8878592275359077
98.70000000000009; 0.8880274003907275
98.80000000000008; 0.8881949674278035
98.90000000000009; 0.8883619314542683
99.00000000000009; 0.8885282952618967
99.1000000000001; 0.8886940616272001
99.20000000000009; 0.8888592333115191
99.30000000000008; 0.889023813061119
99.40000000000009; 0.8891878036072802
99.50000000000009; 0.8893512076663921
99.6000000000001; 0.8895140279400437
99.70000000000009; 0.8896762671151155
99.80000000000008; 0.889837927863868
99.90000000000009; 0.8899990128440323
100.00000000000009; 0.8901595236078828
100.1000000000001; 0.890319422271288
100.20000000000009; 0.8904787533609299
100.30000000000008; 0.8906375195020396
100.40000000000009; 0.8907957233055392
100.50000000000009; 0.8909533673681294
100.6000000000001; 0.8911104542723752
100.70000000000009; 0.8912669865867953
100.80000000000008; 0.891422966865947
100.90000000000009; 0.8915783976505114
101.00000000000009; 0.8917332814673804
101.1000000000001; 0.8918876208297388
101.20000000000009; 0.8920414182371502
101.30000000000008; 0.8921946761756397
101.40000000000009; 0.8923473971177767
101.50000000000009; 0.8924995835227572
101.6000000000001; 0.892651237836486
101.70000000000009; 0.8928023624916575
101.8000000000001; 0.8929529599078357
101.90000000000009; 0.8931030324915367
102.00000000000009; 0.8932525826363047
102.1000000000001; 0.8934016127227946
102.20000000000009; 0.8935501251188485
102.3000000000001; 0.8936981221795739
102.40000000000009; 0.8938456062474217
102.50000000000009; 0.8939925796522629
102.6000000000001; 0.8941390447114651
102.70000000000009; 0.894285003729969
102.8000000000001; 0.8944304590003627
102.90000000000009; 0.894575412802957
103.00000000000009; 0.8947198674058616
103.1000000000001; 0.8948638250650557
103.20000000000009; 0.8950072880244646
103.3000000000001; 0.8951502585160311
103.40000000000009; 0.8952927387597883
103.50000000000009; 0.8954347309639314
103.6000000000001; 0.8955762373248902
103.70000000000009; 0.8957172600273987
103.8000000000001; 0.8958578012445667
103.90000000000009; 0.8959978631379494
104.00000000000009; 0.8961374478576175
104.1000000000001; 0.8962765575422262
104.20000000000009; 0.896415194319084
104.3000000000001; 0.8965533603042207
104.40000000000009; 0.8966910576024552
104.50000000000009; 0.8968282883074641
104.6000000000001; 0.8969650545018462
104.70000000000009; 0.8971013582571921
104.8000000000001; 0.8972372016341468
104.90000000000009; 0.897372586682479
105.00000000000009; 0.8975075154411428
105.1000000000001; 0.8976419899383454
105.20000000000009; 0.897776012191609
105.3000000000001; 0.8979095842078364
105.40000000000009; 0.8980427079833738
105.5000000000001; 0.8981753855040744
105.6000000000001; 0.8983076187453598
105.70000000000009; 0.8984394096722839
105.8000000000001; 0.8985707602395929
105.90000000000009; 0.8987016723917892
106.0000000000001; 0.8988321480631893
106.1000000000001; 0.8989621891779875
106.20000000000009; 0.8990917976503142
106.3000000000001; 0.8992209753842958
106.40000000000009; 0.8993497242741153
106.5000000000001; 0.8994780462040702
106.6000000000001; 0.8996059430486317
106.70000000000009; 0.8997334166725028
106.8000000000001; 0.899860468930677
106.90000000000009; 0.8999871016684937
107.0000000000001; 0.9001133167216981
107.1000000000001; 0.9002391159164962
107.20000000000009; 0.9003645010696113
107.3000000000001; 0.9004894739883403
107.40000000000009; 0.9006140364706104
107.5000000000001; 0.900738190305032
107.6000000000001; 0.9008619372709564
107.70000000000009; 0.900985279138528
107.8000000000001; 0.9011082176687403
107.90000000000009; 0.9012307546134888
108.0000000000001; 0.901352891715625
108.1000000000001; 0.9014746307090088
108.2000000000001; 0.9015959733185624
108.3000000000001; 0.9017169212603225
108.40000000000009; 0.9018374762414917
108.5000000000001; 0.9019576399604912
108.6000000000001; 0.9020774141070119
108.7000000000001; 0.9021968003620653
108.8000000000001; 0.902315800398035
108.90000000000009; 0.9024344158787269
109.0000000000001; 0.9025526484594184
109.1000000000001; 0.9026704997869096
109.2000000000001; 0.9027879714995728
109.3000000000001; 0.9029050652274001
109.40000000000009; 0.9030217825920539
109.5000000000001; 0.9031381252069147
109.6000000000001; 0.9032540946771299
109.7000000000001; 0.903369692599661
109.8000000000001; 0.9034849205633317
109.90000000000009; 0.903599780148875
110.0000000000001; 0.9037142729289802
110.1000000000001; 0.9038284004683399
110.2000000000001; 0.9039421643236961
110.3000000000001; 0.9040555660438867
110.40000000000009; 0.9041686071698904
110.5000000000001; 0.9042812892348737
110.6000000000001; 0.9043936137642349
110.7000000000001; 0.9045055822756488
110.8000000000001; 0.9046171962791129
110.90000000000009; 0.9047284572769902
111.0000000000001; 0.9048393667640542
111.1000000000001; 0.9049499262275323
111.2000000000001; 0.9050601371471497
111.3000000000001; 0.9051700009951718
111.40000000000009; 0.905279519236448
111.5000000000001; 0.905388693328454
111.6000000000001; 0.9054975247213342
111.7000000000001; 0.9056060148579443
111.8000000000001; 0.9057141651738926
111.9000000000001; 0.9058219770975816
112.0000000000001; 0.9059294520502499
112.1000000000001; 0.9060365914460129
112.2000000000001; 0.9061433966919032
112.3000000000001; 0.9062498691879122
112.4000000000001; 0.9063560103270294
112.5000000000001; 0.9064618214952832
112.6000000000001; 0.90656730407178
112.7000000000001; 0.906672459428744
112.8000000000001; 0.906777288931557
112.9000000000001; 0.9068817939387964
113.0000000000001; 0.9069859758022752
113.1000000000001; 0.9070898358670791
113.2000000000001; 0.9071933754716067
113.3000000000001; 0.9072965959476055
113.4000000000001; 0.907399498620211
113.5000000000001; 0.907502084807984
113.6000000000001; 0.9076043558229477
113.7000000000001; 0.9077063129706255
113.8000000000001; 0.9078079575500767
113.9000000000001; 0.9079092908539339
114.0000000000001; 0.90801031416844
114.1000000000001; 0.9081110287734827
114.2000000000001; 0.9082114359426319
114.3000000000001; 0.9083115369431747
114.4000000000001; 0.9084113330361515
114.5000000000001; 0.9085108254763907
114.60000000000011; 0.908610015512544
114.7000000000001; 0.9087089043871206
114.8000000000001; 0.9088074933365232
114.9000000000001; 0.9089057835910813
115.0000000000001; 0.9090037763750858
115.10000000000011; 0.9091014729068222
115.2000000000001; 0.9091988743986056
115.3000000000001; 0.9092959820568133
115.4000000000001; 0.9093927970819188
115.5000000000001; 0.9094893206685241
115.60000000000011; 0.9095855540053932
115.7000000000001; 0.9096814982754851
115.8000000000001; 0.9097771546559851
115.9000000000001; 0.9098725243183389
116.0000000000001; 0.9099676084282827
116.10000000000011; 0.9100624081458767
116.2000000000001; 0.9101569246255362
116.3000000000001; 0.9102511590160627
116.4000000000001; 0.9103451124606756
116.5000000000001; 0.910438786097044
116.60000000000011; 0.9105321810573163
116.7000000000001; 0.9106252984681513
116.8000000000001; 0.9107181394507501
116.9000000000001; 0.9108107051208842
117.0000000000001; 0.9109029965889278
117.10000000000011; 0.9109950149598854
117.2000000000001; 0.9110867613334245
117.3000000000001; 0.9111782368039028
117.4000000000001; 0.9112694424603985
117.5000000000001; 0.9113603793867399
117.60000000000011; 0.9114510486615335
117.7000000000001; 0.9115414513581942
117.8000000000001; 0.9116315885449726
117.9000000000001; 0.9117214612849844
118.0000000000001; 0.9118110706362387
118.10000000000011; 0.9119004176516655
118.2000000000001; 0.9119895033791449
118.30000000000011; 0.9120783288615335
118.4000000000001; 0.9121668951366928
118.5000000000001; 0.9122552032375174
118.60000000000011; 0.9123432541919608
118.7000000000001; 0.9124310490230636
118.80000000000011; 0.9125185887489798
118.9000000000001; 0.9126058743830048
119.0000000000001; 0.9126929069336005
119.10000000000011; 0.9127796874044226
119.2000000000001; 0.9128662167943474
119.30000000000011; 0.9129524960974967
119.4000000000001; 0.9130385263032651
119.5000000000001; 0.9131243083963446
119.60000000000011; 0.9132098433567519
119.7000000000001; 0.9132951321598524
119.80000000000011; 0.9133801757763857
119.9000000000001; 0.913464975172492
120.0000000000001; 0.9135495313097364
120.10000000000011; 0.9136338451451335
120.2000000000001; 0.9137179176311722
120.30000000000011; 0.9138017497158417
120.4000000000001; 0.9138853423426536
120.5000000000001; 0.9139686964506686
120.60000000000011; 0.9140518129745187
120.7000000000001; 0.9141346928444322
120.80000000000011; 0.914217336986258
120.9000000000001; 0.9142997463214879
121.00000000000011; 0.9143819217672823
121.10000000000011; 0.9144638642364905
121.2000000000001; 0.9145455746376778
121.30000000000011; 0.9146270538751454
121.4000000000001; 0.9147083028489553
121.50000000000011; 0.9147893224549525
121.60000000000011; 0.914870113584788
121.7000000000001; 0.9149506771259408
121.80000000000011; 0.9150310139617417
121.9000000000001; 0.9151111249713938
122.00000000000011; 0.915191011029996
122.10000000000011; 0.915270673008565
122.2000000000001; 0.9153501117740566
122.30000000000011; 0.9154293281893879
122.4000000000001; 0.9155083231134589
122.50000000000011; 0.9155870974011739
122.60000000000011; 0.9156656519034636
122.7000000000001; 0.915743987467305
122.80000000000011; 0.9158221049357438
122.9000000000001; 0.915900005147915
123.00000000000011; 0.9159776889390638
123.10000000000011; 0.9160551571405665
123.2000000000001; 0.9161324105799501
123.30000000000011; 0.9162094500809147
123.4000000000001; 0.9162862764633529
123.50000000000011; 0.9163628905433693
123.60000000000011; 0.9164392931333023
123.7000000000001; 0.9165154850417429
123.80000000000011; 0.9165914670735551
123.9000000000001; 0.9166672400298955
124.00000000000011; 0.9167428047082331
124.10000000000011; 0.9168181619023692
124.2000000000001; 0.9168933124024559
124.30000000000011; 0.9169682569950166
124.4000000000001; 0.9170429964629645
124.50000000000011; 0.9171175315856216
124.60000000000011; 0.9171918631387381
124.70000000000012; 0.9172659918945114
124.80000000000011; 0.9173399186216042
124.9000000000001; 0.9174136440851635
125.00000000000011; 0.9174871690468396
125.10000000000011; 0.9175604942648038
125.20000000000012; 0.9176336204937672
125.30000000000011; 0.9177065484849983
125.4000000000001; 0.9177792789863425
125.50000000000011; 0.9178518127422381
125.60000000000011; 0.9179241504937361
125.70000000000012; 0.9179962929785166
125.80000000000011; 0.9180682409309074
125.9000000000001; 0.9181399950819011
126.00000000000011; 0.9182115561591724
126.10000000000011; 0.9182829248870962
126.20000000000012; 0.9183541019867643
126.30000000000011; 0.9184250881760024
126.4000000000001; 0.9184958841693881
126.50000000000011; 0.9185664906782666
126.60000000000011; 0.9186369084107685
126.70000000000012; 0.9187071380718266
126.80000000000011; 0.9187771803631914
126.9000000000001; 0.9188470359834497
127.00000000000011; 0.918916705628039
127.10000000000011; 0.9189861899892647
127.20000000000012; 0.9190554897563176
127.30000000000011; 0.9191246056152876
127.40000000000012; 0.9191935382491822
127.50000000000011; 0.9192622883379409
127.60000000000011; 0.9193308565584518
127.70000000000012; 0.9193992435845674
127.80000000000011; 0.9194674500871199
127.90000000000012; 0.9195354767339378
128.0000000000001; 0.9196033241898599
128.1000000000001; 0.9196709931167526
128.2000000000001; 0.9197384841735234
128.30000000000013; 0.9198057980161376
128.40000000000012; 0.9198729352976328
128.5000000000001; 0.9199398966681344
128.6000000000001; 0.9200066827748697
128.7000000000001; 0.9200732942621844
128.80000000000013; 0.9201397317715557
128.90000000000012; 0.9202059959416083
129.0000000000001; 0.9202720874081285
129.1000000000001; 0.9203380068040788
129.2000000000001; 0.9204037547596127
129.30000000000013; 0.9204693319020886
129.40000000000012; 0.9205347388560849
129.5000000000001; 0.9205999762434134
129.6000000000001; 0.9206650446831338
129.7000000000001; 0.9207299447915682
129.80000000000013; 0.9207946771823143
129.90000000000012; 0.92085924246626
130.0000000000001; 0.9209236412515966
130.1000000000001; 0.9209878741438339
130.2000000000001; 0.9210519417458115
130.30000000000013; 0.9211158446577149
130.40000000000012; 0.9211795834770877
130.5000000000001; 0.9212431587988449
130.6000000000001; 0.921306571215287
130.7000000000001; 0.921369821316113
130.80000000000013; 0.9214329096884336
130.90000000000012; 0.9214958369167838
131.0000000000001; 0.9215586035831371
131.1000000000001; 0.9216212102669176
131.2000000000001; 0.9216836575450128
131.30000000000013; 0.9217459459917877
131.40000000000012; 0.921808076179096
131.5000000000001; 0.9218700486762936
131.6000000000001; 0.9219318640502515
131.7000000000001; 0.9219935228653672
131.80000000000013; 0.9220550256835789
131.90000000000012; 0.9221163730643764
132.0000000000001; 0.9221775655648139
132.1000000000001; 0.9222386037395227
132.2000000000001; 0.9222994881407229
132.30000000000013; 0.9223602193182359
132.40000000000012; 0.9224207978194959
132.5000000000001; 0.9224812241895627
132.6000000000001; 0.9225414989711327
132.70000000000013; 0.9226016227045518
132.80000000000013; 0.9226615959278263
132.90000000000012; 0.9227214191766349
133.0000000000001; 0.9227810929843405
133.1000000000001; 0.9228406178820018
133.20000000000013; 0.9228999943983849
133.30000000000013; 0.9229592230599742
133.40000000000012; 0.9230183043909845
133.5000000000001; 0.9230772389133719
133.6000000000001; 0.9231360271468453
133.70000000000013; 0.9231946696088775
133.80000000000013; 0.9232531668147161
133.90000000000012; 0.9233115192773954
134.0000000000001; 0.9233697275077464
134.1000000000001; 0.9234277920144082
134.20000000000013; 0.9234857133038392
134.30000000000013; 0.9235434918803274
134.40000000000012; 0.9236011282460015
134.5000000000001; 0.9236586229008417
134.6000000000001; 0.9237159763426899
134.70000000000013; 0.9237731890672607
134.80000000000013; 0.9238302615681517
134.90000000000012; 0.9238871943368545
135.0000000000001; 0.9239439878627642
135.1000000000001; 0.9240006426331906
135.20000000000013; 0.924057159133368
135.30000000000013; 0.9241135378464654
135.40000000000012; 0.9241697792535977
135.5000000000001; 0.924225883833834
135.6000000000001; 0.9242818520642092
135.70000000000013; 0.9243376844197339
135.80000000000013; 0.9243933813734031
135.90000000000012; 0.9244489433962079
136.0000000000001; 0.9245043709571438
136.1000000000001; 0.9245596645232214
136.20000000000013; 0.9246148245594756
136.30000000000013; 0.9246698515289763
136.40000000000012; 0.9247247458928365
136.5000000000001; 0.9247795081102228
136.6000000000001; 0.9248341386383655
136.70000000000013; 0.9248886379325665
136.80000000000013; 0.9249430064462104
136.90000000000012; 0.9249972446307724
137.0000000000001; 0.9250513529358287
137.1000000000001; 0.9251053318090654
137.20000000000013; 0.9251591816962877
137.30000000000013; 0.9252129030414288
137.40000000000012; 0.9252664962865594
137.5000000000001; 0.9253199618718968
137.6000000000001; 0.9253733002358138
137.70000000000013; 0.9254265118148474
137.80000000000013; 0.9254795970437079
137.90000000000012; 0.9255325563552882
138.0000000000001; 0.9255853901806719
138.1000000000001; 0.9256380989491425
138.20000000000013; 0.9256906830881921
138.30000000000013; 0.92574314302353
138.40000000000012; 0.9257954791790912
138.5000000000001; 0.9258476919770454
138.60000000000014; 0.9258997818378051
138.70000000000013; 0.925951749180034
138.80000000000013; 0.9260035944206563
138.90000000000012; 0.9260553179748636
139.0000000000001; 0.9261069202561252
139.10000000000014; 0.9261584016761942
139.20000000000013; 0.9262097626451181
139.30000000000013; 0.9262610035712447
139.40000000000012; 0.9263121248612323
139.5000000000001; 0.9263631269200561
139.60000000000014; 0.9264140101510177
139.70000000000013; 0.9264647749557521
139.80000000000013; 0.9265154217342365
139.90000000000012; 0.9265659508847975
140.0000000000001; 0.9266163628041199
140.10000000000014; 0.9266666578872533
140.20000000000013; 0.9267168365276212
140.30000000000013; 0.9267668991170283
140.40000000000012; 0.9268168460456675
140.5000000000001; 0.9268666777021294
140.60000000000014; 0.9269163944734078
140.70000000000013; 0.9269659967449086
140.80000000000013; 0.9270154849004577
140.90000000000012; 0.9270648593223072
141.0000000000001; 0.9271141203911439
141.10000000000014; 0.9271632684860966
141.20000000000013; 0.9272123039847433
141.30000000000013; 0.9272612272631188
141.40000000000012; 0.9273100386957214
141.5000000000001; 0.9273587386555215
141.60000000000014; 0.9274073275139674
141.70000000000013; 0.9274558056409933
141.80000000000013; 0.9275041734050263
141.90000000000012; 0.9275524311729939
142.0000000000001; 0.9276005793103302
142.10000000000014; 0.9276486181809842
142.20000000000013; 0.9276965481474253
142.30000000000013; 0.9277443695706521
142.40000000000012; 0.9277920828101974
142.5000000000001; 0.9278396882241369
142.60000000000014; 0.9278871861690946
142.70000000000013; 0.9279345770002507
142.80000000000013; 0.9279818610713482
142.90000000000012; 0.9280290387346987
143.0000000000001; 0.9280761103411904
143.10000000000014; 0.9281230762402944
143.20000000000013; 0.9281699367800711
143.30000000000013; 0.9282166923071765
143.40000000000012; 0.9282633431668701
143.5000000000001; 0.9283098897030199
143.60000000000014; 0.9283563322581098
143.70000000000013; 0.9284026711732459
143.80000000000013; 0.9284489067881633
143.90000000000012; 0.9284950394412314
144.0000000000001; 0.9285410694694615
144.10000000000014; 0.9285869972085127
144.20000000000013; 0.9286328229926982
144.30000000000013; 0.9286785471549914
144.40000000000012; 0.9287241700270322
144.5000000000001; 0.9287696919391338
144.60000000000014; 0.9288151132202879
144.70000000000013; 0.9288604341981715
144.80000000000013; 0.928905655199153
144.90000000000012; 0.9289507765482982
145.0000000000001; 0.9289957985693759
145.10000000000014; 0.9290407215848646
145.20000000000013; 0.9290855459159582
145.30000000000013; 0.929130271882572
145.40000000000012; 0.9291748998033484
145.50000000000014; 0.9292194299956633
145.60000000000014; 0.9292638627756312
145.70000000000013; 0.9293081984581117
145.80000000000013; 0.9293524373567152
145.90000000000012; 0.9293965797838084
146.00000000000014; 0.9294406260505201
146.10000000000014; 0.9294845764667471
146.20000000000013; 0.9295284313411596
146.30000000000013; 0.9295721909812074
146.40000000000012; 0.9296158556931249
146.50000000000014; 0.9296594257819367
146.60000000000014; 0.929702901551464
146.70000000000013; 0.929746283304329
146.80000000000013; 0.9297895713419612
146.90000000000012; 0.9298327659646024
147.00000000000014; 0.9298758674713128
147.10000000000014; 0.9299188761599754
147.20000000000013; 0.9299617923273024
147.30000000000013; 0.93000461626884
147.40000000000012; 0.9300473482789738
147.50000000000014; 0.9300899886509345
147.60000000000014; 0.9301325376768024
147.70000000000013; 0.9301749956475136
147.80000000000013; 0.930217362852864
147.90000000000012; 0.9302596395815164
148.00000000000014; 0.9303018261210033
148.10000000000014; 0.930343922757734
148.20000000000013; 0.930385929776999
148.30000000000013; 0.9304278474629745
148.40000000000012; 0.9304696760987287
148.50000000000014; 0.9305114159662256
148.60000000000014; 0.9305530673463309
148.70000000000013; 0.930594630518817
148.80000000000013; 0.930636105762367
148.90000000000012; 0.9306774933545804
149.00000000000014; 0.9307187935719784
149.10000000000014; 0.9307600066900077
149.20000000000013; 0.9308011329830462
149.30000000000013; 0.9308421727244078
149.40000000000012; 0.9308831261863465
149.50000000000014; 0.9309239936400618
149.60000000000014; 0.9309647753557037
149.70000000000013; 0.9310054716023766
149.80000000000013; 0.9310460826481448
149.90000000000012; 0.9310866087600368
150.00000000000014; 0.93112705020405
150.10000000000014; 0.9311674070770173
150.20000000000013; 0.9312076798023495
150.30000000000013; 0.9312478686424777
150.40000000000012; 0.9312879738564567
150.50000000000014; 0.9313279957023493
150.60000000000014; 0.9313679344372311
150.70000000000013; 0.9314077903171952
150.80000000000013; 0.9314475635973561
150.90000000000012; 0.9314872545318544
151.00000000000014; 0.9315268633738608
151.10000000000014; 0.9315663903755806
151.20000000000013; 0.9316058357882582
151.30000000000013; 0.931645199862181
151.40000000000015; 0.9316844828466838
151.50000000000014; 0.9317236849901536
151.60000000000014; 0.9317628065400325
151.70000000000013; 0.9318018477428229
151.80000000000013; 0.9318408088440916
151.90000000000015; 0.9318796900884739
152.00000000000014; 0.9319184917196772
152.10000000000014; 0.9319572139804856
152.20000000000013; 0.9319958571127642
152.30000000000013; 0.9320344213574626
152.40000000000015; 0.9320729069546191
152.50000000000014; 0.9321113141433649
152.60000000000014; 0.932149643161928
152.70000000000013; 0.9321878942476376
152.80000000000013; 0.9322260676369271
152.90000000000015; 0.9322641635653387
153.00000000000014; 0.9323021822675276
153.10000000000014; 0.9323401239772652
153.20000000000013; 0.9323779889274434
153.30000000000013; 0.9324157773500784
153.40000000000015; 0.9324534894763147
153.50000000000014; 0.9324911255364283
153.60000000000014; 0.9325286857598315
153.70000000000013; 0.932566170375076
153.80000000000013; 0.9326035796098565
153.90000000000015; 0.9326409136910153
154.00000000000014; 0.932678172844545
154.10000000000014; 0.9327153572955932
154.20000000000013; 0.9327524672684653
154.30000000000013; 0.932789502986629
154.40000000000015; 0.932826464672717
154.50000000000014; 0.932863352548532
154.60000000000014; 0.9329001668350488
154.70000000000013; 0.9329369077524189
154.80000000000013; 0.932973575519974
154.90000000000015; 0.9330101703562289
155.00000000000014; 0.9330466924788862
155.10000000000014; 0.9330831421048386
155.20000000000013; 0.9331195194501732
155.30000000000013; 0.933155824730175
155.40000000000015; 0.9331920581593297
155.50000000000014; 0.9332282199513281
155.60000000000014; 0.933264310319069
155.70000000000013; 0.9333003294746622
155.80000000000013; 0.9333362776294334
155.90000000000015; 0.9333721549939257
156.00000000000014; 0.9334079617779044
156.10000000000014; 0.9334436981903599
156.20000000000013; 0.9334793644395107
156.30000000000013; 0.9335149607328075
156.40000000000015; 0.9335504872769356
156.50000000000014; 0.9335859442778189
156.60000000000014; 0.9336213319406234
156.70000000000013; 0.9336566504697591
156.80000000000013; 0.9336919000688848
156.90000000000015; 0.9337270809409106
157.00000000000014; 0.9337621932880014
157.10000000000014; 0.9337972373115794
157.20000000000013; 0.9338322132123283
157.30000000000013; 0.933867121190196
157.40000000000015; 0.9339019614443974
157.50000000000014; 0.9339367341734183
157.60000000000014; 0.9339714395750176
157.70000000000013; 0.9340060778462316
157.80000000000013; 0.9340406491833758
157.90000000000015; 0.934075153782049
158.00000000000014; 0.9341095918371359
158.10000000000014; 0.9341439635428104
158.20000000000013; 0.9341782690925376
158.30000000000015; 0.934212508679079
158.40000000000015; 0.9342466824944933
158.50000000000014; 0.9342807907301403
158.60000000000014; 0.9343148335766843
158.70000000000013; 0.9343488112240963
158.80000000000015; 0.9343827238616574
158.90000000000015; 0.9344165716779618
159.00000000000014; 0.9344503548609189
159.10000000000014; 0.9344840735977575
159.20000000000013; 0.9345177280750278
159.30000000000015; 0.9345513184786045
159.40000000000015; 0.9345848449936895
159.50000000000014; 0.9346183078048154
159.60000000000014; 0.9346517070958473
159.70000000000013; 0.9346850430499865
159.80000000000015; 0.934718315849773
159.90000000000015; 0.9347515256770884
160.00000000000014; 0.9347846727131583
