energy (keV); transmission
1.0; 0.0
1.1; 0.0
1.2000000000000002; 0.0
1.3000000000000003; 0.0
1.4000000000000004; 0.0
1.5000000000000004; 0.0
1.6000000000000005; 0.0
1.7000000000000006; 0.0
1.8000000000000007; 0.0
1.9000000000000008; 0.0
2.000000000000001; 0.0
2.100000000000001; 0.0
2.200000000000001; 0.0
2.300000000000001; 0.0
2.4000000000000012; 0.0
2.5000000000000013; 0.0
2.6000000000000014; 0.0
2.7000000000000015; 0.0
2.8000000000000016; 0.0
2.9000000000000017; 0.0
3.0000000000000018; 0.0
3.100000000000002; 0.0
3.200000000000002; 0.0
3.300000000000002; 0.0
3.400000000000002; 0.0
3.500000000000002; 0.0
3.6000000000000023; 0.0
3.7000000000000024; 0.0
3.8000000000000025; 0.0
3.9000000000000026; 0.0
4.000000000000003; 6.818847945e-315
4.100000000000003; 2.977355260667747e-294
4.200000000000003; 2.0351173123794015e-275
4.3000000000000025; 3.4097388739961476e-258
4.400000000000003; 2.07098397559428e-242
4.5000000000000036; 6.422984667910912e-228
4.600000000000003; 1.3741534584225142e-214
4.700000000000003; 2.6430005012471274e-202
4.800000000000003; 5.77404181694329e-191
4.900000000000004; 1.7623087195534328e-180
5.0000000000000036; 0.0
5.100000000000003; 0.0
5.200000000000004; 0.0
5.300000000000004; 0.0
5.400000000000004; 0.0
5.5000000000000036; 0.0
5.600000000000004; 0.0
5.700000000000005; 0.0
5.800000000000004; 0.0
5.900000000000004; 0.0
6.000000000000004; 0.0
6.100000000000005; 0.0
6.200000000000005; 0.0
6.300000000000004; 0.0
6.400000000000005; 0.0
6.500000000000005; 0.0
6.600000000000005; 0.0
6.700000000000005; 0.0
6.800000000000005; 0.0
6.900000000000006; 0.0
7.000000000000005; 0.0
7.100000000000005; 0.0
7.2000000000000055; 0.0
7.300000000000006; 0.0
7.400000000000006; 0.0
7.500000000000005; 0.0
7.600000000000006; 0.0
7.700000000000006; 0.0
7.800000000000006; 0.0
7.900000000000006; 0.0
8.000000000000007; 0.0
8.100000000000007; 0.0
8.200000000000006; 0.0
8.300000000000006; 0.0
8.400000000000006; 0.0
8.500000000000007; 6.8093693834e-314
8.600000000000007; 3.0421266149868233e-304
8.700000000000006; 5.986032920604437e-295
8.800000000000008; 5.329598104687846e-286
8.900000000000007; 2.205302904507639e-277
9.000000000000007; 4.3547082936664995e-269
9.100000000000007; 4.212096050974548e-261
9.200000000000006; 2.0474630262794134e-253
9.300000000000008; 5.128778456635455e-246
9.400000000000007; 6.7848836042899485e-239
9.500000000000007; 4.854936981183028e-232
9.600000000000009; 1.9232599664218995e-225
9.700000000000008; 4.314342849479893e-219
9.800000000000008; 5.601761624167862e-213
9.900000000000007; 4.3000839084537395e-207
10.000000000000007; 1.9919428591621464e-201
10.100000000000009; 5.681628431968512e-196
10.200000000000008; 1.0206891679036189e-190
10.300000000000008; 1.1801978325255233e-185
10.40000000000001; 8.964704457287443e-181
10.500000000000009; 4.5605314627712405e-176
10.600000000000009; 1.5823556391491615e-171
10.700000000000008; 3.809568489480135e-167
10.800000000000008; 6.468383722718831e-163
10.90000000000001; 7.865873283772381e-159
11.000000000000009; 6.9511090641520525e-155
11.100000000000009; 4.5259163311414025e-151
11.20000000000001; 2.1997780227597682e-147
11.30000000000001; 8.080729672107613e-144
11.40000000000001; 2.2699902593553503e-140
11.500000000000009; 4.931068697977676e-137
11.600000000000009; 8.371416651818976e-134
11.70000000000001; 1.121927272568262e-130
11.80000000000001; 1.1983636960846986e-127
11.90000000000001; 1.0294780932210264e-124
12.00000000000001; 7.174707825703719e-122
12.10000000000001; 4.0899960244221955e-119
12.20000000000001; 1.9220960996859806e-116
12.30000000000001; 7.502422941448242e-114
12.40000000000001; 2.4495742454297433e-111
12.50000000000001; 6.735762851874541e-109
12.60000000000001; 1.5699961565109403e-106
12.70000000000001; 3.121087221316336e-104
12.800000000000011; 5.32312857999423e-102
12.900000000000011; 7.832939757433864e-100
13.00000000000001; 9.998005371024215e-98
13.10000000000001; 1.1126621733379218e-95
13.20000000000001; 1.0849440283174285e-93
13.300000000000011; 9.312905065900844e-92
13.400000000000011; 7.068845674380057e-90
13.50000000000001; 4.765026383566691e-88
13.600000000000012; 2.8643374350732126e-86
13.700000000000012; 1.541481199646437e-84
13.800000000000011; 7.455021316156967e-83
13.900000000000011; 3.251841732357049e-81
14.00000000000001; 1.283772820988445e-79
14.100000000000012; 4.602268385166695e-78
14.200000000000012; 1.503033621011149e-76
14.300000000000011; 4.485496552746674e-75
14.400000000000013; 1.2268070530594194e-73
14.500000000000012; 3.0838552114552266e-72
14.600000000000012; 7.1440315756502704e-71
14.700000000000012; 1.529177773294681e-69
14.800000000000011; 3.0319871547768487e-68
14.900000000000013; 5.582118470190023e-67
15.000000000000012; 9.564901551905044e-66
15.100000000000012; 1.5287819352729126e-64
15.200000000000014; 2.2840031849351296e-63
15.300000000000013; 3.1960178363723627e-62
15.400000000000013; 4.196888253783186e-61
15.500000000000012; 5.181627275289174e-60
15.600000000000012; 6.02576154076552e-59
15.700000000000014; 6.611864307025584e-58
15.800000000000013; 6.857016566651577e-57
15.900000000000013; 6.732148315935434e-56
16.000000000000014; 6.267050062119115e-55
16.100000000000016; 5.540185156316747e-54
16.200000000000014; 4.657741190448372e-53
16.30000000000001; 3.729351315129879e-52
16.400000000000013; 2.8477012740624867e-51
16.500000000000014; 2.0765159236318324e-50
16.600000000000016; 1.4478156731199574e-49
16.700000000000014; 9.664237567151952e-49
16.800000000000015; 6.183291901484213e-48
16.900000000000013; 3.796420184658277e-47
17.000000000000014; 2.23933661729098e-46
17.100000000000016; 1.2703621863706077e-45
17.200000000000014; 6.938349062142103e-45
17.300000000000015; 3.6521440576005275e-44
17.400000000000013; 1.854520035720927e-43
17.500000000000014; 9.093314355072671e-43
17.600000000000016; 4.309452023229818e-42
17.700000000000014; 1.9756982551571378e-41
17.800000000000015; 8.769913963126334e-41
17.900000000000016; 3.772349663394994e-40
18.000000000000014; 1.5737107520579886e-39
18.100000000000016; 6.372030477013124e-39
18.200000000000017; 2.5061314644901535e-38
18.300000000000015; 9.581332638127746e-38
18.400000000000016; 3.5633401134795957e-37
18.500000000000014; 1.2900356905134407e-36
18.600000000000016; 4.549398346615814e-36
18.700000000000017; 1.5638673432086946e-35
18.800000000000015; 5.243448327565168e-35
18.900000000000016; 1.7158307515920086e-34
19.000000000000014; 5.4831937886166495e-34
19.100000000000016; 1.7121748339812406e-33
19.200000000000017; 5.227141691233199e-33
19.300000000000015; 1.5610658574976164e-32
19.400000000000016; 4.563007725719768e-32
19.500000000000018; 1.3061100512737543e-31
19.600000000000016; 3.66290822143154e-31
19.700000000000017; 1.0069383203434117e-30
19.80000000000002; 2.7146703494401427e-30
19.900000000000016; 7.180748605639836e-30
20.000000000000018; 1.8644729321779554e-29
20.100000000000016; 4.753618174132242e-29
20.200000000000017; 1.1907039524795177e-28
20.30000000000002; 2.9314034159976164e-28
20.400000000000016; 7.09603202294956e-28
20.500000000000018; 1.6896419608728168e-27
20.600000000000016; 3.958942006590217e-27
20.700000000000017; 9.131255722228147e-27
20.80000000000002; 2.0739863615344986e-26
20.900000000000016; 4.640428702999981e-26
21.000000000000018; 1.0231415923367837e-25
21.10000000000002; 2.223736693080511e-25
21.200000000000017; 4.765863623379985e-25
21.30000000000002; 1.0075052702580903e-24
21.40000000000002; 2.1015207054495677e-24
21.500000000000018; 4.3264356748131586e-24
21.60000000000002; 8.793529157362738e-24
21.700000000000017; 1.7650432309927294e-23
21.80000000000002; 3.499663025146927e-23
21.90000000000002; 6.856338850512267e-23
22.000000000000018; 1.3275987987122382e-22
22.10000000000002; 2.541326009796442e-22
22.200000000000017; 4.81039145643129e-22
22.30000000000002; 9.005995845997017e-22
22.40000000000002; 1.6680783005648033e-21
22.500000000000018; 3.057271166993351e-21
22.60000000000002; 5.546017801279402e-21
22.70000000000002; 9.959850102459682e-21
22.80000000000002; 1.7710901804629684e-20
22.90000000000002; 3.1191384039746244e-20
23.00000000000002; 5.441545096122227e-20
23.10000000000002; 9.40564904032621e-20
23.20000000000002; 1.6110813489440824e-19
23.30000000000002; 2.735202519721726e-19
23.40000000000002; 4.603455795169625e-19
23.50000000000002; 7.682068034488525e-19
23.60000000000002; 1.2712978937612538e-18
23.70000000000002; 2.0867239599364387e-18
23.80000000000002; 3.397839677236171e-18
23.90000000000002; 5.489476709737366e-18
24.00000000000002; 8.800705483885526e-18
24.10000000000002; 1.4003260382175617e-17
24.20000000000002; 2.2117245871798147e-17
24.300000000000022; 3.468060419536887e-17
24.40000000000002; 5.3995555211207426e-17
24.50000000000002; 8.348446570273665e-17
24.600000000000023; 1.282002209009508e-16
24.70000000000002; 1.955532637136496e-16
24.800000000000022; 2.963404696896979e-16
24.90000000000002; 4.461917760138678e-16
25.00000000000002; 6.675913228368093e-16
25.100000000000023; 9.92683759125733e-16
25.20000000000002; 1.4671470394959233e-15
25.300000000000022; 2.1555051474148494e-15
25.40000000000002; 3.1483734991809925e-15
25.50000000000002; 4.572283433100703e-15
25.600000000000023; 6.602928894146303e-15
25.70000000000002; 9.482928809605902e-15
25.800000000000022; 1.354551557227482e-14
25.900000000000023; 1.9245958968912227e-14
26.00000000000002; 2.7203034303323042e-14
26.100000000000023; 3.8253465342873024e-14
26.200000000000024; 5.352304303416237e-14
26.300000000000022; 7.451907019649163e-14
26.400000000000023; 1.032499462461725e-13
26.50000000000002; 1.4237912581776772e-13
26.600000000000023; 1.9542240872172199e-13
26.700000000000024; 2.669996008951451e-13
26.800000000000022; 3.6315408952850057e-13
26.900000000000023; 4.917568715454701e-13
27.00000000000002; 6.63015143422761e-13
27.100000000000023; 8.901097921830733e-13
27.200000000000024; 1.1899911230155427e-12
27.300000000000022; 1.5843680302254206e-12
27.400000000000023; 2.1009326885938453e-12
27.500000000000025; 2.7748708472956485e-12
27.600000000000023; 3.650717096285677e-12
27.700000000000024; 4.784625206079078e-12
27.800000000000026; 6.247135989360997e-12
27.900000000000023; 8.126539282623014e-12
28.000000000000025; 1.0532942795889196e-11
28.100000000000023; 1.3603178938233637e-11
28.200000000000024; 1.7506701516487585e-11
28.300000000000026; 2.2452647654609537e-11
28.400000000000023; 2.8698266630353437e-11
28.500000000000025; 3.655894681977151e-11
28.600000000000023; 4.6420104829630923e-11
28.700000000000024; 5.875123743644255e-11
28.800000000000026; 7.412247739297876e-11
28.900000000000023; 9.322403876073891e-11
29.000000000000025; 1.168889864262496e-10
29.100000000000026; 1.4611981809924122e-10
29.200000000000024; 1.8211940559724087e-10
29.300000000000026; 2.2632690580565445e-10
29.400000000000027; 2.804593205540771e-10
29.500000000000025; 3.465594589401256e-10
29.600000000000026; 4.270511354955613e-10
29.700000000000024; 5.248025231417985e-10
29.800000000000026; 6.431986711874529e-10
29.900000000000027; 7.86224295719727e-10
30.000000000000025; 9.585580526167783e-10
30.100000000000026; 1.1657664321027887e-09
30.200000000000024; 1.4142005019036932e-09
30.300000000000026; 1.7113298331185342e-09
30.400000000000027; 2.065840877689969e-09
30.500000000000025; 2.4878100473977286e-09
30.600000000000026; 2.9888990770236395e-09
30.700000000000028; 3.5825737118672653e-09
30.800000000000026; 4.284347942321894e-09
30.900000000000027; 5.112056153057452e-09
31.00000000000003; 6.086155701632565e-09
31.100000000000026; 7.230062590364328e-09
31.200000000000028; 8.570523045325164e-09
31.300000000000026; 1.013802396653226e-08
31.400000000000027; 1.1967245362948743e-08
31.50000000000003; 1.4097558033855756e-08
31.600000000000026; 1.6573569903525825e-08
31.700000000000028; 1.944572455792611e-08
31.800000000000026; 2.2770955669327875e-08
31.900000000000027; 2.6613401126063083e-08
32.00000000000003; 3.1045180809276866e-08
32.10000000000002; 3.6147242075031426e-08
32.20000000000003; 4.201027710750263e-08
32.300000000000026; 4.873571640615266e-08
32.40000000000003; 5.6436802755334895e-08
32.50000000000003; 6.523975009788346e-08
32.60000000000003; 7.528499179345143e-08
32.70000000000003; 8.672852278698917e-08
32.800000000000026; 9.974334024134015e-08
32.90000000000003; 1.1452098719967884e-07
33.00000000000003; 1.3127320383760508e-07
33.10000000000003; 1.5023369083989723e-07
33.20000000000003; 1.716599893928404e-07
33.300000000000026; 1.9583548221845372e-07
33.40000000000003; 2.2307151999194655e-07
33.50000000000003; 2.537096773765531e-07
33.60000000000003; 2.881241427820538e-07
33.70000000000003; 3.267242458015067e-07
33.800000000000026; 3.6995712610867387e-07
33.90000000000003; 4.183105474017398e-07
34.00000000000003; 4.7231585976170576e-07
34.10000000000003; 5.325511135517037e-07
34.20000000000003; 5.99644327722054e-07
34.30000000000003; 6.742769150998851e-07
34.40000000000003; 7.571872669362561e-07
34.50000000000003; 8.491744986572352e-07
34.60000000000003; 9.511023584174328e-07
34.70000000000003; 1.0639032996897022e-06
34.80000000000003; 1.188582718737979e-06
34.90000000000003; 1.3262233574218438e-06
35.00000000000003; 1.4779898713596367e-06
35.10000000000003; 1.6451335630477363e-06
35.20000000000003; 1.828997279086622e-06
35.30000000000003; 2.031020470204079e-06
35.400000000000034; 2.2527444123024096e-06
35.50000000000003; 2.495817586272256e-06
35.60000000000003; 2.762001213838243e-06
35.70000000000003; 3.0531749462045197e-06
35.80000000000003; 3.371342701778569e-06
35.900000000000034; 3.7186386487546135e-06
36.00000000000003; 4.09733332783768e-06
36.10000000000003; 4.509839909901294e-06
36.20000000000003; 4.958720582871619e-06
36.30000000000003; 5.446693061651524e-06
36.400000000000034; 5.976637214413592e-06
36.50000000000003; 6.5516017981233916e-06
36.60000000000003; 7.1748112956902195e-06
36.70000000000003; 7.849672846699883e-06
36.80000000000003; 8.57978326324463e-06
36.900000000000034; 9.368936121945322e-06
37.00000000000003; 1.0221128922872723e-05
37.10000000000003; 1.1140570305668145e-05
37.20000000000003; 1.2131687312826725e-05
37.30000000000003; 1.319913268974437e-05
37.400000000000034; 1.434779221082435e-05
37.500000000000036; 1.5582792020628346e-05
37.60000000000003; 1.6909505978817093e-05
37.70000000000003; 1.8333562997335508e-05
37.80000000000003; 1.9860854358127406e-05
37.900000000000034; 2.149754099943495e-05
38.000000000000036; 2.3250060758605676e-05
38.10000000000003; 2.5125135559179314e-05
38.20000000000003; 2.7129778529923313e-05
38.30000000000003; 2.927130104342728e-05
38.400000000000034; 3.155731966178825e-05
38.500000000000036; 3.399576297695536e-05
38.60000000000004; 3.659487833325072e-05
38.70000000000003; 3.936323841970768e-05
38.80000000000003; 4.2309747719848525e-05
38.900000000000034; 4.54436488067222e-05
39.000000000000036; 4.8774528471082356e-05
39.10000000000004; 5.231232367078989e-05
39.20000000000003; 5.6067327289681404e-05
39.30000000000003; 6.005019369440554e-05
39.400000000000034; 6.427194407791199e-05
39.500000000000036; 6.87439715785995e-05
39.60000000000004; 7.347804616440863e-05
39.70000000000003; 7.848631927141111e-05
39.80000000000003; 8.378132818690634e-05
39.900000000000034; 8.937600016724678e-05
40.000000000000036; 9.528361120209209e-05
40.10000000000004; 0.00010151454126446708
40.20000000000003; 0.00010808591793748117
40.30000000000003; 0.00011501224578209227
40.400000000000034; 0.00012230843595675825
40.500000000000036; 0.00012998980867936176
40.60000000000004; 0.00013807209537500137
40.70000000000004; 0.0001465714405034595
40.80000000000003; 0.0001555044030608184
40.900000000000034; 0.00016488795774992584
41.000000000000036; 0.00017473949581523336
41.10000000000004; 0.0001850768255377669
41.20000000000004; 0.00019591817238658374
41.30000000000003; 0.00020728217882371968
41.400000000000034; 0.00021918790375995587
41.500000000000036; 0.0002316548216593002
41.60000000000004; 0.0002447028212908265
41.70000000000004; 0.00025835220412656287
41.80000000000004; 0.0002726236823851523
41.900000000000034; 0.0002875383767212385
42.000000000000036; 0.0003031178135609358
42.10000000000004; 0.0003193839220846263
42.20000000000004; 0.00033635903085847387
42.30000000000004; 0.00035406586411653997
42.400000000000034; 0.00037252753769636166
42.500000000000036; 0.00039176755463037386
42.60000000000004; 0.0004118098003971746
42.70000000000004; 0.00043267853783611883
42.80000000000004; 0.0004543984017295716
42.900000000000034; 0.0004769943930577961
43.000000000000036; 0.0005004918729312731
43.10000000000004; 0.000524916556206289
43.20000000000004; 0.0005502945047894918
43.30000000000004; 0.0005766521206378593
43.400000000000034; 0.0006040161384606766
43.500000000000036; 0.0006324136181303788
43.60000000000004; 0.0006618719368098919
43.70000000000004; 0.0006924187808037743
43.80000000000004; 0.0007240821371411539
43.90000000000004; 0.0007568902848986627
44.000000000000036; 0.0007908717862720353
44.10000000000004; 0.0008260554774045473
44.20000000000004; 0.0008624704589815667
44.30000000000004; 0.0009001460866004154
44.40000000000004; 0.0009391119609244963
44.500000000000036; 0.0009793979176312949
44.60000000000004; 0.0010210340171641129
44.70000000000004; 0.0010640505342969734
44.80000000000004; 0.001108477947522674
44.90000000000004; 0.0011543469282741395
45.00000000000004; 0.0012016883299889335
45.10000000000004; 0.0012505331770272805
45.20000000000004; 0.0013009126534535762
45.30000000000004; 0.00135285809169193
45.40000000000004; 0.0014064009610657185
45.50000000000004; 0.0014615728562315231
45.60000000000004; 0.0015184054855180765
45.70000000000004; 0.0015769306591799433
45.80000000000004; 0.00163718027757624
45.90000000000004; 0.001699186319285386
46.00000000000004; 0.0017629808291645254
46.10000000000004; 0.0018285959063653768
46.20000000000004; 0.0018960636923150726
46.30000000000004; 0.0019654163586727857
46.40000000000004; 0.002036686095271281
46.50000000000004; 0.0021099050980535536
46.60000000000004; 0.0021851055570139212
46.70000000000004; 0.002262319644152863
46.80000000000004; 0.002341579501454824
46.90000000000004; 0.00242291722889828
47.00000000000004; 0.002506364872506867
47.100000000000044; 0.002591954412450527
47.20000000000004; 0.002679717751204562
47.30000000000004; 0.002769686701776404
47.40000000000004; 0.0028618929760064293
47.50000000000004; 0.00295636817295242
47.600000000000044; 0.0030531437673649354
47.70000000000004; 0.003152251098260518
47.80000000000004; 0.0032537213576014573
47.90000000000004; 0.0033575855790880945
48.00000000000004; 0.0034638746270711845
48.100000000000044; 0.0035726191855905225
48.200000000000045; 0.003683849747547516
48.30000000000004; 0.0037975966040165645
48.40000000000004; 0.003913889833701882
48.50000000000004; 0.004032759292545564
48.600000000000044; 0.004154234603492725
48.700000000000045; 0.0042783451464184705
48.80000000000004; 0.00440512004822227
48.90000000000004; 0.004534588173094026
49.00000000000004; 0.004666778112956995
49.100000000000044; 0.004801718178092282
49.200000000000045; 0.004939436387947334
49.30000000000004; 0.005079960462134805
49.40000000000004; 0.005223317811623663
49.50000000000004; 0.005369535530125737
49.600000000000044; 0.005518640385683741
49.700000000000045; 0.005670658812459071
49.80000000000004; 0.0058256169027271435
49.90000000000004; 0.005983540399079439
50.00000000000004; 0.0061444546868347875
50.100000000000044; 0.006308445581694002
50.200000000000045; 0.006475479845044323
50.30000000000005; 0.006645580987063238
50.40000000000004; 0.006818772777520847
50.50000000000004; 0.006995078584340649
50.600000000000044; 0.007174521367155875
50.700000000000045; 0.007357123671093171
50.80000000000005; 0.007542907620785079
50.90000000000004; 0.007731894914611312
51.00000000000004; 0.00792410681916926
51.100000000000044; 0.008119564163973953
51.200000000000045; 0.008318287336387679
51.30000000000005; 0.008520296276778699
51.40000000000005; 0.008725610473910263
51.50000000000004; 0.008934248960555663
51.600000000000044; 0.00914623030934417
51.700000000000045; 0.009361572628832011
51.80000000000005; 0.009580293559799887
51.90000000000005; 0.009802410271776543
52.00000000000004; 0.01002793945978368
52.100000000000044; 0.010256897341306002
52.200000000000045; 0.010489299653479835
52.30000000000005; 0.010725161650501674
52.40000000000005; 0.010964498101253713
52.50000000000004; 0.011207323287145429
52.600000000000044; 0.011453651000166777
52.700000000000045; 0.01170349454115336
52.80000000000005; 0.01195686671826183
52.90000000000005; 0.012213779845649015
53.00000000000004; 0.012474245742356761
53.100000000000044; 0.012738275731398062
53.200000000000045; 0.013005880639041404
53.30000000000005; 0.013277070794291664
53.40000000000005; 0.013551856028563875
53.50000000000005; 0.013830245675547324
53.600000000000044; 0.014112248571258416
53.700000000000045; 0.01439787305427478
53.80000000000005; 0.014687126966154231
53.90000000000005; 0.0149800176520299
54.00000000000005; 0.01527655196138107
54.100000000000044; 0.015576736248974652
54.200000000000045; 0.015880576375977437
54.30000000000005; 0.016188077711231288
54.40000000000005; 0.01649924513269077
54.50000000000005; 0.01681408302902107
54.60000000000005; 0.017132595301347104
54.700000000000045; 0.01745478536515843
54.80000000000005; 0.01778065615235987
54.90000000000005; 0.018110210113466585
55.00000000000005; 0.018443449219942884
55.10000000000005; 0.01878037496667457
55.200000000000045; 0.019120988374579574
55.30000000000005; 0.01946528999334739
55.40000000000005; 0.019813279904304083
55.50000000000005; 0.020164957723404223
55.60000000000005; 0.02052032260434123
55.700000000000045; 0.020879373241773018
55.80000000000005; 0.02124210787466256
55.90000000000005; 0.021608524289728308
56.00000000000005; 0.021978619824997804
56.10000000000005; 0.0223523913734688
56.200000000000045; 0.022729835386863646
56.30000000000005; 0.023110947879485304
56.40000000000005; 0.023495724432160713
56.50000000000005; 0.0238841601962769
56.60000000000005; 0.024276249897899536
56.70000000000005; 0.02467198784197756
56.80000000000005; 0.02507136791662307
56.90000000000005; 0.025474383597467426
57.00000000000005; 0.02588102795209339
57.10000000000005; 0.026291293644532546
57.20000000000005; 0.026705172939829144
57.30000000000005; 0.02712265770867049
57.40000000000005; 0.027543739432072906
57.50000000000005; 0.02796840920612502
57.60000000000005; 0.028396657746789757
57.70000000000005; 0.02882847539474946
57.800000000000054; 0.02926385212030498
57.90000000000005; 0.029702777528317657
58.00000000000005; 0.03014524086319098
58.10000000000005; 0.0305912310138972
58.20000000000005; 0.031040736519033975
58.300000000000054; 0.03149374557191909
58.40000000000005; 0.03195024602571582
58.50000000000005; 0.032410225398585644
58.60000000000005; 0.032873670878865266
58.70000000000005; 0.033340569330273594
58.800000000000054; 0.033810907297129836
58.90000000000005; 0.034284671009599324
59.00000000000005; 0.0347618463889486
59.10000000000005; 0.03524241905281896
59.20000000000005; 0.035726374320508174
59.300000000000054; 0.03621369721826342
59.40000000000005; 0.03670437248457913
59.50000000000005; 0.037198384575502404
59.60000000000005; 0.03769571766993882
59.70000000000005; 0.038196355674959215
59.800000000000054; 0.03870028223110667
59.900000000000055; 0.03920748071769987
60.00000000000005; 0.03971793425812708
60.10000000000005; 0.04023153337664273
60.20000000000005; 0.040748352004702504
60.300000000000054; 0.0412683728088263
60.400000000000055; 0.0417915782185112
60.50000000000005; 0.042317950440138585
60.60000000000005; 0.04284747146211617
60.70000000000005; 0.04338012306000562
60.800000000000054; 0.043915886801625885
60.900000000000055; 0.044454744052138374
61.00000000000006; 0.044996675979105366
61.10000000000005; 0.04554166355752601
61.20000000000005; 0.04608968757484601
61.300000000000054; 0.04664072863594052
61.400000000000055; 0.04719476716806573
61.50000000000006; 0.04775178342578812
61.60000000000005; 0.04831175749587456
61.70000000000005; 0.04887466930215571
61.800000000000054; 0.04944049861035638
61.900000000000055; 0.05000922503289394
62.00000000000006; 0.05058082803363431
62.10000000000005; 0.05115528693262402
62.20000000000005; 0.051732580910776774
62.300000000000054; 0.05231268901452558
62.400000000000055; 0.05289559016044029
62.50000000000006; 0.053481263139798944
62.60000000000005; 0.05406968662312847
62.70000000000005; 0.05466083916469775
62.800000000000054; 0.05525469920697284
62.900000000000055; 0.055851245085034
63.00000000000006; 0.05645045503094204
63.10000000000006; 0.057052307178071665
63.20000000000005; 0.05765677956539515
63.300000000000054; 0.058263850141724
63.400000000000055; 0.05887349676990927
63.50000000000006; 0.05948569723099353
63.60000000000006; 0.060100429228316744
63.70000000000005; 0.060717670391584586
63.800000000000054; 0.06133739828088183
63.900000000000055; 0.06195959039064292
64.00000000000006; 0.06258422415358106
64.10000000000005; 0.06321127694456247
64.20000000000006; 0.06384072608443807
64.30000000000005; 0.06447254884383065
64.40000000000006; 0.0651067224468689
64.50000000000006; 0.06574322407487707
64.60000000000005; 0.06638203087001888
64.70000000000006; 0.06702311993888876
64.80000000000005; 0.06766646835605897
64.90000000000006; 0.06831205316758142
65.00000000000006; 0.06895985139442933
65.10000000000005; 0.06960984003590928
65.20000000000006; 0.07026199607300761
65.30000000000005; 0.07091629647169857
65.40000000000006; 0.07157271818620538
65.50000000000006; 0.07223123816220328
65.60000000000005; 0.07289183333998665
65.70000000000006; 0.07355448065758188
65.80000000000005; 0.07421915705380905
65.90000000000006; 0.07488583947130399
66.00000000000006; 0.07555450485948856
66.10000000000005; 0.07622513017748941
66.20000000000006; 0.07689769239701753
66.30000000000005; 0.077572168505194
66.40000000000006; 0.07824853550733134
66.50000000000006; 0.07892677042966621
66.60000000000005; 0.07960685032204817
66.70000000000006; 0.08028875226058094
66.80000000000005; 0.08097245335021339
66.90000000000006; 0.08165793072729267
67.00000000000006; 0.08234516156205947
67.10000000000007; 0.08303412306111406
67.20000000000006; 0.08372479246981807
67.30000000000005; 0.08441714707466948
67.40000000000006; 0.08511116420561614
67.50000000000006; 0.08580682123834021
67.60000000000007; 0.08650409559648532
67.70000000000006; 0.08720296475384731
67.80000000000005; 0.08790340623652033
67.90000000000006; 0.08860539762499935
68.00000000000006; 0.08930891655623549
68.10000000000007; 0.09001394072565608
68.20000000000006; 0.09072044788913758
68.30000000000005; 0.09142841586493616
68.40000000000006; 0.09213782253558116
68.50000000000006; 0.09284864584972179
68.60000000000007; 0.09356086382393683
68.70000000000006; 0.09427445454450128
68.80000000000005; 0.0949893961691147
68.90000000000006; 0.09570566692859063
69.00000000000006; 0.09642324512850178
69.10000000000007; 0.09714210915079165
69.20000000000006; 0.09786223745534518
69.30000000000005; 0.09858360858152225
69.40000000000006; 0.09930620114964855
69.50000000000006; 0.1000299938624773
69.60000000000007; 0.10075496550660744
69.70000000000006; 0.10148109495386749
69.80000000000007; 0.10220836116266181
69.90000000000006; 0.10293674317928352
70.00000000000006; 0.10366622013918969
70.10000000000007; 0.1043967712682403
70.20000000000006; 0.10512837588390854
70.30000000000007; 0.10586101339645036
70.40000000000006; 0.10659466331004018
70.50000000000006; 0.10732930522388065
70.60000000000007; 0.10806491883326944
70.70000000000006; 0.10880148393064444
70.80000000000007; 0.10953898040658128
70.90000000000006; 0.11027738825077825
71.00000000000006; 0.11101668755299308
71.10000000000007; 0.11175685850395913
71.20000000000006; 0.11249788139626674
71.30000000000007; 0.11323973662521418
71.40000000000006; 0.11398240468963035
71.50000000000006; 0.114725866192669
71.60000000000007; 0.11547010184257074
71.70000000000006; 0.11621509245340049
71.80000000000007; 0.11696081894575333
71.90000000000006; 0.1177072623474334
72.00000000000006; 0.11845440379410735
72.10000000000007; 0.11920222452993091
72.20000000000006; 0.11995070590814436
72.30000000000007; 0.12069982939164918
72.40000000000006; 0.12144957655354885
72.50000000000006; 0.12219992907767926
72.60000000000007; 0.12295086875909558
72.70000000000006; 0.12370237750455239
72.80000000000007; 0.12445443733294607
72.90000000000006; 0.12520703037574132
73.00000000000006; 0.12596013887737134
73.10000000000007; 0.1267137451956136
73.20000000000006; 0.127467831801948
73.30000000000007; 0.1282223812818859
73.40000000000006; 0.12897737633528378
73.50000000000007; 0.12973279977662996
73.60000000000007; 0.13048863453531137
73.70000000000006; 0.13124486365586485
73.80000000000007; 0.13200147029819867
73.90000000000006; 0.13275843773780285
74.00000000000007; 0.13351574936593344
74.10000000000007; 0.13427338868977842
74.20000000000006; 0.1350313393326095
74.30000000000007; 0.13578958503390698
74.40000000000006; 0.1365481096494761
74.50000000000007; 0.13730689715153277
74.60000000000007; 0.13806593162878483
74.70000000000006; 0.13882519728648826
74.80000000000007; 0.13958467844648323
74.90000000000006; 0.14034435954722402
75.00000000000007; 0.14110422514378504
75.10000000000007; 0.14186425990784896
75.20000000000006; 0.14262444862768595
75.30000000000007; 0.14338477620811096
75.40000000000006; 0.14414522767043106
75.50000000000007; 0.14490578815237415
75.60000000000007; 0.14566644290800448
75.70000000000006; 0.146427177307623
75.80000000000007; 0.14718797683765833
75.90000000000006; 0.14794882710053292
76.00000000000007; 0.14870971381453382
76.10000000000007; 0.1494706228136476
76.20000000000007; 0.15023154004740638
76.30000000000007; 0.15099245158069888
76.40000000000006; 0.15175334359358975
76.50000000000007; 0.15251420238110927
76.60000000000007; 0.15327501435304186
76.70000000000007; 0.1540357660337018
76.80000000000007; 0.15479644406169382
76.90000000000006; 0.15555703518966726
77.00000000000007; 0.15631752628405735
77.10000000000007; 0.1570779043248114
77.20000000000007; 0.1578381564051181
77.30000000000007; 0.1585982697311126
77.40000000000006; 0.15935823162157642
77.50000000000007; 0.16011802950763607
77.60000000000007; 0.16087765093243658
77.70000000000007; 0.1616370835508236
77.80000000000007; 0.16239631512900057
77.90000000000006; 0.16315533354419096
78.00000000000007; 0.1639141267842814
78.10000000000007; 0.16467268294746643
78.20000000000007; 0.16543099024187435
78.30000000000007; 0.16618903698519635
78.40000000000006; 0.16694681160430205
78.50000000000007; 0.16770430263484778
78.60000000000007; 0.16846149872088018
78.70000000000007; 0.16921838861443064
78.80000000000007; 0.1699749611751081
78.90000000000006; 0.17073120536967448
79.00000000000007; 0.17148711027162902
79.10000000000007; 0.17224266506077282
79.20000000000007; 0.17299785902277603
79.30000000000007; 0.173752681548734
79.40000000000006; 0.17450712213472416
79.50000000000007; 0.17526117038135128
79.60000000000007; 0.17601481599328847
79.70000000000007; 0.17676804877882046
79.80000000000007; 0.177520858649371
79.90000000000008; 0.17827323561903086
80.00000000000007; 0.1790251698040888
80.10000000000007; 0.1797768356847179
80.20000000000007; 0.1805280416558285
80.30000000000007; 0.18127877512832577
80.40000000000008; 0.18202902631976778
80.50000000000007; 0.18277878554741614
80.60000000000007; 0.1835280432277689
80.70000000000007; 0.18427678987609622
80.80000000000007; 0.18502501610596334
80.90000000000008; 0.18577271262875655
81.00000000000007; 0.18651987025320188
81.10000000000007; 0.18726647988488093
81.20000000000007; 0.18801253252574762
81.30000000000007; 0.18875801927363428
81.40000000000008; 0.1895029313217603
81.50000000000007; 0.1902472599582409
81.60000000000007; 0.1909909965655805
81.70000000000007; 0.19173413262017747
81.80000000000007; 0.19247665969181804
81.90000000000008; 0.19321856944317542
82.00000000000007; 0.19395985362929336
82.10000000000007; 0.1947005040970818
82.20000000000007; 0.19544051278480562
82.30000000000007; 0.1961798717215639
82.40000000000008; 0.19691857302678187
82.50000000000007; 0.19765660890968734
82.60000000000008; 0.19839397166879483
82.70000000000007; 0.19913065369138372
82.80000000000007; 0.19986664745297622
82.90000000000008; 0.20060194551681326
83.00000000000007; 0.20133654053333094
83.10000000000008; 0.2020704252396378
83.20000000000007; 0.20280359245898147
83.30000000000007; 0.2035360351002285
83.40000000000008; 0.2042677461573293
83.50000000000007; 0.2049987187087954
83.60000000000008; 0.20572894591716748
83.70000000000007; 0.20645842102848427
83.80000000000007; 0.20718713737175223
83.90000000000008; 0.20791508835841635
84.00000000000007; 0.20864226748182838
84.10000000000008; 0.20936866831671408
84.20000000000007; 0.21009428451864257
84.30000000000007; 0.2108191098234981
84.40000000000008; 0.21154313804694122
84.50000000000007; 0.21226636308388375
84.60000000000008; 0.21298877890795626
84.70000000000007; 0.21371037957097574
84.80000000000007; 0.21443115920241473
84.90000000000008; 0.21515111200887216
85.00000000000007; 0.21587023227354207
85.10000000000008; 0.21658851435568982
85.20000000000007; 0.21730595269011196
85.30000000000007; 0.21802254178662042
85.40000000000008; 0.21873827622950628
85.50000000000007; 0.2194531506770167
85.60000000000008; 0.2201671598608316
85.70000000000007; 0.22088029858553082
85.80000000000007; 0.2215925617280771
85.90000000000008; 0.22230394423728966
86.00000000000007; 0.22301444113332383
86.10000000000008; 0.22372404750714747
86.20000000000007; 0.22443275852002273
86.30000000000008; 0.22514056940298635
86.40000000000008; 0.22584747545633382
86.50000000000007; 0.22655347204909934
86.60000000000008; 0.2272585546185436
86.70000000000007; 0.22796271866964044
86.80000000000008; 0.22866595977456386
86.90000000000008; 0.22936827357217193
87.00000000000007; 0.23006965576750701
87.10000000000008; 0.2307701021312799
87.20000000000007; 0.23146960849936782
87.30000000000008; 0.23216817077230692
87.40000000000008; 0.23286578491478838
87.50000000000007; 0.2335624469551609
87.60000000000008; 0.23425815298492791
87.70000000000007; 0.2349528991582459
87.80000000000008; 0.23564668169143546
87.90000000000008; 0.23633949686248207
88.00000000000007; 0.2370313410105415
88.10000000000008; 0.23772221053545445
88.20000000000007; 0.23841210189725104
88.30000000000008; 0.23910101161566588
88.40000000000008; 0.239788936269657
88.50000000000007; 0.24047587249691318
88.60000000000008; 0.24116181699338185
88.70000000000007; 0.24184676651278272
88.80000000000008; 0.24253071786613514
88.90000000000008; 0.24321366792127677
89.00000000000009; 0.24389561360239823
89.10000000000008; 0.24457655188956207
89.20000000000007; 0.24525647981824442
89.30000000000008; 0.24593539447885732
89.40000000000008; 0.2466132930162901
89.50000000000009; 0.24729017262944517
89.60000000000008; 0.2479660305707756
89.70000000000007; 0.2486408641458291
89.80000000000008; 0.2493146707127902
89.90000000000008; 0.24998744768202497
90.00000000000009; 0.25065919251563445
90.10000000000008; 0.25132990272699496
90.20000000000007; 0.2519995758803237
90.30000000000008; 0.25266820959021996
90.40000000000008; 0.2533358015212336
90.50000000000009; 0.2540023493874182
90.60000000000008; 0.2546678509518949
90.70000000000007; 0.2553323040264157
90.80000000000008; 0.25599570647093045
90.90000000000008; 0.2566580561931529
91.00000000000009; 0.2573193511481388
91.10000000000008; 0.2579795893378489
91.20000000000007; 0.2586387688107345
91.30000000000008; 0.2592968876613098
91.40000000000008; 0.2599539440297323
91.50000000000009; 0.2606099361013883
91.60000000000008; 0.26126486210647776
91.70000000000007; 0.26191872031959956
91.80000000000008; 0.2625715090593441
91.90000000000008; 0.26322322668788223
92.00000000000009; 0.26387387161056464
92.10000000000008; 0.2645234422755142
92.20000000000007; 0.26517193717323057
92.30000000000008; 0.2658193548361867
92.40000000000008; 0.2664656938384375
92.50000000000009; 0.26711095279522473
92.60000000000008; 0.26775513036258675
92.70000000000009; 0.26839822523696816
92.80000000000008; 0.26904023615483635
92.90000000000008; 0.26968116189229696
93.00000000000009; 0.27032100126471226
93.10000000000008; 0.27095975312632414
93.20000000000009; 0.27159741636987456
93.30000000000008; 0.27223398992623343
93.40000000000008; 0.27286947276402773
93.50000000000009; 0.27350386388927167
93.60000000000008; 0.27413716234499924
93.70000000000009; 0.27476936721089995
93.80000000000008; 0.2754004776029595
93.90000000000008; 0.2760304926730942
94.00000000000009; 0.27665941160880225
94.10000000000008; 0.27728723363280094
94.20000000000009; 0.2779139580026803
94.30000000000008; 0.278539584010547
94.40000000000008; 0.2791641109826826
94.50000000000009; 0.27978753827919733
94.60000000000008; 0.2804098652936806
94.70000000000009; 0.28103109145287186
94.80000000000008; 0.2816512162163107
94.90000000000008; 0.2822702390760097
95.00000000000009; 0.28288815955611524
95.10000000000008; 0.2835049772125822
95.20000000000009; 0.28412069163283726
95.30000000000008; 0.28473530243546175
95.40000000000009; 0.28534880926985845
95.50000000000009; 0.28596121181593537
95.60000000000008; 0.28657250978378507
95.70000000000009; 0.2871827029133674
95.80000000000008; 0.2877917909741935
95.90000000000009; 0.28839977376501524
96.00000000000009; 0.2890066511135106
96.10000000000008; 0.28961242287598077
96.20000000000009; 0.2902170889370431
96.30000000000008; 0.2908206492093239
96.40000000000009; 0.29142310363316004
96.50000000000009; 0.2920244521763022
96.60000000000008; 0.2926246948336107
96.70000000000009; 0.2932238316267708
96.80000000000008; 0.29382186260399173
96.90000000000009; 0.29441878783971936
97.00000000000009; 0.2950146074343512
97.10000000000008; 0.2956093215139445
97.20000000000009; 0.2962029302299397
97.30000000000008; 0.29679543375887246
97.40000000000009; 0.29738683230210006
97.50000000000009; 0.2979771260855196
97.60000000000008; 0.29856631535929373
97.70000000000009; 0.29915440039758295
97.80000000000008; 0.2997413814982674
97.90000000000009; 0.3003272589826823
98.00000000000009; 0.3009120331953522
98.10000000000008; 0.30149570450372537
98.20000000000009; 0.3020782732979093
98.30000000000008; 0.30265973999041323
98.40000000000009; 0.3032401050158919
98.50000000000009; 0.30381936883088273
98.60000000000008; 0.3043975319135586
98.70000000000009; 0.3049745947634728
98.80000000000008; 0.30555055790130836
98.90000000000009; 0.3061254218686308
99.00000000000009; 0.3066991872276422
99.1000000000001; 0.3072718545609399
99.20000000000009; 0.30784342447126833
99.30000000000008; 0.3084138975812862
99.40000000000009; 0.3089832745333208
99.50000000000009; 0.3095515559891383
99.6000000000001; 0.31011874262970673
99.70000000000009; 0.31068483515496553
99.80000000000008; 0.3112498342835927
99.90000000000009; 0.3118137407527767
100.00000000000009; 0.31237655148937404
100.1000000000001; 0.31293812484902483
100.20000000000009; 0.3134986084698527
100.30000000000008; 0.31405800325482264
100.40000000000009; 0.31461631012405517
100.50000000000009; 0.3151735300146075
100.6000000000001; 0.3157296638802505
100.70000000000009; 0.3162847126912585
100.80000000000008; 0.31683867743419447
100.90000000000009; 0.31739155911169303
101.00000000000009; 0.31794335874225943
101.1000000000001; 0.31849407736005103
101.20000000000009; 0.3190437160146762
101.30000000000008; 0.31959227577099114
101.40000000000009; 0.320139757708891
101.50000000000009; 0.3206861629231141
101.6000000000001; 0.32123149252304106
101.70000000000009; 0.3217757476324948
101.8000000000001; 0.3223189293895462
101.90000000000009; 0.32286103894632306
102.00000000000009; 0.32340207746880983
102.1000000000001; 0.3239420461366667
102.20000000000009; 0.3244809461430327
102.3000000000001; 0.3250187786943417
102.40000000000009; 0.3255555450101369
102.50000000000009; 0.3260912463228852
102.6000000000001; 0.32662588387779684
102.70000000000009; 0.327159458932645
102.8000000000001; 0.327691972757584
102.90000000000009; 0.3282234266349724
103.00000000000009; 0.32875382185920304
103.1000000000001; 0.3292831597365188
103.20000000000009; 0.329811441584849
103.3000000000001; 0.3303386687336335
103.40000000000009; 0.3308648425236555
103.50000000000009; 0.33138996430687173
103.6000000000001; 0.33191403544624903
103.70000000000009; 0.3324370573155967
103.8000000000001; 0.33295903129940485
103.90000000000009; 0.33347995879268105
104.00000000000009; 0.333999841200793
104.1000000000001; 0.33451867993930756
104.20000000000009; 0.3350364764338346
104.3000000000001; 0.3355532321198703
104.40000000000009; 0.33606894844264235
104.50000000000009; 0.3365836268569624
104.6000000000001; 0.33709726882706437
104.70000000000009; 0.337609875826467
104.8000000000001; 0.3381214493378125
104.90000000000009; 0.3386319908527324
105.00000000000009; 0.33914150187169
105.1000000000001; 0.33964998390384565
105.20000000000009; 0.3401574384669061
105.3000000000001; 0.34066386708698854
105.40000000000009; 0.34116927129847774
105.5000000000001; 0.34167365264388916
105.6000000000001; 0.3421770126737276
105.70000000000009; 0.34267935294635626
105.8000000000001; 0.34318067502785576
105.90000000000009; 0.3436809804918985
106.0000000000001; 0.34418027091960735
106.1000000000001; 0.34467854789943286
106.20000000000009; 0.34517581302701905
106.3000000000001; 0.3456720679050746
106.40000000000009; 0.3461673141432493
106.5000000000001; 0.3466615533580048
106.6000000000001; 0.3471547871724905
106.70000000000009; 0.3476470172164222
106.8000000000001; 0.34813824512595976
106.90000000000009; 0.3486284725435807
107.0000000000001; 0.3491177011179694
107.1000000000001; 0.34960593250389177
107.20000000000009; 0.35009316836207977
107.3000000000001; 0.35057941035911455
107.40000000000009; 0.3510646601673159
107.5000000000001; 0.35154891946461886
107.6000000000001; 0.3520321899344738
107.70000000000009; 0.35251447326572105
107.8000000000001; 0.3529957711524929
107.90000000000009; 0.353476085294095
108.0000000000001; 0.3539554173949046
108.1000000000001; 0.35443376916425695
108.2000000000001; 0.3549111423163461
108.3000000000001; 0.3553875385701161
108.40000000000009; 0.35586295964915654
108.5000000000001; 0.35633740728160285
108.6000000000001; 0.35681088320003174
108.7000000000001; 0.3572833891413605
108.8000000000001; 0.3577549268467503
108.90000000000009; 0.3582254980615056
109.0000000000001; 0.35869510453497416
109.1000000000001; 0.35916374802045486
109.2000000000001; 0.3596314302751012
109.3000000000001; 0.36009815305982285
109.40000000000009; 0.3605639181391967
109.5000000000001; 0.36102872728137214
109.6000000000001; 0.3614925822579805
109.7000000000001; 0.361955484844043
109.8000000000001; 0.3624174368178819
109.90000000000009; 0.36287843996103164
110.0000000000001; 0.36333849605815116
110.1000000000001; 0.36379760689693647
110.2000000000001; 0.3642557742680354
110.3000000000001; 0.36471299996496326
110.40000000000009; 0.36516928578401553
110.5000000000001; 0.3656246335241901
110.6000000000001; 0.3660790449871004
110.7000000000001; 0.3665325219768936
110.8000000000001; 0.3669850663001746
110.90000000000009; 0.36743667976592226
111.0000000000001; 0.3678873641854118
111.1000000000001; 0.3683371213721385
111.2000000000001; 0.36878595314173857
111.3000000000001; 0.3692338613119125
111.40000000000009; 0.36968084770235177
111.5000000000001; 0.3701269141346627
111.6000000000001; 0.37057206243229257
111.7000000000001; 0.37101629442045964
111.8000000000001; 0.37145961192607635
111.9000000000001; 0.37190201677768053
112.0000000000001; 0.3723435108053653
112.1000000000001; 0.3727840958407102
112.2000000000001; 0.3732237737167066
112.3000000000001; 0.3736625462676976
112.4000000000001; 0.3741004153293045
112.5000000000001; 0.3745373827383631
112.6000000000001; 0.3749734503328568
112.7000000000001; 0.3754086199518506
112.8000000000001; 0.3758428934354291
112.9000000000001; 0.3762762726246302
113.0000000000001; 0.37670875936138376
113.1000000000001; 0.37714035548844765
113.2000000000001; 0.37757106284935055
113.3000000000001; 0.3780008832883244
113.4000000000001; 0.3784298186502495
113.5000000000001; 0.37885787078059413
113.6000000000001; 0.37928504152535275
113.7000000000001; 0.37971133273099344
113.8000000000001; 0.3801367462443946
113.9000000000001; 0.38056128391279165
114.0000000000001; 0.3809849475837226
114.1000000000001; 0.3814077391049672
114.2000000000001; 0.38182966032449694
114.3000000000001; 0.38225071309041875
114.4000000000001; 0.3826708992509235
114.5000000000001; 0.38309022065423143
114.60000000000011; 0.3835086791485393
114.7000000000001; 0.38392627658197015
114.8000000000001; 0.38434301480252336
114.9000000000001; 0.38475889565802285
115.0000000000001; 0.3851739209960668
115.10000000000011; 0.3855880926639795
115.2000000000001; 0.3860014125087627
115.3000000000001; 0.38641388237704755
115.4000000000001; 0.38682550411504785
115.5000000000001; 0.3872362795685119
115.60000000000011; 0.38764621058267734
115.7000000000001; 0.3880552990022261
115.8000000000001; 0.3884635466712362
115.9000000000001; 0.3888709554331435
116.0000000000001; 0.38927752713068875
116.10000000000011; 0.38968326360588296
116.2000000000001; 0.39008816669995994
116.3000000000001; 0.3904922382533331
116.4000000000001; 0.39089548010555647
116.5000000000001; 0.3912978940952831
116.60000000000011; 0.3916994820602226
116.7000000000001; 0.39210024583709996
116.8000000000001; 0.39250018726162117
116.9000000000001; 0.3928993081684273
117.0000000000001; 0.39329761039106176
117.10000000000011; 0.3936950957619252
117.2000000000001; 0.39409176611224533
117.3000000000001; 0.3944876232720358
117.4000000000001; 0.39488266907005787
117.5000000000001; 0.3952769053337877
117.60000000000011; 0.3956703338893774
117.7000000000001; 0.396062956561624
117.8000000000001; 0.39645477517392835
117.9000000000001; 0.39684579154826605
118.0000000000001; 0.397236007505152
118.10000000000011; 0.39762542486360486
118.2000000000001; 0.39801404544111735
118.30000000000011; 0.3984018710536215
118.4000000000001; 0.3987889035154549
118.5000000000001; 0.3991751446393344
118.60000000000011; 0.3995605962363198
118.7000000000001; 0.3999452601157842
118.80000000000011; 0.40032913808538356
118.9000000000001; 0.40071223195102884
119.0000000000001; 0.40109454351685364
119.10000000000011; 0.40147607458518525
119.2000000000001; 0.4018568269565185
119.30000000000011; 0.4022368024294828
119.4000000000001; 0.40261600280081905
119.5000000000001; 0.4029944298653481
119.60000000000011; 0.4033720854159475
119.7000000000001; 0.40374897124352055
119.80000000000011; 0.4041250891369716
119.9000000000001; 0.4045004408831804
120.0000000000001; 0.4048750282669773
120.10000000000011; 0.4052488530711158
120.2000000000001; 0.40562191707624723
120.30000000000011; 0.405994222060901
120.4000000000001; 0.40636576980145256
120.5000000000001; 0.4067365620721079
120.60000000000011; 0.40710660064487325
120.7000000000001; 0.4074758872895351
120.80000000000011; 0.40784442377363916
120.9000000000001; 0.40821221186246204
121.00000000000011; 0.4085792533189975
121.10000000000011; 0.40894554990392423
121.2000000000001; 0.40931110337559595
121.30000000000011; 0.40967591549001015
121.4000000000001; 0.4100399880007935
121.50000000000011; 0.410403322659179
121.60000000000011; 0.41076592121398736
121.7000000000001; 0.41112778541160416
121.80000000000011; 0.41148891699596457
121.9000000000001; 0.41184931770853006
122.00000000000011; 0.41220898928827143
122.10000000000011; 0.41256793347165127
122.2000000000001; 0.41292615199260296
122.30000000000011; 0.4132836465825157
122.4000000000001; 0.41364041897021353
122.50000000000011; 0.4139964708819414
122.60000000000011; 0.41435180404134536
122.7000000000001; 0.414706420169456
122.80000000000011; 0.41506032098467327
122.9000000000001; 0.41541350820275036
123.00000000000011; 0.41576598353677535
123.10000000000011; 0.4161177486971585
123.2000000000001; 0.416468805391612
123.30000000000011; 0.4168191553251415
123.4000000000001; 0.4171688002000277
123.50000000000011; 0.4175177417158077
123.60000000000011; 0.41786598156926896
123.7000000000001; 0.41821352145442936
123.80000000000011; 0.4185603630625247
123.9000000000001; 0.418906508081994
124.00000000000011; 0.41925195819846856
124.10000000000011; 0.41959671509475777
124.2000000000001; 0.4199407804508346
124.30000000000011; 0.42028415594382573
124.4000000000001; 0.4206268432479972
124.50000000000011; 0.4209688440347417
124.60000000000011; 0.42131015997256926
124.70000000000012; 0.42165079272709366
124.80000000000011; 0.42199074396102104
124.9000000000001; 0.4223300153341373
125.00000000000011; 0.4226686085033019
125.10000000000011; 0.42300652512243125
125.20000000000012; 0.4233437668424918
125.30000000000011; 0.4236803353114875
125.4000000000001; 0.4240162321744529
125.50000000000011; 0.42435145907343796
125.60000000000011; 0.42468601764750386
125.70000000000012; 0.4250199095327103
125.80000000000011; 0.4253531363621069
125.9000000000001; 0.42568569976572357
126.00000000000011; 0.426017601370562
126.10000000000011; 0.42634884280058805
126.20000000000012; 0.4266794256767226
126.30000000000011; 0.42700935161683107
126.4000000000001; 0.4273386222357183
126.50000000000011; 0.427667239145119
126.60000000000011; 0.42799520395369084
126.70000000000012; 0.4283225182670071
126.80000000000011; 0.4286491836875462
126.9000000000001; 0.4289752018146912
127.00000000000011; 0.42930057424471446
127.10000000000011; 0.42962530257077636
127.20000000000012; 0.4299493883829188
127.30000000000011; 0.4302728332680553
127.40000000000012; 0.43059563880996693
127.50000000000011; 0.4309178065892965
127.60000000000011; 0.431239338183541
127.70000000000012; 0.43156023516704706
127.80000000000011; 0.4318804991110044
127.90000000000012; 0.43220013158344295
128.0000000000001; 0.43251913414922266
128.1000000000001; 0.4328375083700337
128.2000000000001; 0.43315525580438696
128.30000000000013; 0.4334723780076117
128.40000000000012; 0.4337888765318518
128.5000000000001; 0.43410475292605827
128.6000000000001; 0.43442000873598663
128.7000000000001; 0.4347346455041932
128.80000000000013; 0.43504866477002974
128.90000000000012; 0.4353620680696398
129.0000000000001; 0.43567485693595587
129.1000000000001; 0.4359870328986947
129.2000000000001; 0.4362985974843539
129.30000000000013; 0.43660955221620873
129.40000000000012; 0.4369198986143107
129.5000000000001; 0.4372296381954796
129.6000000000001; 0.4375387724733063
129.7000000000001; 0.43784730295814694
129.80000000000013; 0.438155231157119
129.90000000000012; 0.43846255857410166
130.0000000000001; 0.43876928670973125
130.1000000000001; 0.43907541706140163
130.2000000000001; 0.43938095112325737
130.30000000000013; 0.439685890386196
130.40000000000012; 0.4399902363378643
130.5000000000001; 0.44029399046265594
130.6000000000001; 0.44059715424171153
130.7000000000001; 0.44089972915291503
130.80000000000013; 0.441201716670895
130.90000000000012; 0.4415031182670185
131.0000000000001; 0.44180393540939533
131.1000000000001; 0.4421041695628741
131.2000000000001; 0.44240382218903995
131.30000000000013; 0.44270289474621793
131.40000000000012; 0.4430013886894673
131.5000000000001; 0.44329930547058344
131.6000000000001; 0.44359664653809827
131.7000000000001; 0.4438934133372759
131.80000000000013; 0.4441896073101179
131.90000000000012; 0.4444852298953576
132.0000000000001; 0.44478028252846247
132.1000000000001; 0.44507476664163453
132.2000000000001; 0.4453686836638089
132.30000000000013; 0.44566203502065527
132.40000000000012; 0.44595482213457754
132.5000000000001; 0.4462470464247138
132.6000000000001; 0.44653870930693634
132.70000000000013; 0.44682981219385465
132.80000000000013; 0.44712035649481263
132.90000000000012; 0.44741034361589155
133.0000000000001; 0.44769977495990937
133.1000000000001; 0.4479886519264233
133.20000000000013; 0.44827697591173
133.30000000000013; 0.4485647483088654
133.40000000000012; 0.44885197050760756
133.5000000000001; 0.44913864389447655
133.6000000000001; 0.44942476985273694
133.70000000000013; 0.44971034976239865
133.80000000000013; 0.4499953850002172
133.90000000000012; 0.4502798769396977
134.0000000000001; 0.4505638269510943
134.1000000000001; 0.4508472364014124
134.20000000000013; 0.45113010665441217
134.30000000000013; 0.4514124390706057
134.40000000000012; 0.45169423500726574
134.5000000000001; 0.451975495818422
134.6000000000001; 0.4522562228548659
134.70000000000013; 0.4525364174641506
134.80000000000013; 0.45281608099059606
134.90000000000012; 0.4530952147752901
135.0000000000001; 0.453373820156089
135.1000000000001; 0.453651898467622
135.20000000000013; 0.4539294510412939
135.30000000000013; 0.4542064792052849
135.40000000000012; 0.4544829842845574
135.5000000000001; 0.4547589676008546
135.6000000000001; 0.4550344304727051
135.70000000000013; 0.4553093742154276
135.80000000000013; 0.45558380014112815
135.90000000000012; 0.45585770955870986
136.0000000000001; 0.45613110377387117
136.1000000000001; 0.4564039840891102
136.20000000000013; 0.4566763518037278
136.30000000000013; 0.4569482082138321
136.40000000000012; 0.4572195546123383
136.5000000000001; 0.45749039228897553
136.6000000000001; 0.45776072253028954
136.70000000000013; 0.4580305466196421
136.80000000000013; 0.4582998658372217
136.90000000000012; 0.45856868146003854
137.0000000000001; 0.4588369947619352
137.1000000000001; 0.4591048070135863
137.20000000000013; 0.459372119482504
137.30000000000013; 0.45963893343303885
137.40000000000012; 0.45990525012638744
137.5000000000001; 0.46017107082059305
137.6000000000001; 0.4604363967705516
137.70000000000013; 0.4607012292280137
137.80000000000013; 0.46096556944158945
137.90000000000012; 0.4612294186567528
138.0000000000001; 0.4614927781158439
138.1000000000001; 0.46175564905807553
138.20000000000013; 0.4620180327195356
138.30000000000013; 0.4622799303331913
138.40000000000012; 0.46254134312889345
138.5000000000001; 0.462802272333382
138.60000000000014; 0.46306271917028763
138.70000000000013; 0.4633226848601372
138.80000000000013; 0.463582170620361
138.90000000000012; 0.46384117766529126
139.0000000000001; 0.46409970720617183
139.10000000000014; 0.4643577604511597
139.20000000000013; 0.4646153386053313
139.30000000000013; 0.46487244287068497
139.40000000000012; 0.46512907444614715
139.5000000000001; 0.4653852345275766
139.60000000000014; 0.4656409243077679
139.70000000000013; 0.4658961449764582
139.80000000000013; 0.46615089772033014
139.90000000000012; 0.46640518372301754
140.0000000000001; 0.4666590041651088
140.10000000000014; 0.46691236022415417
140.20000000000013; 0.46716525307466733
140.30000000000013; 0.467417683888134
140.40000000000012; 0.4676696538330122
140.5000000000001; 0.4679211640747428
140.60000000000014; 0.4681722157757491
140.70000000000013; 0.46842281009544373
140.80000000000013; 0.4686729481902366
140.90000000000012; 0.46892263121353445
141.0000000000001; 0.46917186031575087
141.10000000000014; 0.4694206366443075
141.20000000000013; 0.4696689613436417
141.30000000000013; 0.4699168355552116
141.40000000000012; 0.47016426041749865
141.5000000000001; 0.47041123706601734
141.60000000000014; 0.4706577666333139
141.70000000000013; 0.47090385024897885
141.80000000000013; 0.4711494890396463
141.90000000000012; 0.47139468412900315
142.0000000000001; 0.47163943663779184
142.10000000000014; 0.47188374768381747
142.20000000000013; 0.47212761838195133
142.30000000000013; 0.4723710498441385
142.40000000000012; 0.47261404317940015
142.5000000000001; 0.4728565994938432
142.60000000000014; 0.4730987198906602
142.70000000000013; 0.47334040547014034
142.80000000000013; 0.473581657329672
142.90000000000012; 0.4738224765637475
143.0000000000001; 0.47406286426397026
143.10000000000014; 0.47430282151905995
143.20000000000013; 0.47454234941485796
143.30000000000013; 0.4747814490343319
143.40000000000012; 0.47502012145758293
143.5000000000001; 0.47525836776185065
143.60000000000014; 0.4754961890215171
143.70000000000013; 0.4757335863081146
143.80000000000013; 0.47597056069033084
143.90000000000012; 0.4762071132340135
144.0000000000001; 0.4764432450021765
144.10000000000014; 0.476678957055007
144.20000000000013; 0.47691425044986846
144.30000000000013; 0.477149126241308
144.40000000000012; 0.4773835854810617
144.5000000000001; 0.4776176292180612
144.60000000000014; 0.477851258498437
144.70000000000013; 0.4780844743655275
144.80000000000013; 0.4783172778598814
144.90000000000012; 0.47854967001926735
145.0000000000001; 0.47878165187867516
145.10000000000014; 0.47901322447032507
145.20000000000013; 0.479244388823672
145.30000000000013; 0.47947514596541274
145.40000000000012; 0.47970549691948894
145.50000000000014; 0.47993544270709676
145.60000000000014; 0.4801649843466883
145.70000000000013; 0.48039412285398236
145.80000000000013; 0.4806228592419662
145.90000000000012; 0.48085119452090336
146.00000000000014; 0.4810791296983387
146.10000000000014; 0.48130666577910536
146.20000000000013; 0.48153380376532906
146.30000000000013; 0.481760544656436
146.40000000000012; 0.48198688944915735
146.50000000000014; 0.48221283913753404
146.60000000000014; 0.4824383947129261
146.70000000000013; 0.48266355716401543
146.80000000000013; 0.4828883274768129
146.90000000000012; 0.48311270663466416
147.00000000000014; 0.4833366956182562
147.10000000000014; 0.483560295405621
147.20000000000013; 0.48378350697214545
147.30000000000013; 0.4840063312905734
147.40000000000012; 0.484228769331014
147.50000000000014; 0.48445082206094614
147.60000000000014; 0.48467249044522526
147.70000000000013; 0.4848937754460903
147.80000000000013; 0.48511467802316627
147.90000000000012; 0.48533519913347517
148.00000000000014; 0.485555339731437
148.10000000000014; 0.48577510076887875
148.20000000000013; 0.48599448319504057
148.30000000000013; 0.48621348795657904
148.40000000000012; 0.48643211599757663
148.50000000000014; 0.48665036825954433
148.60000000000014; 0.48686824568142983
148.70000000000013; 0.487085749199624
148.80000000000013; 0.4873028797479645
148.90000000000012; 0.4875196382577426
149.00000000000014; 0.4877360256577114
149.10000000000014; 0.4879520428740886
149.20000000000013; 0.488167690830564
149.30000000000013; 0.488382970448307
149.40000000000012; 0.4885978826459682
149.50000000000014; 0.4888124283396902
149.60000000000014; 0.4890266084431116
149.70000000000013; 0.48924042386737127
149.80000000000013; 0.4894538755211183
149.90000000000012; 0.48966696431051365
150.00000000000014; 0.48987969113923946
150.10000000000014; 0.49009205602355904
150.20000000000013; 0.4903040607007826
150.30000000000013; 0.490515706064498
150.40000000000012; 0.4907269929933774
150.50000000000014; 0.49093792236370404
150.60000000000014; 0.491148495049382
150.70000000000013; 0.4913587119219396
150.80000000000013; 0.4915685738505352
150.90000000000012; 0.49177808170196474
151.00000000000014; 0.49198723634066516
151.10000000000014; 0.4921960386287216
151.20000000000013; 0.49240448942587156
151.30000000000013; 0.4926125895895137
151.40000000000015; 0.4928203399747094
151.50000000000014; 0.49302774143419276
151.60000000000014; 0.4932347948183728
151.70000000000013; 0.49344150097533995
151.80000000000013; 0.4936478607508736
151.90000000000015; 0.4938538749884473
152.00000000000014; 0.4940595445292312
152.10000000000014; 0.4942648702121016
152.20000000000013; 0.49446985287364653
152.30000000000013; 0.4946744933481685
152.40000000000015; 0.4948787924676914
152.50000000000014; 0.49508275106196836
152.60000000000014; 0.4952863699584845
152.70000000000013; 0.4954896499824654
152.80000000000013; 0.4956925919568786
152.90000000000015; 0.49589519670244425
153.00000000000014; 0.4960974650376372
153.10000000000014; 0.49629939777869353
153.20000000000013; 0.4965009957396176
153.30000000000013; 0.49670225973218546
153.40000000000015; 0.49690319056595217
153.50000000000014; 0.4971037890482571
153.60000000000014; 0.49730405598422817
153.70000000000013; 0.497503992176791
153.80000000000013; 0.4977035984266685
153.90000000000015; 0.4979028755323945
154.00000000000014; 0.49810182429031075
154.10000000000014; 0.4983004454945802
154.20000000000013; 0.4984987399371868
154.30000000000013; 0.4986967084079448
154.40000000000015; 0.498894351694502
154.50000000000014; 0.4990916705823477
154.60000000000014; 0.49928866585481535
154.70000000000013; 0.4994853382930899
154.80000000000013; 0.49968168867621443
154.90000000000015; 0.49987771778109275
155.00000000000014; 0.5000734263824979
155.10000000000014; 0.5002688152530747
155.20000000000013; 0.5004638851633488
155.30000000000013; 0.5006586368817292
155.40000000000015; 0.500853071174515
155.50000000000014; 0.5010471888059007
155.60000000000014; 0.501240990537983
155.70000000000013; 0.5014344771307633
155.80000000000013; 0.5016276493421566
155.90000000000015; 0.5018205079279939
156.00000000000014; 0.5020130536420309
156.10000000000014; 0.5022052872359498
156.20000000000013; 0.5023972094593687
156.30000000000013; 0.5025888210598431
156.40000000000015; 0.502780122782875
156.50000000000014; 0.5029711153719149
156.60000000000014; 0.5031617995683708
156.70000000000013; 0.5033521761116104
156.80000000000013; 0.5035422457389683
156.90000000000015; 0.5037320091857511
157.00000000000014; 0.5039214671852426
157.10000000000014; 0.504110620468709
157.20000000000013; 0.5042994697654056
157.30000000000013; 0.5044880158025793
157.40000000000015; 0.5046762593054779
157.50000000000014; 0.5048642009973516
157.60000000000014; 0.505051841599461
157.70000000000013; 0.5052391818310811
157.80000000000013; 0.5054262224095077
157.90000000000015; 0.505612964050061
158.00000000000014; 0.5057994074660936
158.10000000000014; 0.505985553368993
158.20000000000013; 0.5061714024681875
158.30000000000015; 0.5063569554711537
158.40000000000015; 0.5065422130834195
158.50000000000014; 0.5067271760085695
158.60000000000014; 0.5069118449482514
158.70000000000013; 0.5070962206021803
158.80000000000015; 0.5072803036681444
158.90000000000015; 0.5074640948420107
159.00000000000014; 0.5076475948177281
159.10000000000014; 0.5078308042873357
159.20000000000013; 0.5080137239409656
159.30000000000015; 0.5081963544668499
159.40000000000015; 0.508378696551323
159.50000000000014; 0.5085607508788308
159.60000000000014; 0.5087425181319333
159.70000000000013; 0.5089239989913085
159.80000000000015; 0.5091051941357614
159.90000000000015; 0.5092861042422265
160.00000000000014; 0.5094667299857731
