energy (keV); transmission
1.0; 0.0
1.1; 0.0
1.2000000000000002; 0.0
1.3000000000000003; 0.0
1.4000000000000004; 0.0
1.5000000000000004; 0.0
1.6000000000000005; 0.0
1.7000000000000006; 0.0
1.8000000000000007; 0.0
1.9000000000000008; 0.0
2.000000000000001; 0.0
2.100000000000001; 0.0
2.200000000000001; 3.27900193e-316
2.300000000000001; 5.892467351516257e-281
2.4000000000000012; 7.662022387645946e-251
2.5000000000000013; 5.781040465130166e-225
2.6000000000000014; 1.3283437970267451e-202
2.7000000000000015; 3.519719835148735e-183
2.8000000000000016; 3.159307584941811e-166
2.9000000000000017; 2.3122523676708912e-151
3.0000000000000018; 2.836993461063582e-138
3.100000000000002; 1.6375541401608567e-126
3.200000000000002; 4.3561697628938604e-116
3.300000000000002; 8.22587701831295e-107
3.400000000000002; 1.5810971391042358e-98
3.500000000000002; 4.1857556062767026e-91
3.6000000000000023; 1.9697860704498905e-84
3.7000000000000024; 2.0455953552574147e-78
3.8000000000000025; 5.636116624608882e-73
3.9000000000000026; 4.8233640964233945e-68
4.000000000000003; 1.4680545763912987e-63
4.100000000000003; 1.9713608688029675e-59
4.200000000000003; 1.1527042376718386e-55
4.3000000000000025; 3.2102896912399282e-52
4.400000000000003; 4.605060579457513e-49
4.5000000000000036; 3.643739973592292e-46
4.600000000000003; 1.6889120995599283e-43
4.700000000000003; 4.835255739320957e-41
4.800000000000003; 8.959751919921604e-39
4.900000000000004; 1.119995810169991e-36
5.0000000000000036; 3.606483424686904e-239
5.100000000000003; 1.7757266992654188e-233
5.200000000000004; 6.9104555396525e-226
5.300000000000004; 5.450598713443224e-217
5.400000000000004; 2.6444612767522702e-207
5.5000000000000036; 4.533621035536214e-205
5.600000000000004; 1.0683765099263461e-194
5.700000000000005; 1.332646315985115e-184
5.800000000000004; 5.610414189316138e-175
5.900000000000004; 5.813967723141756e-166
6.000000000000004; 1.2045598656230443e-157
6.100000000000005; 4.636536040984214e-150
6.200000000000005; 3.92132379958206e-143
6.300000000000004; 8.837258073786018e-137
6.400000000000005; 6.252898982861414e-131
6.500000000000005; 1.5979473110706648e-125
6.600000000000005; 1.6631591692278732e-120
6.700000000000005; 7.818226632117583e-116
6.800000000000005; 1.8150340625876098e-111
6.900000000000006; 2.2484833037481e-107
7.000000000000005; 1.589837712185755e-103
7.100000000000005; 6.803795935596543e-100
7.2000000000000055; 1.6200868739073116e-96
7.300000000000006; 2.956106460389537e-93
7.400000000000006; 3.7377598582351298e-90
7.500000000000005; 3.3903915182852226e-87
7.600000000000006; 2.2744243210944228e-84
7.700000000000006; 1.1591546519703015e-81
7.800000000000006; 4.59569170135674e-79
7.900000000000006; 1.4473951498522777e-76
8.000000000000007; 3.6887488776052996e-74
8.100000000000007; 7.72165859005292e-72
8.200000000000006; 1.3362018139066471e-69
8.300000000000006; 1.9211489753506896e-67
8.400000000000006; 2.3069668404770334e-65
8.500000000000007; 2.3260624943301854e-63
8.600000000000007; 1.9798644477878994e-61
8.700000000000006; 1.4303022446063453e-59
8.800000000000008; 8.81736648496759e-58
8.900000000000007; 4.663303161718995e-56
9.000000000000007; 2.1271191315132567e-54
9.100000000000007; 8.41200753868745e-53
9.200000000000006; 2.898966612345082e-51
9.300000000000008; 8.749893921491156e-50
9.400000000000007; 2.3243872275416192e-48
9.500000000000007; 5.460554165342457e-47
9.600000000000009; 1.1397447445928162e-45
9.700000000000008; 2.1231610135267278e-44
9.800000000000008; 3.545397423925444e-43
9.900000000000007; 5.3296094577020544e-42
10.000000000000007; 7.241947551960808e-41
10.100000000000009; 8.930886408905653e-40
10.200000000000008; 1.0041040092659253e-38
10.300000000000008; 1.0336915415044736e-37
10.40000000000001; 9.783791642710604e-37
10.500000000000009; 8.546791142325056e-36
10.600000000000009; 6.916092924635936e-35
10.700000000000008; 5.202057606455492e-34
10.800000000000008; 3.6488764214127125e-33
10.90000000000001; 2.394139153778558e-32
11.000000000000009; 1.4737058942918667e-31
11.100000000000009; 8.533777280726617e-31
11.20000000000001; 4.6609642489221256e-30
11.30000000000001; 2.4070777345494543e-29
11.40000000000001; 1.1781614239892193e-28
11.500000000000009; 5.4775734598419e-28
11.600000000000009; 2.424151686856711e-27
11.70000000000001; 1.0232763599941906e-26
11.80000000000001; 4.127791275230345e-26
11.90000000000001; 1.5941288512135007e-25
12.00000000000001; 5.904197057733077e-25
12.10000000000001; 2.1006058816847392e-24
12.20000000000001; 7.190432595690918e-24
12.30000000000001; 2.3715938129630016e-23
12.40000000000001; 7.547760681659624e-23
12.50000000000001; 2.32101184956022e-22
12.60000000000001; 6.905254949659497e-22
12.70000000000001; 1.9900371372501305e-21
12.800000000000011; 5.562030823991307e-21
12.900000000000011; 1.509332616799855e-20
13.00000000000001; 3.980912877642788e-20
13.10000000000001; 1.0215806652874262e-19
13.20000000000001; 2.553180193804928e-19
13.300000000000011; 6.220381702006343e-19
13.400000000000011; 1.4786646827491484e-18
13.50000000000001; 3.4325198857170403e-18
13.600000000000012; 7.787621506312793e-18
13.700000000000012; 1.728174714197952e-17
13.800000000000011; 3.753961185859743e-17
13.900000000000011; 7.987776046655159e-17
14.00000000000001; 1.6660868452424016e-16
14.100000000000012; 3.408744013734212e-16
14.200000000000012; 6.845319748457093e-16
14.300000000000011; 1.3500880880065498e-15
14.400000000000013; 2.6167079437315466e-15
14.500000000000012; 4.986763773863809e-15
14.600000000000012; 9.34950618142413e-15
14.700000000000012; 1.7254071578603982e-14
14.800000000000011; 3.1357791736453075e-14
14.900000000000013; 5.615129928705102e-14
15.000000000000012; 9.911425042661714e-14
15.100000000000012; 1.7253178219444772e-13
15.200000000000014; 2.963052462915006e-13
15.300000000000013; 5.022521897322279e-13
15.400000000000013; 8.405924426698433e-13
15.500000000000012; 1.3896109703858203e-12
15.600000000000012; 2.26987733420527e-12
15.700000000000014; 3.664922425096244e-12
15.800000000000013; 5.850958796550354e-12
15.900000000000013; 9.239122706007909e-12
16.000000000000014; 1.4434861883166882e-11
16.100000000000016; 2.232054815163506e-11
16.200000000000014; 3.4169220439914637e-11
16.30000000000001; 5.1799630211520614e-11
16.400000000000013; 7.778554267009902e-11
16.500000000000014; 1.1573562283687923e-10
16.600000000000016; 1.7066428859236058e-10
16.700000000000014; 2.49478727067917e-10
16.800000000000015; 3.616129291040957e-10
16.900000000000013; 5.198461773336673e-10
17.000000000000014; 7.413509976511357e-10
17.100000000000016; 1.049024210960313e-09
17.200000000000014; 1.473164446507721e-09
17.300000000000015; 2.053570324994626e-09
17.400000000000013; 2.8421454910142257e-09
17.500000000000014; 3.906109745274303e-09
17.600000000000016; 5.331929642218653e-09
17.700000000000014; 7.230096989521408e-09
17.800000000000015; 9.740899588353369e-09
17.900000000000016; 1.3041345126298092e-08
18.000000000000014; 1.7353416179791518e-08
18.100000000000016; 2.2953851564614822e-08
18.200000000000017; 3.018566652057236e-08
18.300000000000015; 3.947164112700795e-08
18.400000000000016; 5.133002258738348e-08
18.500000000000014; 6.639270223881866e-08
18.600000000000016; 8.542614196298698e-08
18.700000000000017; 1.0935533671491715e-07
18.800000000000015; 1.3929110975891486e-07
18.900000000000016; 1.7656104452446667e-07
19.000000000000014; 2.2274436140080433e-07
19.100000000000016; 2.797110489302526e-07
19.200000000000017; 3.4966555642181304e-07
19.300000000000015; 4.3519534870800323e-07
19.400000000000016; 5.393246133802641e-07
19.500000000000018; 6.655733961791484e-07
19.600000000000016; 8.180224211656249e-07
19.700000000000017; 1.0013838288006997e-06
19.80000000000002; 1.2210780371206803e-06
19.900000000000016; 1.4833168988917151e-06
20.000000000000018; 1.7951932911076453e-06
20.100000000000016; 2.16473559806122e-06
20.200000000000017; 2.601122220003504e-06
20.30000000000002; 3.1146920754873783e-06
20.400000000000016; 3.7170903147014803e-06
20.500000000000018; 4.42139114651446e-06
20.600000000000016; 5.2422270610919854e-06
20.700000000000017; 6.195924272194834e-06
20.80000000000002; 7.300644129413542e-06
20.900000000000016; 8.576530193613851e-06
21.000000000000018; 1.0045860612022196e-05
21.10000000000002; 1.173320537327979e-05
21.200000000000017; 1.3665587968009982e-05
21.30000000000002; 1.587265092756579e-05
21.40000000000002; 1.838682466321485e-05
21.500000000000018; 2.1243498980607687e-05
21.60000000000002; 2.4481196600473048e-05
21.700000000000017; 2.814174797653714e-05
21.80000000000002; 3.227046666610344e-05
21.90000000000002; 3.691632447795149e-05
22.000000000000018; 4.213212559641617e-05
22.10000000000002; 4.7974678860202276e-05
22.200000000000017; 5.450496735947673e-05
22.30000000000002; 6.178831450571475e-05
22.40000000000002; 6.98945457252197e-05
22.500000000000018; 7.889814492959812e-05
22.60000000000002; 8.887840492457641e-05
22.70000000000002; 9.991957093223521e-05
22.80000000000002; 0.00011211097642097437
22.90000000000002; 0.00012554717046218156
23.00000000000002; 0.00014032803586211352
23.10000000000002; 0.00015655889735208332
23.20000000000002; 0.0001743506191589807
23.30000000000002; 0.0001938196913211687
23.40000000000002; 0.00021508830416196975
23.50000000000002; 0.0002382844103828534
23.60000000000002; 0.0002635417742919626
23.70000000000002; 0.0002910000077392381
23.80000000000002; 0.0003208045923872387
23.90000000000002; 0.0003531068880063676
24.00000000000002; 0.00038806412654387437
24.10000000000002; 0.0004258393917773387
24.20000000000002; 0.0004666015844256701
24.300000000000022; 0.0005105253726517635
24.40000000000002; 0.0005577911279530479
24.50000000000002; 0.000608584846496017
24.600000000000023; 0.0006630980560105978
24.70000000000002; 0.0007215277084177701
24.800000000000022; 0.0007840760584197067
24.90000000000002; 0.0008509505283359577
25.00000000000002; 0.0009223635595200886
25.100000000000023; 0.000998532450740173
25.20000000000002; 0.0010796791839528675
25.300000000000022; 0.0011660302379431751
25.40000000000002; 0.0012578163903427665
25.50000000000002; 0.0013552725085749543
25.600000000000023; 0.0014586373303093906
25.70000000000002; 0.0015681532340377923
25.800000000000022; 0.0016840660004098173
25.900000000000023; 0.001806624564989869
26.00000000000002; 0.0019360807631161102
26.100000000000023; 0.002072689067557987
26.200000000000024; 0.002216706319682691
26.300000000000022; 0.0023683914548489216
26.400000000000023; 0.0025280052227521573
26.50000000000002; 0.0026958099034515275
26.600000000000023; 0.002872069019803605
26.700000000000024; 0.0030570470470300884
26.800000000000022; 0.0032510091201375323
26.900000000000023; 0.0034542207399007466
27.00000000000002; 0.0036669474781092326
27.100000000000023; 0.0038894546827642437
27.200000000000024; 0.004122007183898439
27.300000000000022; 0.004364869000671148
27.400000000000023; 0.004618303050377304
27.500000000000025; 0.004882570859981707
27.600000000000023; 0.0051579322807736
27.700000000000024; 0.0054446452067091
27.800000000000026; 0.005742965296985104
27.900000000000023; 0.006053145703366194
28.000000000000025; 0.006375436802752028
28.100000000000023; 0.006710085935453634
28.200000000000024; 0.0070573371496134435
28.300000000000026; 0.007417430952178247
28.400000000000023; 0.007790604066805615
28.500000000000025; 0.008177089199053762
28.600000000000023; 0.008577114809180261
28.700000000000024; 0.008990904892840754
28.800000000000026; 0.009418678769954612
28.900000000000023; 0.009860650881977243
29.000000000000025; 0.010317030597785376
29.100000000000026; 0.010788022028360312
29.200000000000024; 0.011273823850423118
29.300000000000026; 0.01177462913915644
29.400000000000027; 0.012290625210108106
29.500000000000025; 0.012821993470367901
29.600000000000026; 0.013368909279061706
29.700000000000024; 0.013931541817205814
29.800000000000026; 0.014510053966923888
29.900000000000027; 0.015104602200021227
30.000000000000025; 0.015715336475884568
30.100000000000026; 0.016342643578586957
30.200000000000024; 0.01698643327172874
30.300000000000026; 0.01764683171944479
30.400000000000027; 0.01832396161515201
30.500000000000025; 0.019017938712050566
30.600000000000026; 0.019728871775077882
30.700000000000028; 0.02045686254160734
30.800000000000026; 0.02120200569073013
30.900000000000027; 0.021964388820947055
31.00000000000003; 0.022744092436091098
31.100000000000026; 0.023541189939278673
31.200000000000028; 0.024355747634696945
31.300000000000026; 0.025187824737008594
31.400000000000027; 0.026037473388160044
31.50000000000003; 0.02690473868136761
31.600000000000026; 0.027789658692049517
31.700000000000028; 0.028692264515471615
31.800000000000026; 0.029612580310869954
31.900000000000027; 0.030550623351798468
32.00000000000003; 0.031506404082468235
32.10000000000002; 0.03247992617982714
32.20000000000003; 0.033471186621127955
32.300000000000026; 0.03448017575674392
32.40000000000003; 0.035506877387977115
32.50000000000003; 0.03655126884961786
32.60000000000003; 0.03761332109699898
32.70000000000003; 0.038692998797308906
32.800000000000026; 0.03979026042491704
32.90000000000003; 0.04090505836046704
33.00000000000003; 0.0420373389935054
33.10000000000003; 0.04318704282840571
33.20000000000003; 0.04435410459336189
33.300000000000026; 0.04553845335221644
33.40000000000003; 0.04674001261891046
33.50000000000003; 0.04795870047432212
33.60000000000003; 0.049194429685299086
33.70000000000003; 0.05044710782565099
33.800000000000026; 0.05171663739892154
33.90000000000003; 0.053002915962721976
34.00000000000003; 0.05430583625445011
34.10000000000003; 0.0556252863181848
34.20000000000003; 0.056961149632594674
34.30000000000003; 0.05831330523967207
34.40000000000003; 0.05968162787412046
34.50000000000003; 0.061065988093237177
34.60000000000003; 0.06246625240712164
34.70000000000003; 0.0638822834090688
34.80000000000003; 0.06531393990597997
34.90000000000003; 0.06676107704867487
35.00000000000003; 0.06822354646194125
35.10000000000003; 0.0697011963742091
35.20000000000003; 0.07119387174672441
35.30000000000003; 0.07270141440208634
35.400000000000034; 0.07422366315206107
35.50000000000003; 0.07576045392453423
35.60000000000003; 0.07731161988952744
35.70000000000003; 0.0788769915841594
35.80000000000003; 0.0804563970364708
35.900000000000034; 0.08204966188802891
36.00000000000003; 0.08365660951521574
36.10000000000003; 0.08527706114914309
36.20000000000003; 0.08691083599410339
36.30000000000003; 0.08855775134450217
36.400000000000034; 0.09021762270020313
36.50000000000003; 0.09189026388023222
36.60000000000003; 0.0935754871347804
36.70000000000003; 0.09527310325546512
36.80000000000003; 0.09698292168379885
36.900000000000034; 0.09870475061781644
37.00000000000003; 0.10043839711684753
37.10000000000003; 0.10218366720436899
37.20000000000003; 0.1039403659689349
37.30000000000003; 0.10570829766313986
37.400000000000034; 0.10748726580060343
37.500000000000036; 0.10927707325093904
37.60000000000003; 0.11107752233272215
37.70000000000003; 0.11288841490440484
37.80000000000003; 0.11470955245319873
37.900000000000034; 0.11654073618189467
38.000000000000036; 0.11838176709362921
38.10000000000003; 0.12023244607458909
38.20000000000003; 0.12209257397464829
38.30000000000003; 0.12396195168595209
38.400000000000034; 0.12584038021943098
38.500000000000036; 0.12772766077927866
38.60000000000004; 0.12962359483536987
38.70000000000003; 0.1315279841936628
38.80000000000003; 0.13344063106455953
38.900000000000034; 0.13536133812927081
39.000000000000036; 0.13728990860417983
39.10000000000004; 0.13922614630323008
39.20000000000003; 0.14116985569834667
39.30000000000003; 0.14312084197792374
39.400000000000034; 0.14507891110338073
39.500000000000036; 0.1470438698638209
39.60000000000004; 0.14901552592881465
39.70000000000003; 0.1509936878993141
39.80000000000003; 0.15297816535675263
39.900000000000034; 0.1549687689103236
40.000000000000036; 0.156965295390314
40.10000000000004; 0.158966514239198
40.20000000000003; 0.16097329100627022
40.30000000000003; 0.16298544281586383
40.400000000000034; 0.16500278803935767
40.500000000000036; 0.16702514633057028
40.60000000000004; 0.16905233865957686
40.70000000000004; 0.17108418734496297
40.80000000000003; 0.1731205160845735
40.900000000000034; 0.17516114998474983
41.000000000000036; 0.17720591558812446
41.10000000000004; 0.17925464089997864
41.20000000000004; 0.18130715541319017
41.30000000000003; 0.1833632901318241
41.400000000000034; 0.18542287759337844
41.500000000000036; 0.1874857518897116
41.60000000000004; 0.18955174868671074
41.70000000000004; 0.19162070524268743
41.80000000000004; 0.1936924604255668
41.900000000000034; 0.1957668547288915
42.000000000000036; 0.19784373028664837
42.10000000000004; 0.1999229308869802
42.20000000000004; 0.20200430198479305
42.30000000000004; 0.20408769071327526
42.400000000000034; 0.20617294589440321
42.500000000000036; 0.20825991804839306
42.60000000000004; 0.21034845940219624
42.70000000000004; 0.2124384238970218
42.80000000000004; 0.21452966719491823
42.900000000000034; 0.216622046684467
43.000000000000036; 0.2187154214855798
43.10000000000004; 0.22080965245345513
43.20000000000004; 0.22290460218169955
43.30000000000004; 0.2250001350046519
43.400000000000034; 0.22709611699893187
43.500000000000036; 0.2291924159842271
43.60000000000004; 0.23128890152336856
43.70000000000004; 0.23338544492169264
43.80000000000004; 0.23548191922572187
43.90000000000004; 0.23757819922118859
44.000000000000036; 0.2396741614304378
44.10000000000004; 0.24176968410919963
44.20000000000004; 0.24386464724277707
44.30000000000004; 0.24595893254167528
44.40000000000004; 0.2480524234366715
44.500000000000036; 0.25014500507335735
44.60000000000004; 0.2522365643061836
44.70000000000004; 0.2543269896920104
44.80000000000004; 0.2564161714831878
44.90000000000004; 0.2585040016201928
45.00000000000004; 0.2605903737238306
45.10000000000004; 0.26267518308702736
45.20000000000004; 0.2647583266662222
45.30000000000004; 0.266839703072388
45.40000000000004; 0.268919212561685
45.50000000000004; 0.27099675702576853
45.60000000000004; 0.27307223998177854
45.70000000000004; 0.2751455665620064
45.80000000000004; 0.27721664350325786
45.90000000000004; 0.27928537913595536
46.00000000000004; 0.2813516833729408
46.10000000000004; 0.2834154676980532
46.20000000000004; 0.28547664515444515
46.30000000000004; 0.2875351303326829
46.40000000000004; 0.2895908393586225
46.50000000000004; 0.29164368988109024
46.60000000000004; 0.29369360105937403
46.70000000000004; 0.2957404935505351
46.80000000000004; 0.29778428949655045
46.90000000000004; 0.2998249125113036
47.00000000000004; 0.30186228766743034
47.100000000000044; 0.3038963414830348
47.20000000000004; 0.30592700190827027
47.30000000000004; 0.30795419831182685
47.40000000000004; 0.3099778614672933
47.50000000000004; 0.3119979235394382
47.600000000000044; 0.3140143180704078
47.70000000000004; 0.31602697996583345
47.80000000000004; 0.318035845480888
47.90000000000004; 0.3200408522062725
48.00000000000004; 0.3220419390541542
48.100000000000044; 0.3240390462440533
48.200000000000045; 0.3260321152887083
48.30000000000004; 0.32802108897990123
48.40000000000004; 0.33000591137426033
48.50000000000004; 0.33198652777904736
48.600000000000044; 0.3339628847379415
48.700000000000045; 0.335934930016814
48.80000000000004; 0.33790261258951015
48.90000000000004; 0.3398658826236334
49.00000000000004; 0.3418246914663472
49.100000000000044; 0.3437789916302044
49.200000000000045; 0.345728736778983
49.30000000000004; 0.3476738817135711
49.40000000000004; 0.34961438235787673
49.50000000000004; 0.35155019574476787
49.600000000000044; 0.35348128000208207
49.700000000000045; 0.35540759433864827
49.80000000000004; 0.35732909903039195
49.90000000000004; 0.3592457554064806
50.00000000000004; 0.36115752583551997
50.100000000000044; 0.36306507349236167
50.200000000000045; 0.3649676668266862
50.30000000000005; 0.36686526206149306
50.40000000000004; 0.36875782412291536
50.50000000000004; 0.37064531892971153
50.600000000000044; 0.3725277133799976
50.700000000000045; 0.37440497533804484
50.80000000000005; 0.37627707362115126
50.90000000000004; 0.37814397798658445
51.00000000000004; 0.38000565911859846
51.100000000000044; 0.38186208861552706
51.200000000000045; 0.38371323897695797
51.30000000000005; 0.38555908359098656
51.40000000000005; 0.38739959672156465
51.50000000000004; 0.38923475349591247
51.600000000000044; 0.39106452989204615
51.700000000000045; 0.3928889027263761
51.80000000000005; 0.39470784964140193
51.90000000000005; 0.3965213490935089
52.00000000000004; 0.3983293803408405
52.100000000000044; 0.40013192343129017
52.200000000000045; 0.40192895919057364
52.30000000000005; 0.4037204692104066
52.40000000000005; 0.40550643583678164
52.50000000000004; 0.40728684215835054
52.600000000000044; 0.40906167199489746
52.700000000000045; 0.41083090988592186
52.80000000000005; 0.41259454107933474
52.90000000000005; 0.41435255152024003
53.00000000000004; 0.4161049278398347
53.100000000000044; 0.41785165734441193
53.200000000000045; 0.4195927280044683
53.30000000000005; 0.4213281284439207
53.40000000000005; 0.423057847929428
53.50000000000005; 0.42478187635982084
53.600000000000044; 0.4265002042556469
53.700000000000045; 0.4282128227488054
53.80000000000005; 0.4299197235723122
53.90000000000005; 0.4316208990501599
54.00000000000005; 0.4333163420872916
54.100000000000044; 0.43500604615967675
54.200000000000045; 0.43669000530450797
54.30000000000005; 0.4383682141104946
54.40000000000005; 0.44004066770826744
54.50000000000005; 0.4417073617609024
54.60000000000005; 0.44336829245453113
54.700000000000045; 0.4450234564890821
54.80000000000005; 0.4466728510691168
54.90000000000005; 0.4483164738947722
55.00000000000005; 0.44995432315282285
55.10000000000005; 0.4515863975078296
55.200000000000045; 0.4532126960934149
55.30000000000005; 0.45483321850363506
55.40000000000005; 0.45644796478445043
55.50000000000005; 0.4580569354253169
55.60000000000005; 0.4596601313508734
55.700000000000045; 0.46125755391272805
55.80000000000005; 0.4628492048813565
55.90000000000005; 0.4644350864381036
56.00000000000005; 0.4660152011672757
56.10000000000005; 0.46758955204835506
56.200000000000045; 0.4691581424482905
56.30000000000005; 0.4707209761139135
56.40000000000005; 0.4722780571644327
56.50000000000005; 0.4738293900840439
56.60000000000005; 0.4753749797146252
56.70000000000005; 0.47691483124854556
56.80000000000005; 0.4784489502215553
56.90000000000005; 0.47997734250577523
57.00000000000005; 0.4815000143027955
57.10000000000005; 0.4830169721368534
57.20000000000005; 0.4845282228481072
57.30000000000005; 0.48603377358601685
57.40000000000005; 0.48753363180280057
57.50000000000005; 0.4890278052469862
57.60000000000005; 0.49051630195707085
57.70000000000005; 0.4919991302552436
57.800000000000054; 0.49347629874121907
57.90000000000005; 0.494947816286152
58.00000000000005; 0.49641369202663216
58.10000000000005; 0.49787393535878477
58.20000000000005; 0.499328555932435
58.300000000000054; 0.5007775636453731
58.40000000000005; 0.5022209686377007
58.50000000000005; 0.5036587812862587
58.60000000000005; 0.5050910121991314
58.70000000000005; 0.5065176722102542
58.800000000000054; 0.5079387723740717
58.90000000000005; 0.5093543239603041
59.00000000000005; 0.5107643384487732
59.10000000000005; 0.5121688275243208
59.20000000000005; 0.5135678030717945
59.300000000000054; 0.5149612771711178
59.40000000000005; 0.5163492620924294
59.50000000000005; 0.5177317702913048
59.60000000000005; 0.5191088144040475
59.70000000000005; 0.5204804072430536
59.800000000000054; 0.5218465617922523
59.900000000000055; 0.5232072912026198
60.00000000000005; 0.5245626087877506
60.10000000000005; 0.5259122865812209
60.20000000000005; 0.5272565818505484
60.300000000000054; 0.5285955090464404
60.400000000000055; 0.5299290827317198
60.50000000000005; 0.5312573176004424
60.60000000000005; 0.5325802284739745
60.70000000000005; 0.5338978302971499
60.800000000000054; 0.5352101381344805
60.900000000000055; 0.5365171671664418
61.00000000000006; 0.5378189326858123
61.10000000000005; 0.5391154500940808
61.20000000000005; 0.5404067348979148
61.300000000000054; 0.54169280270569
61.400000000000055; 0.5429736692240724
61.50000000000006; 0.5442493502546771
61.60000000000005; 0.545519861690765
61.70000000000005; 0.5467852195140085
61.800000000000054; 0.548045439791313
61.900000000000055; 0.5493005386716987
62.00000000000006; 0.5505505323832196
62.10000000000005; 0.5517954372299633
62.20000000000005; 0.5530352695890837
62.300000000000054; 0.5542700459078933
62.400000000000055; 0.5554997827010155
62.50000000000006; 0.5567244965475714
62.60000000000005; 0.5579442040884371
62.70000000000005; 0.5591589220235353
62.800000000000054; 0.5603686671091824
62.900000000000055; 0.5615734561554907
63.00000000000006; 0.5627733060238015
63.10000000000006; 0.5639682336241851
63.20000000000005; 0.5651582559129739
63.300000000000054; 0.566343389890344
63.400000000000055; 0.5675236525979497
63.50000000000006; 0.5686990611165927
63.60000000000006; 0.569869632563935
63.70000000000005; 0.5710353840922686
63.800000000000054; 0.5721963328863113
63.900000000000055; 0.5733524961610504
64.00000000000006; 0.5745038911596365
64.10000000000005; 0.5756505351513032
64.20000000000006; 0.5767924454293342
64.30000000000005; 0.5779296393090758
64.40000000000006; 0.5790621341259771
64.50000000000006; 0.5801899472336732
64.60000000000005; 0.5813130960021116
64.70000000000006; 0.582431597815705
64.80000000000005; 0.5835454700715286
64.90000000000006; 0.5846547301775578
65.00000000000006; 0.58575939555092
65.10000000000005; 0.5868594836162137
65.20000000000006; 0.5879550118038309
65.30000000000005; 0.5890459975483323
65.40000000000006; 0.5901324582868546
65.50000000000006; 0.5912144114575365
65.60000000000005; 0.5922918744979961
65.70000000000006; 0.5933648648438291
65.80000000000005; 0.5944333999271344
65.90000000000006; 0.595497497175082
66.00000000000006; 0.5965571740085065
66.10000000000005; 0.5976124478405224
66.20000000000006; 0.5986633360751825
66.30000000000005; 0.5997098561061558
66.40000000000006; 0.6007520253154358
66.50000000000006; 0.6017898610720764
66.60000000000005; 0.6028233807309582
66.70000000000006; 0.6038526016315809
66.80000000000005; 0.6048775410968761
66.90000000000006; 0.605898216432059
67.00000000000006; 0.6069146449234872
67.10000000000007; 0.6079268438375705
67.20000000000006; 0.6089348304196756
67.30000000000005; 0.6099386218930842
67.40000000000006; 0.6109382354579502
67.50000000000006; 0.6119336882903023
67.60000000000007; 0.6129249975410515
67.70000000000006; 0.6139121803350329
67.80000000000005; 0.614895253770068
67.90000000000006; 0.6158742349160483
68.00000000000006; 0.6168491408140355
68.10000000000007; 0.6178199884753935
68.20000000000006; 0.6187867948809338
68.30000000000005; 0.6197495769800822
68.40000000000006; 0.6207083516900708
68.50000000000006; 0.6216631358951441
68.60000000000007; 0.6226139464457884
68.70000000000006; 0.6235608001579778
68.80000000000005; 0.6245037138124423
68.90000000000006; 0.6254427041539546
69.00000000000006; 0.6263777878906296
69.10000000000007; 0.6273089816932488
69.20000000000006; 0.6282363021945996
69.30000000000005; 0.6291597659888333
69.40000000000006; 0.6300793896308338
69.50000000000006; 0.6309951896356147
69.60000000000007; 0.6319071824777237
69.70000000000006; 0.6328153845906659
69.80000000000007; 0.6337198123663432
69.90000000000006; 0.6346204821545105
70.00000000000006; 0.6355174102622456
70.10000000000007; 0.6364106129534327
70.20000000000006; 0.6373001064482673
70.30000000000007; 0.6381859069227687
70.40000000000006; 0.6390680305083067
70.50000000000006; 0.6399464932911509
70.60000000000007; 0.6408213113120219
70.70000000000006; 0.6416925005656695
70.80000000000007; 0.6425600770004463
70.90000000000006; 0.6434240565179157
71.00000000000006; 0.6442844549724547
71.10000000000007; 0.6451412881708797
71.20000000000006; 0.6459945718720814
71.30000000000007; 0.6468443217866706
71.40000000000006; 0.6476905535766372
71.50000000000006; 0.6485332828550234
71.60000000000007; 0.6493725251856033
71.70000000000006; 0.6502082960825787
71.80000000000007; 0.6510406110102823
71.90000000000006; 0.6518694853828928
72.00000000000006; 0.6526949345641612
72.10000000000007; 0.6535169738671504
72.20000000000006; 0.654335618553977
72.30000000000007; 0.6551508838355741
72.40000000000006; 0.6559627848714498
72.50000000000006; 0.6567713367694749
72.60000000000007; 0.6575765545856571
72.70000000000006; 0.6583784533239465
72.80000000000007; 0.659177047936033
72.90000000000006; 0.6599723533211632
73.00000000000006; 0.6607643843259619
73.10000000000007; 0.6615531557442615
73.20000000000006; 0.6623386823169446
73.30000000000007; 0.663120978731788
73.40000000000006; 0.6639000596233218
73.50000000000007; 0.6646759395726904
73.60000000000007; 0.6654486331075237
73.70000000000006; 0.6662181547018201
73.80000000000007; 0.6669845187758284
73.90000000000006; 0.6677477396959463
74.00000000000007; 0.6685078317746184
74.10000000000007; 0.6692648092702443
74.20000000000006; 0.6700186863870975
74.30000000000007; 0.6707694772752426
74.40000000000006; 0.6715171960304697
74.50000000000007; 0.6722618566942224
74.60000000000007; 0.6730034732535459
74.70000000000006; 0.6737420596410328
74.80000000000007; 0.6744776297347729
74.90000000000006; 0.6752101973583188
75.00000000000007; 0.6759397762806506
75.10000000000007; 0.6766663802161441
75.20000000000006; 0.6773900228245516
75.30000000000007; 0.6781107177109816
75.40000000000006; 0.6788284784258897
75.50000000000007; 0.67954331846507
75.60000000000007; 0.680255251269654
75.70000000000006; 0.6809642902261136
75.80000000000007; 0.6816704486662724
75.90000000000006; 0.6823737398673122
76.00000000000007; 0.6830741770518015
76.10000000000007; 0.6837717733877062
76.20000000000007; 0.6844665419884282
76.30000000000007; 0.6851584959128265
76.40000000000006; 0.6858476481652629
76.50000000000007; 0.6865340116956345
76.60000000000007; 0.6872175993994214
76.70000000000007; 0.687898424117735
76.80000000000007; 0.6885764986373695
76.90000000000006; 0.6892518356908588
77.00000000000007; 0.6899244479565368
77.10000000000007; 0.6905943480585969
77.20000000000007; 0.6912615485671662
77.30000000000007; 0.6919260619983711
77.40000000000006; 0.6925879008144112
77.50000000000007; 0.6932470774236421
77.60000000000007; 0.6939036041806482
77.70000000000007; 0.6945574933863348
77.80000000000007; 0.6952087572880081
77.90000000000006; 0.6958574080794708
78.00000000000007; 0.6965034579011113
78.10000000000007; 0.6971469188400033
78.20000000000007; 0.6977878029300001
78.30000000000007; 0.6984261221518397
78.40000000000006; 0.6990618884332488
78.50000000000007; 0.6996951136490476
78.60000000000007; 0.700325809621261
78.70000000000007; 0.7009539881192287
78.80000000000007; 0.7015796608597235
78.90000000000006; 0.7022028395070611
79.00000000000007; 0.7028235356732263
79.10000000000007; 0.7034417609179894
79.20000000000007; 0.7040575267490317
79.30000000000007; 0.7046708446220687
79.40000000000006; 0.7052817259409815
79.50000000000007; 0.7058901820579431
79.60000000000007; 0.7064962242735493
79.70000000000007; 0.7070998638369562
79.80000000000007; 0.7077011119460114
79.90000000000008; 0.7082999797473901
80.00000000000007; 0.7088964783367404
80.10000000000007; 0.7094907641973149
80.20000000000007; 0.7100827037551608
80.30000000000007; 0.7106723055878336
80.40000000000008; 0.7112595803686844
80.50000000000007; 0.7118445387235677
80.60000000000007; 0.7124271912309572
80.70000000000007; 0.7130075484220697
80.80000000000007; 0.713585620780982
80.90000000000008; 0.7141614187447564
81.00000000000007; 0.7147349527035632
81.10000000000007; 0.715306233000807
81.20000000000007; 0.7158752699332548
81.30000000000007; 0.7164420737511633
81.40000000000008; 0.7170066546584087
81.50000000000007; 0.7175690228126222
81.60000000000007; 0.7181291883253158
81.70000000000007; 0.7186871612620206
81.80000000000007; 0.7192429516424204
81.90000000000008; 0.719796569440491
82.00000000000007; 0.7203480245846315
82.10000000000007; 0.7208973269578081
82.20000000000007; 0.7214444863976923
82.30000000000007; 0.7219895126967988
82.40000000000008; 0.7225324156026315
82.50000000000007; 0.7230732048178221
82.60000000000008; 0.7236118900002759
82.70000000000007; 0.7241484807633152
82.80000000000007; 0.7246829866758246
82.90000000000008; 0.7252154172623965
83.00000000000007; 0.7257457820034781
83.10000000000008; 0.7262740903355217
83.20000000000007; 0.7268003516511276
83.30000000000007; 0.7273245752991986
83.40000000000008; 0.7278467705850844
83.50000000000007; 0.7283669467707372
83.60000000000008; 0.7288851130748598
83.70000000000007; 0.7294012786730573
83.80000000000007; 0.7299154526979889
83.90000000000008; 0.7304276442395221
84.00000000000007; 0.7309378623448853
84.10000000000008; 0.7314461160188204
84.20000000000007; 0.7319524142237377
84.30000000000007; 0.732456765879873
84.40000000000008; 0.7329591798654368
84.50000000000007; 0.7334596650167752
84.60000000000008; 0.7339582301285242
84.70000000000007; 0.734454883953765
84.80000000000007; 0.7349496352041802
84.90000000000008; 0.7354424925502121
85.00000000000007; 0.7359334646212178
85.10000000000008; 0.7364225600056314
85.20000000000007; 0.7369097872511133
85.30000000000007; 0.7373951548647167
85.40000000000008; 0.7378786713130396
85.50000000000007; 0.7383603450223855
85.60000000000008; 0.738840184378924
85.70000000000007; 0.7393181977288434
85.80000000000007; 0.7397943933785156
85.90000000000008; 0.740268779594651
86.00000000000007; 0.7407413646044602
86.10000000000008; 0.7412121565958106
86.20000000000007; 0.741681163717387
86.30000000000008; 0.7421483940788502
86.40000000000008; 0.7426138557509974
86.50000000000007; 0.7430775567659187
86.60000000000008; 0.7435395051171587
86.70000000000007; 0.743999708759876
86.80000000000008; 0.7444581756110015
86.90000000000008; 0.7449149135493949
87.00000000000007; 0.7453699304160096
87.10000000000008; 0.7458232340140473
87.20000000000007; 0.7462748321091188
87.30000000000008; 0.7467247324294027
87.40000000000008; 0.7471729426658023
87.50000000000007; 0.747619470472108
87.60000000000008; 0.7480643234651536
87.70000000000007; 0.7485075092249727
87.80000000000008; 0.7489490352949615
87.90000000000008; 0.7493889091820345
88.00000000000007; 0.7498271383567809
88.10000000000008; 0.7502637302536266
88.20000000000007; 0.7506986922709871
88.30000000000008; 0.7511320317714268
88.40000000000008; 0.7515637560818192
88.50000000000007; 0.7519938724934973
88.60000000000008; 0.7524223882624167
88.70000000000007; 0.7528493106093079
88.80000000000008; 0.7532746467198355
88.90000000000008; 0.75369840374475
89.00000000000009; 0.7541205888000493
89.10000000000008; 0.7545412089671278
89.20000000000007; 0.7549602712929381
89.30000000000008; 0.7553777827901393
89.40000000000008; 0.7557937504372564
89.50000000000009; 0.7562081811788323
89.60000000000008; 0.7566210819255816
89.70000000000007; 0.7570324595545457
89.80000000000008; 0.7574423209092448
89.90000000000008; 0.7578506727998302
90.00000000000009; 0.7582575220032405
90.10000000000008; 0.7586628752633471
90.20000000000007; 0.7590667392911145
90.30000000000008; 0.7594691207647434
90.40000000000008; 0.7598700263298286
90.50000000000009; 0.760269462599506
90.60000000000008; 0.7606674361546043
90.70000000000007; 0.7610639535437944
90.80000000000008; 0.7614590212837398
90.90000000000008; 0.7618526458592438
91.00000000000009; 0.7622448337234028
91.10000000000008; 0.7626355912977483
91.20000000000007; 0.7630249249724009
91.30000000000008; 0.7634128411062147
91.40000000000008; 0.7637993460269236
91.50000000000009; 0.7641844460312909
91.60000000000008; 0.7645681473852541
91.70000000000007; 0.7649504563240704
91.80000000000008; 0.7653313790524631
91.90000000000008; 0.7657109217447646
92.00000000000009; 0.7660890905450641
92.10000000000008; 0.7664658915673485
92.20000000000007; 0.7668413308956489
92.30000000000008; 0.767215414584181
92.40000000000008; 0.7675881486574901
92.50000000000009; 0.7679595391105924
92.60000000000008; 0.7683295919091169
92.70000000000009; 0.7686983129894455
92.80000000000008; 0.769065708258856
92.90000000000008; 0.7694317835956614
93.00000000000009; 0.7697965448493496
93.10000000000008; 0.7701599978407239
93.20000000000009; 0.7705221483620401
93.30000000000008; 0.7708830021771462
93.40000000000008; 0.7712425650216206
93.50000000000009; 0.771600842602909
93.60000000000008; 0.7719578406004614
93.70000000000009; 0.7723135646658683
93.80000000000008; 0.7726680204229985
93.90000000000008; 0.773021213468131
94.00000000000009; 0.7733731493700948
94.10000000000008; 0.7737238336703989
94.20000000000009; 0.7740732718833697
94.30000000000008; 0.7744214694962813
94.40000000000008; 0.7747684319694915
94.50000000000009; 0.7751141647365739
94.60000000000008; 0.7754586732044463
94.70000000000009; 0.7758019627535082
94.80000000000008; 0.7761440387377658
94.90000000000008; 0.7764849064849669
95.00000000000009; 0.7768245712967277
95.10000000000008; 0.7771630384486656
95.20000000000009; 0.7775003131905237
95.30000000000008; 0.7778364007463044
95.40000000000009; 0.7781713063143925
95.50000000000009; 0.778505035067685
95.60000000000008; 0.7788375921537184
95.70000000000009; 0.7791689826947941
95.80000000000008; 0.7794992117881042
95.90000000000009; 0.7798282845058578
96.00000000000009; 0.7801562058954034
96.10000000000008; 0.780482980979356
96.20000000000009; 0.7808086147557207
96.30000000000008; 0.7811331121980134
96.40000000000009; 0.7814564782553851
96.50000000000009; 0.781778717852746
96.60000000000008; 0.7820998358908826
96.70000000000009; 0.7824198372465847
96.80000000000008; 0.782738726772761
96.90000000000009; 0.7830565092985612
97.00000000000009; 0.7833731896294972
97.10000000000008; 0.7836887725475585
97.20000000000009; 0.7840032628113355
97.30000000000008; 0.784316665156133
97.40000000000009; 0.7846289842940913
97.50000000000009; 0.7849402249143015
97.60000000000008; 0.785250391682921
97.70000000000009; 0.7855594892432933
97.80000000000008; 0.7858675222160592
97.90000000000009; 0.786174495199274
98.00000000000009; 0.7864804127685222
98.10000000000008; 0.7867852794770313
98.20000000000009; 0.7870890998557836
98.30000000000008; 0.7873918784136307
98.40000000000009; 0.7876936196374072
98.50000000000009; 0.7879943279920393
98.60000000000008; 0.7882940079206587
98.70000000000009; 0.7885926638447134
98.80000000000008; 0.7888903001640768
98.90000000000009; 0.7891869212571582
99.00000000000009; 0.7894825314810123
99.1000000000001; 0.7897771351714498
99.20000000000009; 0.7900707366431415
99.30000000000008; 0.7903633401897314
99.40000000000009; 0.790654950083939
99.50000000000009; 0.79094557057767
99.6000000000001; 0.7912352059021209
99.70000000000009; 0.7915238602678862
99.80000000000008; 0.7918115378650622
99.90000000000009; 0.7920982428633518
100.00000000000009; 0.7923839774698127
100.1000000000001; 0.79266867367348
100.20000000000009; 0.7929524101872357
100.30000000000008; 0.7932351911447459
100.40000000000009; 0.7935170206594387
100.50000000000009; 0.7937979028246088
100.6000000000001; 0.7940778417135189
100.70000000000009; 0.7943568413795068
100.80000000000008; 0.7946349058560873
100.90000000000009; 0.7949120391570534
101.00000000000009; 0.7951882452765822
101.1000000000001; 0.795463528189332
101.20000000000009; 0.7957378918505463
101.30000000000008; 0.7960113401961547
101.40000000000009; 0.7962838771428711
101.50000000000009; 0.796555506588295
101.6000000000001; 0.7968262324110108
101.70000000000009; 0.7970960584706849
101.8000000000001; 0.797364988608165
101.90000000000009; 0.7976330266455788
102.00000000000009; 0.7979001763864283
102.1000000000001; 0.7981664416156904
102.20000000000009; 0.7984318260999098
102.3000000000001; 0.7986963335872965
102.40000000000009; 0.7989599678078209
102.50000000000009; 0.7992227324733077
102.6000000000001; 0.7994846312775314
102.70000000000009; 0.7997456678963106
102.8000000000001; 0.8000058459875995
102.90000000000009; 0.800265169191581
103.00000000000009; 0.8005236411307625
103.1000000000001; 0.8007812654100626
103.20000000000009; 0.801038045616907
103.3000000000001; 0.8012939853213173
103.40000000000009; 0.8015490880760026
103.50000000000009; 0.8018033574164484
103.6000000000001; 0.8020567968610082
103.70000000000009; 0.8023094099109906
103.8000000000001; 0.8025612000507496
103.90000000000009; 0.8028121707477716
104.00000000000009; 0.8030623254527641
104.1000000000001; 0.8033116675997436
104.20000000000009; 0.8035602006061212
104.3000000000001; 0.8038079278727898
104.40000000000009; 0.8040548527842095
104.50000000000009; 0.8043009787084959
104.6000000000001; 0.8045463089974999
104.70000000000009; 0.8047908469868988
104.8000000000001; 0.8050345959962746
104.90000000000009; 0.8052775593292033
105.00000000000009; 0.8055197402733333
105.1000000000001; 0.8057611421004726
105.20000000000009; 0.806001768066668
105.3000000000001; 0.8062416214122896
105.40000000000009; 0.8064807053621112
105.5000000000001; 0.8067190231253927
105.6000000000001; 0.8069565778959588
105.70000000000009; 0.807193372852282
105.8000000000001; 0.8074294111575601
105.90000000000009; 0.8076646959597988
106.0000000000001; 0.8078992303918872
106.1000000000001; 0.80813301757168
106.20000000000009; 0.8083660606020736
106.3000000000001; 0.8085983625710843
106.40000000000009; 0.8088299265519272
106.5000000000001; 0.8090607556030915
106.6000000000001; 0.809290852768418
106.70000000000009; 0.8095202210771756
106.8000000000001; 0.8097488635441379
106.90000000000009; 0.8099767831696556
107.0000000000001; 0.8102039829397362
107.1000000000001; 0.8104304658261147
107.20000000000009; 0.8106562347863301
107.3000000000001; 0.810881292763798
107.40000000000009; 0.8111056426878861
107.5000000000001; 0.8113292874739839
107.6000000000001; 0.8115522300235807
107.70000000000009; 0.8117744732243312
107.8000000000001; 0.8119960199501339
107.90000000000009; 0.8122168730611984
108.0000000000001; 0.8124370354041192
108.1000000000001; 0.8126565098119437
108.2000000000001; 0.812875299104246
108.3000000000001; 0.8130934060871947
108.40000000000009; 0.8133108335536231
108.5000000000001; 0.813527584283099
108.6000000000001; 0.8137436610419935
108.7000000000001; 0.8139590665835483
108.8000000000001; 0.8141738036479467
108.90000000000009; 0.8143878749623791
109.0000000000001; 0.8146012832411105
109.1000000000001; 0.8148140311855493
109.2000000000001; 0.8150261214843135
109.3000000000001; 0.8152375568132957
109.40000000000009; 0.8154483398357306
109.5000000000001; 0.8156584732022608
109.6000000000001; 0.8158679595510017
109.7000000000001; 0.8160768015076062
109.8000000000001; 0.8162850016853298
109.90000000000009; 0.8164925626850951
110.0000000000001; 0.8166994870955553
110.1000000000001; 0.8169057774931578
110.2000000000001; 0.8171114364422081
110.3000000000001; 0.8173164664949325
110.40000000000009; 0.8175208701915397
110.5000000000001; 0.8177246500602854
110.6000000000001; 0.817927808617532
110.7000000000001; 0.8181303483678104
110.8000000000001; 0.8183322718038829
110.90000000000009; 0.8185335814068027
111.0000000000001; 0.8187342796459746
111.1000000000001; 0.8189343689792162
111.2000000000001; 0.8191338518528175
111.3000000000001; 0.8193327307015993
111.40000000000009; 0.8195310079489744
111.5000000000001; 0.8197286860070052
111.6000000000001; 0.819925767276463
111.7000000000001; 0.8201222541468872
111.8000000000001; 0.8203181489966412
111.9000000000001; 0.8205134541929717
112.0000000000001; 0.8207081720920659
112.1000000000001; 0.8209023050391093
112.2000000000001; 0.8210958553683398
112.3000000000001; 0.821288825403108
112.4000000000001; 0.8214812174559303
112.5000000000001; 0.8216730338285466
112.6000000000001; 0.8218642768119752
112.7000000000001; 0.8220549486865674
112.8000000000001; 0.8222450517220643
112.9000000000001; 0.8224345881776497
113.0000000000001; 0.8226235603020053
113.1000000000001; 0.8228119703333646
113.2000000000001; 0.8229998204995677
113.3000000000001; 0.8231871130181125
113.4000000000001; 0.8233738500962101
113.5000000000001; 0.8235600339308374
113.6000000000001; 0.8237456667087879
113.7000000000001; 0.8239307506067272
113.8000000000001; 0.8241152877912419
113.9000000000001; 0.8242992804188932
114.0000000000001; 0.8244827306362691
114.1000000000001; 0.8246656405800331
114.2000000000001; 0.8248480123769774
114.3000000000001; 0.8250298481440722
114.4000000000001; 0.8252111499885177
114.5000000000001; 0.8253919200077929
114.60000000000011; 0.8255721602897054
114.7000000000001; 0.825751872912441
114.8000000000001; 0.8259310599446147
114.9000000000001; 0.8261097234453176
115.0000000000001; 0.8262878654641669
115.10000000000011; 0.8264654880413536
115.2000000000001; 0.8266425932076914
115.3000000000001; 0.8268191829846646
115.4000000000001; 0.8269952593844758
115.5000000000001; 0.8271708244100933
115.60000000000011; 0.827345880055298
115.7000000000001; 0.8275204283047313
115.8000000000001; 0.8276944711339401
115.9000000000001; 0.8278680105094263
116.0000000000001; 0.8280410483886884
116.10000000000011; 0.8282135867202723
116.2000000000001; 0.828385627443814
116.3000000000001; 0.8285571724900854
116.4000000000001; 0.8287282237810402
116.5000000000001; 0.828898783229859
116.60000000000011; 0.8290688527409934
116.7000000000001; 0.8292384342102097
116.8000000000001; 0.8294075295246359
116.9000000000001; 0.8295761405628024
117.0000000000001; 0.8297442691946881
117.10000000000011; 0.829911917281762
117.2000000000001; 0.8300790866770283
117.3000000000001; 0.8302457792250691
117.4000000000001; 0.8304119967620855
117.5000000000001; 0.8305777411159424
117.60000000000011; 0.8307430141062091
117.7000000000001; 0.8309078175442032
117.8000000000001; 0.8310721532330303
117.9000000000001; 0.8312360229676273
118.0000000000001; 0.8313994285348039
118.10000000000011; 0.8315623717132821
118.2000000000001; 0.8317248542737392
118.30000000000011; 0.8318868779788476
118.4000000000001; 0.8320484445833144
118.5000000000001; 0.8322095558339241
118.60000000000011; 0.8323702134695768
118.7000000000001; 0.8325304192213283
118.80000000000011; 0.8326901748124299
118.9000000000001; 0.8328494819583687
119.0000000000001; 0.8330083423669059
119.10000000000011; 0.8331667577381154
119.2000000000001; 0.8333247297644245
119.30000000000011; 0.8334822601306497
119.4000000000001; 0.833639350514038
119.5000000000001; 0.8337960025843028
119.60000000000011; 0.8339522180036634
119.7000000000001; 0.8341079984268821
119.80000000000011; 0.8342633455013013
119.9000000000001; 0.8344182608668815
120.0000000000001; 0.834572746156239
120.10000000000011; 0.8347268029946816
120.2000000000001; 0.8348804330002456
120.30000000000011; 0.8350336377837337
120.4000000000001; 0.8351864189487492
120.5000000000001; 0.8353387780917343
120.60000000000011; 0.8354907168020044
120.7000000000001; 0.8356422366617843
120.80000000000011; 0.8357933392462452
120.9000000000001; 0.8359440261235372
121.00000000000011; 0.8360942988548282
121.10000000000011; 0.8362441589943346
121.2000000000001; 0.8363936080893603
121.30000000000011; 0.8365426476803282
121.4000000000001; 0.8366912793008161
121.50000000000011; 0.8368395044775909
121.60000000000011; 0.8369873247306427
121.7000000000001; 0.8371347415732177
121.80000000000011; 0.837281756511853
121.9000000000001; 0.8374283710464099
122.00000000000011; 0.8375745866701063
122.10000000000011; 0.8377204048695516
122.2000000000001; 0.8378658271247779
122.30000000000011; 0.8380108549092741
122.4000000000001; 0.8381554896900173
122.50000000000011; 0.8382997329275068
122.60000000000011; 0.838443586075795
122.7000000000001; 0.8385870505825197
122.80000000000011; 0.8387301278889365
122.9000000000001; 0.8388728194299508
123.00000000000011; 0.8390151266341485
123.10000000000011; 0.839157050923828
123.2000000000001; 0.8392985937150302
123.30000000000011; 0.8394397564175721
123.4000000000001; 0.839580540435076
123.50000000000011; 0.8397209471649991
123.60000000000011; 0.8398609779986668
123.7000000000001; 0.8400006343213012
123.80000000000011; 0.8401399175120521
123.9000000000001; 0.8402788289440261
124.00000000000011; 0.8404173699843176
124.10000000000011; 0.8405555419940388
124.2000000000001; 0.8406933463283476
124.30000000000011; 0.8408307843364788
124.4000000000001; 0.8409678573617728
124.50000000000011; 0.8411045667417036
124.60000000000011; 0.8412409138079098
124.70000000000012; 0.8413768998862219
124.80000000000011; 0.8415125262966915
124.9000000000001; 0.841647794353619
125.00000000000011; 0.8417827053655841
125.10000000000011; 0.841917260635471
125.20000000000012; 0.842051461460499
125.30000000000011; 0.8421853091322485
125.4000000000001; 0.8423188049366908
125.50000000000011; 0.8424519501542126
125.60000000000011; 0.8425847460596471
125.70000000000012; 0.8427171939222985
125.80000000000011; 0.8428492950059708
125.9000000000001; 0.8429810505689934
126.00000000000011; 0.843112461864249
126.10000000000011; 0.8432435301392003
126.20000000000012; 0.8433742566359161
126.30000000000011; 0.8435046425910979
126.4000000000001; 0.843634689236106
126.50000000000011; 0.843764397796986
126.60000000000011; 0.8438937694944947
126.70000000000012; 0.8440228055441262
126.80000000000011; 0.8441515071561363
126.9000000000001; 0.8442798755355709
127.00000000000011; 0.8444079118822879
127.10000000000011; 0.8445356173909849
127.20000000000012; 0.8446629932512246
127.30000000000011; 0.8447900406474581
127.40000000000012; 0.8449167607590508
127.50000000000011; 0.8450431547603077
127.60000000000011; 0.8451692238204968
127.70000000000012; 0.8452949691038747
127.80000000000011; 0.8454203917697104
127.90000000000012; 0.8455454929723102
128.0000000000001; 0.8456702738610407
128.1000000000001; 0.8457947355803539
128.2000000000001; 0.8459188792698106
128.30000000000013; 0.8460427060641036
128.40000000000012; 0.846166217093083
128.5000000000001; 0.8462894134817778
128.6000000000001; 0.8464122963504199
128.7000000000001; 0.8465348668144682
128.80000000000013; 0.8466571259846306
128.90000000000012; 0.8467790749668873
129.0000000000001; 0.8469007148625141
129.1000000000001; 0.8470220467681047
129.2000000000001; 0.8471430717755932
129.30000000000013; 0.8472637909722773
129.40000000000012; 0.8473842054408406
129.5000000000001; 0.8475043162593733
129.6000000000001; 0.8476241245013968
129.7000000000001; 0.8477436312358843
129.80000000000013; 0.8478628375272825
129.90000000000012; 0.8479817444355342
130.0000000000001; 0.8481003530160995
130.1000000000001; 0.8482186643199783
130.2000000000001; 0.8483366793937298
130.30000000000013; 0.8484543992794956
130.40000000000012; 0.8485718250150207
130.5000000000001; 0.8486889576336737
130.6000000000001; 0.8488057981644688
130.7000000000001; 0.8489223476320861
130.80000000000013; 0.849038607056893
130.90000000000012; 0.8491545774549639
131.0000000000001; 0.8492702598381017
131.1000000000001; 0.8493856552138578
131.2000000000001; 0.8495007645855525
131.30000000000013; 0.8496155889522956
131.40000000000012; 0.849730129309006
131.5000000000001; 0.849844386646432
131.6000000000001; 0.8499583619511714
131.7000000000001; 0.8500720562056904
131.80000000000013; 0.8501854703883455
131.90000000000012; 0.8502986054734002
132.0000000000001; 0.8504114624310467
132.1000000000001; 0.8505240422274245
132.2000000000001; 0.8506363458246395
132.30000000000013; 0.8507483741807841
132.40000000000012; 0.8508601282499553
132.5000000000001; 0.8509716089822742
132.6000000000001; 0.8510828173239045
132.70000000000013; 0.8511937542170721
132.80000000000013; 0.8513044206000833
132.90000000000012; 0.851414817407343
133.0000000000001; 0.851524945569374
133.1000000000001; 0.8516348060128349
133.20000000000013; 0.8517443996605388
133.30000000000013; 0.8518537274314713
133.40000000000012; 0.8519627902408082
133.5000000000001; 0.8520715889999343
133.6000000000001; 0.8521801246164611
133.70000000000013; 0.8522883979942444
133.80000000000013; 0.852396410033402
133.90000000000012; 0.8525041616303322
134.0000000000001; 0.8526116536777297
134.1000000000001; 0.8527188870646051
134.20000000000013; 0.8528258626763008
134.30000000000013; 0.8529325813945083
134.40000000000012; 0.8530390440972869
134.5000000000001; 0.8531452516590792
134.6000000000001; 0.8532512049507288
134.70000000000013; 0.8533569048394969
134.80000000000013; 0.8534623521890796
134.90000000000012; 0.8535675478596249
135.0000000000001; 0.8536724927077479
135.1000000000001; 0.8537771875865492
135.20000000000013; 0.8538816333456305
135.30000000000013; 0.8539858308311108
135.40000000000012; 0.8540897808856434
135.5000000000001; 0.8541934843484316
135.6000000000001; 0.8542969420552446
135.70000000000013; 0.8544001548384356
135.80000000000013; 0.8545031235269539
135.90000000000012; 0.854605848946365
136.0000000000001; 0.8547083319188641
136.1000000000001; 0.8548105732632916
136.20000000000013; 0.85491257379515
136.30000000000013; 0.8550143343266191
136.40000000000012; 0.8551158556665709
136.5000000000001; 0.8552171386205857
136.6000000000001; 0.8553181839909675
136.70000000000013; 0.855418992576758
136.80000000000013; 0.8555195651737544
136.90000000000012; 0.8556199025745209
137.0000000000001; 0.8557200055684071
137.1000000000001; 0.855819874941561
137.20000000000013; 0.8559195114769447
137.30000000000013; 0.8560189159543482
137.40000000000012; 0.8561180891504057
137.5000000000001; 0.8562170318386086
137.6000000000001; 0.8563157447893216
137.70000000000013; 0.8564142287697958
137.80000000000013; 0.8565124845441839
137.90000000000012; 0.8566105128735547
138.0000000000001; 0.8567083145159066
138.1000000000001; 0.8568058902261825
138.20000000000013; 0.8569032407562837
138.30000000000013; 0.8570003668550839
138.40000000000012; 0.8570972692684431
138.5000000000001; 0.857193948739222
138.60000000000014; 0.8572904060072951
138.70000000000013; 0.8573866418095646
138.80000000000013; 0.8574826568799752
138.90000000000012; 0.8575784519495259
139.0000000000001; 0.8576740277462849
139.10000000000014; 0.8577693849954028
139.20000000000013; 0.857864524419126
139.30000000000013; 0.8579594467368096
139.40000000000012; 0.8580541526649311
139.5000000000001; 0.858148642917104
139.60000000000014; 0.8582429182040898
139.70000000000013; 0.8583369792338124
139.80000000000013; 0.85843082671137
139.90000000000012; 0.8585244613390491
140.0000000000001; 0.8586178838163362
140.10000000000014; 0.8587110948399317
140.20000000000013; 0.8588040951037618
140.30000000000013; 0.858896885298992
140.40000000000012; 0.8589894661140386
140.5000000000001; 0.8590818382345831
140.60000000000014; 0.8591740023435822
140.70000000000013; 0.8592659591212821
140.80000000000013; 0.8593577092452308
140.90000000000012; 0.8594492533902892
141.0000000000001; 0.8595405922286447
141.10000000000014; 0.8596317264298219
141.20000000000013; 0.8597226566606961
141.30000000000013; 0.8598133835855052
141.40000000000012; 0.8599039078658604
141.5000000000001; 0.8599942301607599
141.60000000000014; 0.8600843511265991
141.70000000000013; 0.8601742714171838
141.80000000000013; 0.8602639916837411
141.90000000000012; 0.8603535125749315
142.0000000000001; 0.8604428347368602
142.10000000000014; 0.8605319588130893
142.20000000000013; 0.8606208854446483
142.30000000000013; 0.8607096152700467
142.40000000000012; 0.8607981489252842
142.5000000000001; 0.8608864870438636
142.60000000000014; 0.8609746302568001
142.70000000000013; 0.8610625791926343
142.80000000000013; 0.8611503344774428
142.90000000000012; 0.8612378967348489
143.0000000000001; 0.8613252665860335
143.10000000000014; 0.8614124446497474
143.20000000000013; 0.8614994315423211
143.30000000000013; 0.8615862278776757
143.40000000000012; 0.8616728342673343
143.5000000000001; 0.861759251320433
143.60000000000014; 0.8618454796437299
143.70000000000013; 0.8619315198416183
143.80000000000013; 0.8620173725161354
143.90000000000012; 0.8621030382669737
144.0000000000001; 0.8621885176914912
144.10000000000014; 0.8622738113847224
144.20000000000013; 0.862358919939388
144.30000000000013; 0.8624438439459056
144.40000000000012; 0.8625285839924
144.5000000000001; 0.8626131406647136
144.60000000000014; 0.8626975145464163
144.70000000000013; 0.8627817062188158
144.80000000000013; 0.8628657162609678
144.90000000000012; 0.8629495452496861
145.0000000000001; 0.8630331937595523
145.10000000000014; 0.8631166623629258
145.20000000000013; 0.863199951629954
145.30000000000013; 0.8632830621285822
145.40000000000012; 0.8633659944245626
145.50000000000014; 0.8634487490814655
145.60000000000014; 0.8635313266606871
145.70000000000013; 0.8636137277214613
145.80000000000013; 0.8636959528208674
145.90000000000012; 0.8637780025138411
146.00000000000014; 0.8638598773531828
146.10000000000014; 0.8639415778895682
146.20000000000013; 0.8640231046715569
146.30000000000013; 0.8641044582456023
146.40000000000012; 0.8641856391560607
146.50000000000014; 0.8642666479452004
146.60000000000014; 0.8643474851532111
146.70000000000013; 0.8644281513182136
146.80000000000013; 0.8645086469762678
146.90000000000012; 0.8645889726613831
147.00000000000014; 0.8646691289055265
147.10000000000014; 0.8647491162386316
147.20000000000013; 0.8648289351886087
147.30000000000013; 0.8649085862813523
147.40000000000012; 0.864988070040751
147.50000000000014; 0.8650673869886956
147.60000000000014; 0.8651465376450883
147.70000000000013; 0.8652255225278519
147.80000000000013; 0.865304342152937
147.90000000000012; 0.8653829970343327
148.00000000000014; 0.8654614876840735
148.10000000000014; 0.8655398146122486
148.20000000000013; 0.8656179783270108
148.30000000000013; 0.8656959793345841
148.40000000000012; 0.865773818139273
148.50000000000014; 0.8658514952434702
148.60000000000014; 0.8659290111476652
148.70000000000013; 0.8660063663504535
148.80000000000013; 0.8660835613485435
148.90000000000012; 0.866160596636765
149.00000000000014; 0.8662374727080789
149.10000000000014; 0.8663141900535832
149.20000000000013; 0.8663907491625226
149.30000000000013; 0.8664671505222964
149.40000000000012; 0.8665433946184654
149.50000000000014; 0.8666194819347618
149.60000000000014; 0.8666954129530958
149.70000000000013; 0.8667711881535636
149.80000000000013; 0.866846808014456
149.90000000000012; 0.8669222730122658
150.00000000000014; 0.8669975836216953
150.10000000000014; 0.8670727400025356
150.20000000000013; 0.867147742922875
150.30000000000013; 0.8672225928511574
150.40000000000012; 0.8672972902496644
150.50000000000014; 0.867371835578955
150.60000000000014; 0.8674462292978744
150.70000000000013; 0.8675204718635604
150.80000000000013; 0.8675945637314508
150.90000000000012; 0.8676685053552917
151.00000000000014; 0.8677422971871435
151.10000000000014; 0.8678159396773887
151.20000000000013; 0.867889433274739
151.30000000000013; 0.8679627784262431
151.40000000000015; 0.8680359755772927
151.50000000000014; 0.8681090251716309
151.60000000000014; 0.8681819276513579
151.70000000000013; 0.8682546834569389
151.80000000000013; 0.8683272930272109
151.90000000000015; 0.8683997567993902
152.00000000000014; 0.8684720752090781
152.10000000000014; 0.8685442486902687
152.20000000000013; 0.8686162776753561
152.30000000000013; 0.8686881625951403
152.40000000000015; 0.868759903878834
152.50000000000014; 0.8688315019540707
152.60000000000014; 0.8689029572469098
152.70000000000013; 0.8689742701818449
152.80000000000013; 0.8690454411818085
152.90000000000015; 0.8691164706681807
153.00000000000014; 0.8691873590607944
153.10000000000014; 0.8692581067779422
153.20000000000013; 0.8693287142363838
153.30000000000013; 0.869399181851351
153.40000000000015; 0.8694695100365556
153.50000000000014; 0.8695396992041949
153.60000000000014; 0.8696097497649585
153.70000000000013; 0.8696796621280354
153.80000000000013; 0.8697494367011179
153.90000000000015; 0.8698190738904119
154.00000000000014; 0.869888574100639
154.10000000000014; 0.8699579377350461
154.20000000000013; 0.8700271651954095
154.30000000000013; 0.8700962568820423
154.40000000000015; 0.8701652131937998
154.50000000000014; 0.8702340345280868
154.60000000000014; 0.870302721280862
154.70000000000013; 0.8703712738466454
154.80000000000013; 0.8704396926185245
154.90000000000015; 0.8705079779881593
155.00000000000014; 0.8705761303457892
155.10000000000014; 0.8706441500802383
155.20000000000013; 0.8707120375789222
155.30000000000013; 0.870779793227853
155.40000000000015; 0.8708474174116458
155.50000000000014; 0.8709149105135244
155.60000000000014; 0.8709822729153274
155.70000000000013; 0.8710495049975132
155.80000000000013; 0.8711166071391668
155.90000000000015; 0.8711835797180049
156.00000000000014; 0.8712504231103819
156.10000000000014; 0.8713171376912957
156.20000000000013; 0.871383723834393
156.30000000000013; 0.871450181911975
156.40000000000015; 0.8715165122950039
156.50000000000014; 0.8715827153531069
156.60000000000014; 0.8716487914545836
156.70000000000013; 0.8717147409664098
156.80000000000013; 0.8717805642542443
156.90000000000015; 0.871846261682434
157.00000000000014; 0.8719118336140188
157.10000000000014; 0.8719772804107381
157.20000000000013; 0.8720426024330354
157.30000000000013; 0.8721078000400642
157.40000000000015; 0.8721728735896928
157.50000000000014; 0.8722378234385101
157.60000000000014; 0.8723026499418308
157.70000000000013; 0.8723673534537008
157.80000000000013; 0.8724319343269021
157.90000000000015; 0.8724963929129586
158.00000000000014; 0.8725607295621408
158.10000000000014; 0.8726249446234714
158.20000000000013; 0.8726890384447298
158.30000000000015; 0.8727530113724582
158.40000000000015; 0.8728168637519664
158.50000000000014; 0.8728805959273362
158.60000000000014; 0.8729442082414273
158.70000000000013; 0.873007701035882
158.80000000000015; 0.8730710746511304
158.90000000000015; 0.8731343294263955
159.00000000000014; 0.8731974656996973
159.10000000000014; 0.8732604838078591
159.20000000000013; 0.8733233840865116
159.30000000000015; 0.8733861668700981
159.40000000000015; 0.8734488324918787
159.50000000000014; 0.8735113812839365
159.60000000000014; 0.8735738135771816
159.70000000000013; 0.8736361297013552
159.80000000000015; 0.873698329985036
159.90000000000015; 0.8737604147556445
160.00000000000014; 0.8738223843394465
