energy (keV); transmission
1.0; 0.0
1.1; 0.0
1.2000000000000002; 0.0
1.3000000000000003; 0.0
1.4000000000000004; 0.0
1.5000000000000004; 0.0
1.6000000000000005; 0.0
1.7000000000000006; 0.0
1.8000000000000007; 0.0
1.9000000000000008; 0.0
2.000000000000001; 0.0
2.100000000000001; 0.0
2.200000000000001; 0.0
2.300000000000001; 0.0
2.4000000000000012; 0.0
2.5000000000000013; 0.0
2.6000000000000014; 1.530966677541281e-303
2.7000000000000015; 2.0881521679498203e-274
2.8000000000000016; 5.615492676990073e-249
2.9000000000000017; 1.1118670219865421e-226
3.0000000000000018; 4.7784550187399567e-207
3.100000000000002; 2.095528158739834e-189
3.200000000000002; 9.091953256088233e-174
3.300000000000002; 7.460592483950344e-160
3.400000000000002; 1.9880981869881223e-147
3.500000000000002; 2.708075707372606e-136
3.6000000000000023; 2.7645763785602557e-126
3.7000000000000024; 2.9256986638169338e-117
3.8000000000000025; 4.2312623796183967e-109
3.9000000000000026; 1.0593148719112215e-101
4.000000000000003; 5.624880519101794e-95
4.100000000000003; 8.752844186228526e-89
4.200000000000003; 3.9136035980265345e-83
4.3000000000000025; 5.751966344712016e-78
4.400000000000003; 3.1250215859121616e-73
4.5000000000000036; 6.955383257382213e-69
4.600000000000003; 6.940816624760853e-65
4.700000000000003; 3.3622435850280385e-61
4.800000000000003; 8.48093974072104e-58
4.900000000000004; 1.1852899362142216e-54
5.0000000000000036; 0.0
5.100000000000003; 0.0
5.200000000000004; 0.0
5.300000000000004; 0.0
5.400000000000004; 1.35989638075234e-310
5.5000000000000036; 3.052585395408094e-307
5.600000000000004; 1.1042985352821119e-291
5.700000000000005; 1.5384109221835427e-276
5.800000000000004; 4.202351604876177e-262
5.900000000000004; 1.4018738175647683e-248
6.000000000000004; 4.180638189140846e-236
6.100000000000005; 9.98367557709137e-225
6.200000000000005; 2.4555515615187216e-214
6.300000000000004; 8.307613947178393e-205
6.400000000000005; 4.944497013401271e-196
6.500000000000005; 6.38768781745495e-188
6.600000000000005; 2.1448687497949393e-180
6.700000000000005; 2.1860615377110715e-173
6.800000000000005; 7.732628926051274e-167
6.900000000000006; 1.0661897438855053e-160
7.000000000000005; 6.339123193435535e-155
7.100000000000005; 1.7747080497558536e-149
7.2000000000000055; 2.062089234811716e-144
7.300000000000006; 1.607237681511945e-139
7.400000000000006; 7.226318403758873e-135
7.500000000000005; 1.9741255953166004e-130
7.600000000000006; 3.430103590600364e-126
7.700000000000006; 3.9464996963433633e-122
7.800000000000006; 3.1154897732136912e-118
7.900000000000006; 1.7413283452098765e-114
8.000000000000007; 7.08465384497206e-111
8.100000000000007; 2.1456846451799995e-107
8.200000000000006; 4.8843647179071495e-104
8.300000000000006; 8.420571449579212e-101
8.400000000000006; 1.1080568126633117e-97
8.500000000000007; 1.1218429630735743e-94
8.600000000000007; 8.809539064255575e-92
8.700000000000006; 5.409308247746167e-89
8.800000000000008; 2.6182332767116755e-86
8.900000000000007; 1.0070255159924306e-83
9.000000000000007; 3.102328056889624e-81
9.100000000000007; 7.715240701892899e-79
9.200000000000006; 1.560863124012052e-76
9.300000000000008; 2.5882378375795794e-74
9.400000000000007; 3.5437470972760255e-72
9.500000000000007; 4.035107219108621e-70
9.600000000000009; 3.847790317874694e-68
9.700000000000008; 3.093672923618444e-66
9.800000000000008; 2.111044495363265e-64
9.900000000000007; 1.2303908111145966e-62
10.000000000000007; 6.1628707952499055e-61
10.100000000000009; 2.6689586692543346e-59
10.200000000000008; 1.0061623256698251e-57
10.300000000000008; 3.323429295715211e-56
10.40000000000001; 9.677446809662873e-55
10.500000000000009; 2.498645458092226e-53
10.600000000000009; 5.751633833316888e-52
10.700000000000008; 1.186486321416266e-50
10.800000000000008; 2.2041377496651602e-49
10.90000000000001; 3.704452954554686e-48
11.000000000000009; 5.657391463588966e-47
11.100000000000009; 7.883370834889294e-46
11.20000000000001; 1.0062679898061118e-44
11.30000000000001; 1.18095996065568e-43
11.40000000000001; 1.2788134580748374e-42
11.500000000000009; 1.2819831468133137e-41
11.600000000000009; 1.1935474446079077e-40
11.70000000000001; 1.035116929462839e-39
11.80000000000001; 8.38641970335589e-39
11.90000000000001; 6.364805443060817e-38
12.00000000000001; 4.536712582957985e-37
12.10000000000001; 3.04450622065303e-36
12.20000000000001; 1.9281132061343333e-35
12.30000000000001; 1.1549427660819004e-34
12.40000000000001; 6.557332143007247e-34
12.50000000000001; 3.5360307781717484e-33
12.60000000000001; 1.8145526617462555e-32
12.70000000000001; 8.877522295047387e-32
12.800000000000011; 4.148108304304636e-31
12.900000000000011; 1.8542890594678978e-30
13.00000000000001; 7.942806997022244e-30
13.10000000000001; 3.265194055278854e-29
13.20000000000001; 1.2900965092621023e-28
13.300000000000011; 4.905977507474504e-28
13.400000000000011; 1.7980615333576963e-27
13.50000000000001; 6.359450523913783e-27
13.600000000000012; 2.1732378170595358e-26
13.700000000000012; 7.184250546609695e-26
13.800000000000011; 2.3000361761130794e-25
13.900000000000011; 7.139023640051007e-25
14.00000000000001; 2.150534692860563e-24
14.100000000000012; 6.293490520702139e-24
14.200000000000012; 1.7909794742852902e-23
14.300000000000011; 4.960702221059509e-23
14.400000000000013; 1.3385447013447656e-22
14.500000000000012; 3.521504063409049e-22
14.600000000000012; 9.040303475418961e-22
14.700000000000012; 2.266404339541209e-21
14.800000000000011; 5.552878962039215e-21
14.900000000000013; 1.3305760892324593e-20
15.000000000000012; 3.120356043104164e-20
15.100000000000012; 7.166443193477178e-20
15.200000000000014; 1.6129058294065006e-19
15.300000000000013; 3.559448865498272e-19
15.400000000000013; 7.70687334359417e-19
15.500000000000012; 1.6380978904488897e-18
15.600000000000012; 3.419822634106402e-18
15.700000000000014; 7.016122766919145e-18
15.800000000000013; 1.4152741020002715e-17
15.900000000000013; 2.8083168296459357e-17
16.000000000000014; 5.484271533949314e-17
16.100000000000016; 1.0545259800787765e-16
16.200000000000014; 1.9973427887618243e-16
16.30000000000001; 3.7281209117668263e-16
16.400000000000013; 6.860382475247143e-16
16.500000000000014; 1.2450895260018005e-15
16.600000000000016; 2.2295333966000067e-15
16.700000000000014; 3.940490448877347e-15
16.800000000000015; 6.8764758921478734e-15
16.900000000000013; 1.1852563265439064e-14
17.000000000000014; 2.0185328170214372e-14
17.100000000000016; 3.39764709194394e-14
17.200000000000014; 5.6542739141079616e-14
17.300000000000015; 9.30602832216189e-14
17.400000000000013; 1.5151982459576376e-13
17.500000000000014; 2.4412747623749536e-13
17.600000000000016; 3.8933783990864705e-13
17.700000000000014; 6.147749807650765e-13
17.800000000000015; 9.61387784929419e-13
17.900000000000016; 1.4893047764203847e-12
18.000000000000014; 2.2860065667932943e-12
18.100000000000016; 3.4776298369076832e-12
18.200000000000017; 5.2444645571278055e-12
18.300000000000015; 7.842016926988764e-12
18.400000000000016; 1.1629396638462616e-11
18.500000000000014; 1.7107262434330454e-11
18.600000000000016; 2.4968139931958344e-11
18.700000000000017; 3.616262711395941e-11
18.800000000000015; 5.198584382546744e-11
18.900000000000016; 7.418948120344436e-11
19.000000000000014; 1.0512598512012631e-10
19.100000000000016; 1.4793278479821686e-10
19.200000000000017; 2.0676607408552352e-10
19.300000000000015; 2.8709548827093913e-10
19.400000000000016; 3.960731124871497e-10
19.500000000000018; 5.429926256285019e-10
19.600000000000016; 7.39857040821901e-10
19.700000000000017; 1.002076461153815e-09
19.80000000000002; 1.3493205349821356e-09
19.900000000000016; 1.8065538714807844e-09
20.000000000000018; 2.4052865614188166e-09
20.100000000000016; 3.1849842456288517e-09
20.200000000000017; 4.19508861005709e-09
20.30000000000002; 5.496961267696307e-09
20.400000000000016; 7.16645981582382e-09
20.500000000000018; 9.296905272665448e-09
20.600000000000016; 1.2002556029322945e-08
20.700000000000017; 1.5422655282951976e-08
20.80000000000002; 1.972612445606026e-08
20.900000000000016; 2.5116980668302268e-08
21.000000000000018; 3.18405618030297e-08
21.10000000000002; 4.0190648021712054e-08
21.200000000000017; 5.051757364048316e-08
21.30000000000002; 6.323742800581385e-08
21.40000000000002; 7.884244829904338e-08
21.500000000000018; 9.791271096900337e-08
21.60000000000002; 1.2112923164492283e-07
21.700000000000017; 1.4928858582607228e-07
21.80000000000002; 1.8331916429108993e-07
21.90000000000002; 2.2429917793408588e-07
22.000000000000018; 2.7347652653674057e-07
22.10000000000002; 3.3229064475627477e-07
22.200000000000017; 4.023964362825381e-07
22.30000000000002; 4.856904036455078e-07
22.40000000000002; 5.843390764914404e-07
22.500000000000018; 7.008098352663844e-07
22.60000000000002; 8.37904220132966e-07
22.70000000000002; 9.987938065973667e-07
22.80000000000002; 1.1870587197515746e-06
22.90000000000002; 1.4067288482693262e-06
23.00000000000002; 1.6623278073691356e-06
23.10000000000002; 1.9589196869363107e-06
23.20000000000002; 2.3021586069416797e-06
23.30000000000002; 2.6983410872901737e-06
23.40000000000002; 3.154461223381555e-06
23.50000000000002; 3.6782686420543837e-06
23.60000000000002; 4.2783291953538475e-06
23.70000000000002; 4.9640883318187714e-06
23.80000000000002; 5.745937066865681e-06
23.90000000000002; 6.635280455497049e-06
24.00000000000002; 7.644608452114693e-06
24.10000000000002; 8.787569023821184e-06
24.20000000000002; 1.0079043365413209e-05
24.300000000000022; 1.1535223046404868e-05
24.40000000000002; 1.3173688903086113e-05
24.50000000000002; 1.5013491471879829e-05
24.600000000000023; 1.7075232744320292e-05
24.70000000000002; 1.9381149008913904e-05
24.800000000000022; 2.195519453110255e-05
24.90000000000002; 2.4823125809665734e-05
25.00000000000002; 2.8012586136213484e-05
25.100000000000023; 3.1553190174090906e-05
25.20000000000002; 3.54766082641107e-05
25.300000000000022; 3.981665015705841e-05
25.40000000000002; 4.460934786705628e-05
25.50000000000002; 4.989303733548281e-05
25.600000000000023; 5.5708438592524166e-05
25.70000000000002; 6.209873410227836e-05
25.800000000000022; 6.910964497797407e-05
25.900000000000023; 7.678950475599305e-05
26.00000000000002; 8.518933042125392e-05
26.100000000000023; 9.43628903818457e-05
26.200000000000024; 0.00010436676909782916
26.300000000000022; 0.00011526042807745936
26.400000000000023; 0.00012710626296390598
26.50000000000002; 0.00013996965644697207
26.600000000000023; 0.00015391902674645482
26.700000000000024; 0.00016902587142781449
26.800000000000022; 0.00018536480632536296
26.900000000000023; 0.00020301359936412107
27.00000000000002; 0.0002220531990880586
27.100000000000023; 0.00024256775772003703
27.200000000000024; 0.0002646446485969315
27.300000000000022; 0.00028837447784201746
27.400000000000023; 0.00031385109015632904
27.500000000000025; 0.0003411715686297683
27.600000000000023; 0.000370436228493138
27.700000000000024; 0.00040174860475190416
27.800000000000026; 0.0004352154336626122
27.900000000000023; 0.00047094662803328654
28.000000000000025; 0.0005090552463481753
28.100000000000023; 0.0005496574557376918
28.200000000000024; 0.0005928724888330466
28.300000000000026; 0.0006388225945641817
28.400000000000023; 0.0006876329829779635
28.500000000000025; 0.0007394317641711203
28.600000000000023; 0.000794349881450075
28.700000000000024; 0.0008525210388455241
28.800000000000026; 0.0009140816231258186
28.900000000000023; 0.000979170620468256
29.000000000000025; 0.0010479295279605834
29.100000000000026; 0.0011205022601190094
29.200000000000024; 0.0011970350506206049
29.300000000000026; 0.0012776763494603113
29.400000000000027; 0.0013625767157509122
29.500000000000025; 0.0014518887063969198
29.600000000000026; 0.001545766760878034
29.700000000000024; 0.0016443670823886698
29.800000000000026; 0.001747847515583507
29.900000000000027; 0.0018563674211866292
30.000000000000025; 0.0019700875477253574
30.100000000000026; 0.002089216580000275
30.200000000000024; 0.002213876019779269
30.300000000000026; 0.002344229443642965
30.400000000000027; 0.0024804419063912146
30.500000000000025; 0.002622679159442615
30.600000000000026; 0.002771107509675357
30.700000000000028; 0.0029258936772786205
30.800000000000026; 0.003087204652883105
30.900000000000027; 0.0032552075542360494
31.00000000000003; 0.0034300694826832627
31.100000000000026; 0.0036119573797133366
31.200000000000028; 0.003801037883818006
31.300000000000026; 0.003997477187912942
31.400000000000027; 0.004201440897559638
31.50000000000003; 0.004413093890221043
31.600000000000026; 0.004632600175776207
31.700000000000028; 0.004860122758512518
31.800000000000026; 0.005095823500806257
31.900000000000027; 0.005339862988690639
32.00000000000003; 0.005592400399507324
32.10000000000002; 0.005853593371824551
32.20000000000003; 0.006123597877795941
32.300000000000026; 0.006402568098128018
32.40000000000003; 0.0066906562998114245
32.50000000000003; 0.006988012716764772
32.60000000000003; 0.007294785433526269
32.70000000000003; 0.007611120272123973
32.800000000000026; 0.007937160682242487
32.90000000000003; 0.008273047634794223
33.00000000000003; 0.008618919518996777
33.10000000000003; 0.008974912043045293
33.20000000000003; 0.009341158138462514
33.300000000000026; 0.009717787868196558
33.40000000000003; 0.010104928338532767
33.50000000000003; 0.010502703614869376
33.60000000000003; 0.010911234641409142
33.70000000000003; 0.011330639164796414
33.800000000000026; 0.011761031661736457
33.90000000000003; 0.01220252327061228
34.00000000000003; 0.012655221727118316
34.10000000000003; 0.0131192313039098
34.20000000000003; 0.01359465275427403
34.30000000000003; 0.014081583259811556
34.40000000000003; 0.014580116382112356
34.50000000000003; 0.015090342018408767
34.60000000000003; 0.015612346361174418
34.70000000000003; 0.01614621186164128
34.80000000000003; 0.016692017197189164
34.90000000000003; 0.017249837242574066
35.00000000000003; 0.017819743044936224
35.10000000000003; 0.01840180180254188
35.20000000000003; 0.018996076847201
35.30000000000003; 0.019602627630293027
35.400000000000034; 0.02022150971234579
35.50000000000003; 0.020852774756086937
35.60000000000003; 0.021496470522907127
35.70000000000003; 0.022152640872650925
35.80000000000003; 0.022821325766662234
35.900000000000034; 0.023502561274005195
36.00000000000003; 0.024196379580772254
36.10000000000003; 0.02490280900240335
36.20000000000003; 0.02562187399892206
36.30000000000003; 0.026353595193006746
36.400000000000034; 0.027097989390804853
36.50000000000003; 0.027855069605402585
36.60000000000003; 0.028624845082856062
36.70000000000003; 0.02940732133069674
36.80000000000003; 0.03020250014881639
36.900000000000034; 0.031010379662636037
37.00000000000003; 0.031830954358477485
37.10000000000003; 0.03266421512103067
37.20000000000003; 0.0335101492728373
37.30000000000003; 0.034368740615691055
37.400000000000034; 0.03523996947386804
37.500000000000036; 0.036123812739088976
37.60000000000003; 0.03702024391713831
37.70000000000003; 0.03792923317603245
37.80000000000003; 0.0388507473956652
37.900000000000034; 0.0397847502188316
38.000000000000036; 0.04073120210355236
38.10000000000003; 0.041690060376611555
38.20000000000003; 0.04266127928822194
38.30000000000003; 0.04364481006774253
38.400000000000034; 0.04464060098035749
38.500000000000036; 0.04564859738465261
38.60000000000004; 0.04666874179099491
38.70000000000003; 0.047700973920659286
38.80000000000003; 0.04874523076560738
38.900000000000034; 0.049801446648865204
39.000000000000036; 0.05086955328541817
39.10000000000004; 0.05194947984356027
39.20000000000003; 0.053041153006626235
39.30000000000003; 0.054144497035049595
39.400000000000034; 0.05525943382867479
39.500000000000036; 0.05638588298926861
39.60000000000004; 0.05752376188317251
39.70000000000003; 0.058672985704029366
39.80000000000003; 0.05983346753554621
39.900000000000034; 0.06100511841422207
40.000000000000036; 0.06218783856561369
40.10000000000004; 0.0633809109611421
40.20000000000003; 0.06458486179484645
40.30000000000003; 0.06579959569895356
40.400000000000034; 0.06702501560583388
40.500000000000036; 0.06826102280845954
40.60000000000004; 0.0695075170204985
40.70000000000004; 0.07076439643599745
40.80000000000003; 0.07203155778863676
40.900000000000034; 0.07330889641050106
41.000000000000036; 0.07459630629035835
41.10000000000004; 0.07589368013140221
41.20000000000004; 0.07720090940842704
41.30000000000003; 0.07851788442442342
41.400000000000034; 0.07984449436655697
41.500000000000036; 0.08118062736150473
41.60000000000004; 0.08252617053014576
41.70000000000004; 0.08388101004155636
41.80000000000004; 0.08524503116631436
41.900000000000034; 0.08661811832908937
42.000000000000036; 0.08800015516048705
42.10000000000004; 0.08939102454815456
42.20000000000004; 0.09079060868712058
42.30000000000004; 0.09219878912934784
42.400000000000034; 0.09361544683251832
42.500000000000036; 0.09504046220799302
42.60000000000004; 0.0964737151679851
42.70000000000004; 0.09791508517190643
42.80000000000004; 0.09936445127188463
42.900000000000034; 0.10082169215746101
43.000000000000036; 0.1022866861994399
43.10000000000004; 0.1037593114929058
43.20000000000004; 0.10523944589938976
43.30000000000004; 0.10672696708819103
43.400000000000034; 0.10822175257685039
43.500000000000036; 0.10972367977076505
43.60000000000004; 0.11123262600196414
43.70000000000004; 0.11274846856702572
43.80000000000004; 0.11427108476414378
43.90000000000004; 0.11580035192934612
44.000000000000036; 0.11733614747187661
44.10000000000004; 0.11887834890872112
44.20000000000004; 0.1204268338982979
44.30000000000004; 0.12198148027332045
44.40000000000004; 0.12354216607282077
44.500000000000036; 0.12510876957334735
44.60000000000004; 0.12668116931934933
44.70000000000004; 0.12825924415274256
44.80000000000004; 0.12984287324166535
44.90000000000004; 0.13143193610843945
45.00000000000004; 0.1330263126567324
45.10000000000004; 0.13462588319793825
45.20000000000004; 0.13623052847677494
45.30000000000004; 0.13784012969611814
45.40000000000004; 0.13945456854106794
45.50000000000004; 0.14107372720226327
45.60000000000004; 0.1426974883984598
45.70000000000004; 0.14432573539836713
45.80000000000004; 0.1459583520417557
45.90000000000004; 0.14759522275986656
46.00000000000004; 0.14923623259509128
46.10000000000004; 0.15088126721997977
46.20000000000004; 0.15253021295554697
46.30000000000004; 0.15418295678891297
46.40000000000004; 0.15583938639027162
46.50000000000004; 0.15749939012920952
46.60000000000004; 0.15916285709038233
46.70000000000004; 0.16082967708855653
46.80000000000004; 0.16249974068302636
46.90000000000004; 0.16417293919142215
47.00000000000004; 0.16584916470291697
47.100000000000044; 0.16752831009084704
47.20000000000004; 0.16921026902474226
47.30000000000004; 0.17089493598180608
47.40000000000004; 0.1725822062578191
47.50000000000004; 0.17427197597750754
47.600000000000044; 0.17596414210437716
47.70000000000004; 0.1776586024500115
47.80000000000004; 0.17935525568286861
47.90000000000004; 0.18105400133656738
48.00000000000004; 0.18275473981768225
48.100000000000044; 0.18445737241305063
48.200000000000045; 0.18616180129662094
48.30000000000004; 0.18786792953583006
48.40000000000004; 0.1895756610975311
48.50000000000004; 0.1912849008534794
48.600000000000044; 0.19299555458539464
48.700000000000045; 0.19470752898959698
48.80000000000004; 0.19642073168123667
48.90000000000004; 0.19813507119811902
49.00000000000004; 0.19985045700414056
49.100000000000044; 0.20156679949235295
49.200000000000045; 0.20328400998763932
49.30000000000004; 0.20500200074904631
49.40000000000004; 0.2067206849717565
49.50000000000004; 0.20843997678870924
49.600000000000044; 0.2101597912719125
49.700000000000045; 0.21188004443339795
49.80000000000004; 0.2136006532258896
49.90000000000004; 0.2153215355431516
50.00000000000004; 0.21704261022003132
50.100000000000044; 0.2187644295098172
50.200000000000045; 0.22048628842554438
50.30000000000005; 0.22220810028181426
50.40000000000004; 0.22392978627599436
50.50000000000004; 0.22565126854885004
50.600000000000044; 0.2273724701834993
50.700000000000045; 0.2290933152041073
50.80000000000005; 0.23081372857433624
50.90000000000004; 0.23253363619555162
51.00000000000004; 0.2342529649047931
51.100000000000044; 0.23597164247251778
51.200000000000045; 0.23768959760012384
51.30000000000005; 0.23940675991725982
51.40000000000005; 0.24112305997893788
51.50000000000004; 0.2428384292624272
51.600000000000044; 0.24455280016398073
51.700000000000045; 0.24626610599535886
51.80000000000005; 0.247978280980179
51.90000000000005; 0.24968926025010074
52.00000000000004; 0.25139897984082726
52.100000000000044; 0.2531073766879688
52.200000000000045; 0.25481438862273564
52.30000000000005; 0.2565199543674911
52.40000000000005; 0.2582240135311598
52.50000000000004; 0.25992650660450584
52.600000000000044; 0.2616273749552684
52.700000000000045; 0.2633265608231788
52.80000000000005; 0.26502400731486775
52.90000000000005; 0.26671965839863804
53.00000000000004; 0.26841345889914187
53.100000000000044; 0.2701053544919505
53.200000000000045; 0.27179529169802213
53.30000000000005; 0.2734832178780776
53.40000000000005; 0.2751690812268839
53.50000000000005; 0.27685283076745143
53.600000000000044; 0.2785344163451594
53.700000000000045; 0.2802137886217838
53.80000000000005; 0.28189089906947595
53.90000000000005; 0.2835656999646585
54.00000000000005; 0.2852381443818629
54.100000000000044; 0.2869081861874986
54.200000000000045; 0.28857578003357925
54.30000000000005; 0.290240881351383
54.40000000000005; 0.2919034463450671
54.50000000000005; 0.2935634319852464
54.60000000000005; 0.2952207960025091
54.700000000000045; 0.2968754968809156
54.80000000000005; 0.29852749385144933
54.90000000000005; 0.30017674688543344
55.00000000000005; 0.3018232166879314
55.10000000000005; 0.3034668646910998
55.200000000000045; 0.30510765304753945
55.30000000000005; 0.3067455446236149
55.40000000000005; 0.30838050299275027
55.50000000000005; 0.31001249242872464
55.60000000000005; 0.31164147789894747
55.700000000000045; 0.31326742505771654
55.80000000000005; 0.3148903002394797
55.90000000000005; 0.3165100704520888
56.00000000000005; 0.31812670337004056
56.10000000000005; 0.3197401673277368
56.200000000000045; 0.3213504313127198
56.30000000000005; 0.32295746495893807
56.40000000000005; 0.32456123853999425
56.50000000000005; 0.32616172296241785
56.60000000000005; 0.3277588897589329
56.70000000000005; 0.3293527110817536
56.80000000000005; 0.3309431596958766
56.90000000000005; 0.3325302089723903
57.00000000000005; 0.3341138328818146
57.10000000000005; 0.33569400598744314
57.20000000000005; 0.33727070343870486
57.30000000000005; 0.3388439009645624
57.40000000000005; 0.340413574866914
57.50000000000005; 0.3419797020140224
57.60000000000005; 0.34354225983398684
57.70000000000005; 0.34510122630821294
57.800000000000054; 0.34665657996493165
57.90000000000005; 0.34820829987273993
58.00000000000005; 0.3497563656341622
58.10000000000005; 0.35130075737926275
58.20000000000005; 0.3528414557592661
58.300000000000054; 0.3543784419402269
58.40000000000005; 0.3559116975967294
58.50000000000005; 0.35744120490561965
58.60000000000005; 0.35896694653976596
58.70000000000005; 0.36048890566187936
58.800000000000054; 0.3620070659183365
58.90000000000005; 0.36352141143307276
59.00000000000005; 0.3650319268014906
59.10000000000005; 0.3665385970844224
59.20000000000005; 0.3680414078021228
59.300000000000054; 0.3695403449283082
59.40000000000005; 0.3710353948842297
59.50000000000005; 0.3725265445327974
59.60000000000005; 0.3740137811727382
59.70000000000005; 0.375497092532798
59.800000000000054; 0.3769764667659904
59.900000000000055; 0.3784518924438888
60.00000000000005; 0.3799233585509488
60.10000000000005; 0.38139059184297236
60.20000000000005; 0.3828538464781928
60.300000000000054; 0.384313113396794
60.400000000000055; 0.385768383896588
60.50000000000005; 0.38721964965265143
60.60000000000005; 0.3886669027119083
60.70000000000005; 0.39011013548777485
60.800000000000054; 0.391549340754842
60.900000000000055; 0.3929845116436176
61.00000000000006; 0.39441564163530735
61.10000000000005; 0.3958427245566517
61.20000000000005; 0.3972657545748091
61.300000000000054; 0.39868472619229034
61.400000000000055; 0.4000996342419334
61.50000000000006; 0.40151047388194583
61.60000000000005; 0.40291724059097367
61.70000000000005; 0.4043199301632327
61.800000000000054; 0.40571853870368646
61.900000000000055; 0.40711306262327795
62.00000000000006; 0.40850349863419
62.10000000000005; 0.40988984374518356
62.20000000000005; 0.4112720952569613
62.300000000000054; 0.4126502507575864
62.400000000000055; 0.414024308117958
62.50000000000006; 0.415394265487317
62.60000000000005; 0.41676012128882045
62.70000000000005; 0.41812187421514585
62.800000000000054; 0.4194795232241512
62.900000000000055; 0.42083306753458816
63.00000000000006; 0.4221825066218441
63.10000000000006; 0.42352784021375267
63.20000000000005; 0.4248690682864356
63.300000000000054; 0.4262061910601954
63.400000000000055; 0.4275392089954608
63.50000000000006; 0.4288681227887687
63.60000000000006; 0.4301929333687906
63.70000000000005; 0.431513641892421
63.800000000000054; 0.43283024974089096
63.900000000000055; 0.43414275851593437
64.00000000000006; 0.4354511700360079
64.10000000000005; 0.43675548633253997
64.20000000000006; 0.43805570964623064
64.30000000000005; 0.43935184242340264
64.40000000000006; 0.4406438873123832
64.50000000000006; 0.44193184715993483
64.60000000000005; 0.4432157250077344
64.70000000000006; 0.44449552408888304
64.80000000000005; 0.44577124782446853
64.90000000000006; 0.447042899820172
65.00000000000006; 0.44831048386289507
65.10000000000005; 0.44957400391746294
65.20000000000006; 0.450833464123335
65.30000000000005; 0.4520888687913757
65.40000000000006; 0.45334022240066707
65.50000000000006; 0.4545875295953428
65.60000000000005; 0.4558307951814856
65.70000000000006; 0.4570700241240508
65.80000000000005; 0.4583052215438249
65.90000000000006; 0.45953639271443614
66.00000000000006; 0.4607635430593978
66.10000000000005; 0.4619866781491807
66.20000000000006; 0.46320580369834036
66.30000000000005; 0.46442092556266823
66.40000000000006; 0.46563204973638544
66.50000000000006; 0.4668391823493711
66.60000000000005; 0.468042329664431
66.70000000000006; 0.4692414980746008
66.80000000000005; 0.4704366941004793
66.90000000000006; 0.47162792438760975
67.00000000000006; 0.47281519570387714
67.10000000000007; 0.47399851493696743
67.20000000000006; 0.4751778890918293
67.30000000000005; 0.4763533252882008
67.40000000000006; 0.4775248307581425
67.50000000000006; 0.47869241284362885
67.60000000000007; 0.47985607899415167
67.70000000000006; 0.4810158367643686
67.80000000000005; 0.4821716938117825
67.90000000000006; 0.48332365789445214
68.00000000000006; 0.4844717368687282
68.10000000000007; 0.4856159386870325
68.20000000000006; 0.4867562713956607
68.30000000000005; 0.48789274313261477
68.40000000000006; 0.489025362125474
68.50000000000006; 0.49015413668928637
68.60000000000007; 0.49127907522449676
68.70000000000006; 0.4924001862149003
68.80000000000005; 0.49351747822562775
68.90000000000006; 0.4946309599011618
69.00000000000006; 0.49574063996337314
69.10000000000007; 0.496846527209595
69.20000000000006; 0.49794863051072014
69.30000000000005; 0.49904695880932887
69.40000000000006; 0.5001415211178358
69.50000000000006; 0.5012323265166775
69.60000000000007; 0.5023193841525155
69.70000000000006; 0.5034027032364712
69.80000000000007; 0.5044822930423829
69.90000000000006; 0.505558162905094
70.00000000000006; 0.5066303222187629
70.10000000000007; 0.5076987804351957
70.20000000000006; 0.5087635470622132
70.30000000000007; 0.5098246316620338
70.40000000000006; 0.5108820438496792
70.50000000000006; 0.511935793291416
70.60000000000007; 0.5129858897032069
70.70000000000006; 0.5140323428492
70.80000000000007; 0.5150751625402208
70.90000000000006; 0.5161143586323136
71.00000000000006; 0.5171499410252816
71.10000000000007; 0.5181819196612643
71.20000000000006; 0.5192103045233316
71.30000000000007; 0.5202351056340986
71.40000000000006; 0.5212563330543639
71.50000000000006; 0.5222739968817718
71.60000000000007; 0.5232881072494894
71.70000000000006; 0.524298674324911
71.80000000000007; 0.5253057083083776
71.90000000000006; 0.5263092194319193
72.00000000000006; 0.5273092179580173
72.10000000000007; 0.5283057141783893
72.20000000000006; 0.5292987184127855
72.30000000000007; 0.5302882410078151
72.40000000000006; 0.5312742923357782
72.50000000000006; 0.5322568827935359
72.60000000000007; 0.5332360228013749
72.70000000000006; 0.5342117228019142
72.80000000000007; 0.5351839932590107
72.90000000000006; 0.5361528446566948
73.00000000000006; 0.5371182874981187
73.10000000000007; 0.5380803323045211
73.20000000000006; 0.5390389896142149
73.30000000000007; 0.5399942699815835
73.40000000000006; 0.5409461839761023
73.50000000000007; 0.5418947421813697
73.60000000000007; 0.5428399551941558
73.70000000000006; 0.5437818336234751
73.80000000000007; 0.5447203880896613
73.90000000000006; 0.5456556292234711
74.00000000000007; 0.5465875676651942
74.10000000000007; 0.5475162140637807
74.20000000000006; 0.5484415790759893
74.30000000000007; 0.5493636733655404
74.40000000000006; 0.5502825076022954
74.50000000000007; 0.5511980924614361
74.60000000000007; 0.5521104386226746
74.70000000000006; 0.5530195567694659
74.80000000000007; 0.5539254575882331
74.90000000000006; 0.5548281517676182
75.00000000000007; 0.5557276499977369
75.10000000000007; 0.556623962969445
75.20000000000006; 0.5575171013736264
75.30000000000007; 0.5584070759004858
75.40000000000006; 0.5592938972388609
75.50000000000007; 0.5601775760755424
75.60000000000007; 0.561058123094608
75.70000000000006; 0.5619355489767679
75.80000000000007; 0.5628098643987275
75.90000000000006; 0.563681080032549
76.00000000000007; 0.5645492065450461
76.10000000000007; 0.5654142545971631
76.20000000000007; 0.5662762348433938
76.30000000000007; 0.5671351579311856
76.40000000000006; 0.5679910345003781
76.50000000000007; 0.5688438751826326
76.60000000000007; 0.5696936906008846
76.70000000000007; 0.570540491368805
76.80000000000007; 0.5713842880902678
76.90000000000006; 0.5722250913588324
77.00000000000007; 0.5730629117572351
77.10000000000007; 0.5738977598568841
77.20000000000007; 0.5747296462173791
77.30000000000007; 0.5755585813860261
77.40000000000006; 0.576384575897366
77.50000000000007; 0.5772076402727211
77.60000000000007; 0.578027785019735
77.70000000000007; 0.5788450206319391
77.80000000000007; 0.5796593575883123
77.90000000000006; 0.5804708063528633
78.00000000000007; 0.5812793773742103
78.10000000000007; 0.5820850810851796
78.20000000000007; 0.5828879279024018
78.30000000000007; 0.5836879282259271
78.40000000000006; 0.5844850924388423
78.50000000000007; 0.5852794309068975
78.60000000000007; 0.5860709539781412
78.70000000000007; 0.5868596719825625
78.80000000000007; 0.5876455952317458
78.90000000000006; 0.5884287340185215
79.00000000000007; 0.5892090986166401
79.10000000000007; 0.5899866992804408
79.20000000000007; 0.5907615462445341
79.30000000000007; 0.5915336497234881
79.40000000000006; 0.5923030199115267
79.50000000000007; 0.5930696669822297
79.60000000000007; 0.5938336010882407
79.70000000000007; 0.5945948323609878
79.80000000000007; 0.5953533709104011
79.90000000000008; 0.5961092268246423
80.00000000000007; 0.5968624101698469
80.10000000000007; 0.5976131147469009
80.20000000000007; 0.5983611680736861
80.30000000000007; 0.5991065771574292
80.40000000000008; 0.5998493516924909
80.50000000000007; 0.6005895013531097
80.60000000000007; 0.6013270357931474
80.70000000000007; 0.6020619646458455
80.80000000000007; 0.602794297523579
80.90000000000008; 0.6035240440176242
81.00000000000007; 0.6042512136979259
81.10000000000007; 0.604975816112873
81.20000000000007; 0.6056978607890817
81.30000000000007; 0.6064173572311794
81.40000000000008; 0.6071343149215965
81.50000000000007; 0.6078487433203678
81.60000000000007; 0.6085606518649272
81.70000000000007; 0.6092700499699203
81.80000000000007; 0.6099769470270141
81.90000000000008; 0.610681352404719
82.00000000000007; 0.6113832754482028
82.10000000000007; 0.6120827254791237
82.20000000000007; 0.6127797117954622
82.30000000000007; 0.613474243671352
82.40000000000008; 0.6141663303569272
82.50000000000007; 0.6148559810781633
82.60000000000008; 0.6155432050367291
82.70000000000007; 0.6162280114098405
82.80000000000007; 0.6169104093501185
82.90000000000008; 0.6175904079854513
83.00000000000007; 0.6182680164188622
83.10000000000008; 0.618943243728383
83.20000000000007; 0.619616098966923
83.30000000000007; 0.6202865911621541
83.40000000000008; 0.6209547293163877
83.50000000000007; 0.6216205224064673
83.60000000000008; 0.6222839793836561
83.70000000000007; 0.6229451091735311
83.80000000000007; 0.6236039206758804
83.90000000000008; 0.6242604227646069
84.00000000000007; 0.624914624287632
84.10000000000008; 0.6255665340668032
84.20000000000007; 0.6262161608978071
84.30000000000007; 0.626863513550087
84.40000000000008; 0.6275086007667553
84.50000000000007; 0.6281514312645214
84.60000000000008; 0.6287920137336153
84.70000000000007; 0.6294303568377141
84.80000000000007; 0.6300664692138743
84.90000000000008; 0.6307003594724665
85.00000000000007; 0.6313320361971118
85.10000000000008; 0.6319615079446269
85.20000000000007; 0.6325887832449574
85.30000000000007; 0.6332138706011351
85.40000000000008; 0.6338367784892188
85.50000000000007; 0.6344575153582496
85.60000000000008; 0.635076089630207
85.70000000000007; 0.6356925096999597
85.80000000000007; 0.6363067839352314
85.90000000000008; 0.6369189206765602
86.00000000000007; 0.6375289282372647
86.10000000000008; 0.6381368149034095
86.20000000000007; 0.6387425889337761
86.30000000000008; 0.6393462585598346
86.40000000000008; 0.6399478319857194
86.50000000000007; 0.6405473173882029
86.60000000000008; 0.6411447229166775
86.70000000000007; 0.641740056693136
86.80000000000008; 0.642333326812156
86.90000000000008; 0.6429245413408803
87.00000000000007; 0.6435137083190129
87.10000000000008; 0.6441008357588025
87.20000000000007; 0.6446859316450376
87.30000000000008; 0.6452690039350392
87.40000000000008; 0.6458500605586546
87.50000000000007; 0.6464291094182598
87.60000000000008; 0.6470061583887563
87.70000000000007; 0.6475812153175698
87.80000000000008; 0.6481542880246601
87.90000000000008; 0.648725384302522
88.00000000000007; 0.6492945119161911
88.10000000000008; 0.6498616786032574
88.20000000000007; 0.6504268920738697
88.30000000000008; 0.6509901600107507
88.40000000000008; 0.6515514900692133
88.50000000000007; 0.6521108898771683
88.60000000000008; 0.6526683670351495
88.70000000000007; 0.6532239291163262
88.80000000000008; 0.6537775836665267
88.90000000000008; 0.6543293382042553
89.00000000000009; 0.6548792002207217
89.10000000000008; 0.6554271771798568
89.20000000000007; 0.6559732765183478
89.30000000000008; 0.6565175056456564
89.40000000000008; 0.6570598719440524
89.50000000000009; 0.6576003827686419
89.60000000000008; 0.6581390454473973
89.70000000000007; 0.6586758672811917
89.80000000000008; 0.65921085554383
89.90000000000008; 0.659744017482084
90.00000000000009; 0.6602753603157319
90.10000000000008; 0.6608048912375868
90.20000000000007; 0.661332617413546
90.30000000000008; 0.661858545982619
90.40000000000008; 0.6623826840569768
90.50000000000009; 0.6629050387219882
90.60000000000008; 0.6634256170362647
90.70000000000007; 0.663944426031702
90.80000000000008; 0.6644614727135264
90.90000000000008; 0.6649767640603376
91.00000000000009; 0.66549030702416
91.10000000000008; 0.6660021085304834
91.20000000000007; 0.6665121754783174
91.30000000000008; 0.6670205147402375
91.40000000000008; 0.6675271331624337
91.50000000000009; 0.6680320375647651
91.60000000000008; 0.6685352347408097
91.70000000000007; 0.6690367314579165
91.80000000000008; 0.6695365344572601
91.90000000000008; 0.6700346504538928
92.00000000000009; 0.6705310861368023
92.10000000000008; 0.6710258481689646
92.20000000000007; 0.6715189431874033
92.30000000000008; 0.6720103778032436
92.40000000000008; 0.6725001586017723
92.50000000000009; 0.6729882921424953
92.60000000000008; 0.6734747849591973
92.70000000000009; 0.6739596435599999
92.80000000000008; 0.6744428744274239
92.90000000000008; 0.67492448401845
93.00000000000009; 0.6754044787645789
93.10000000000008; 0.6758828650718963
93.20000000000009; 0.6763596493211326
93.30000000000008; 0.6768348378677269
93.40000000000008; 0.6773084370418925
93.50000000000009; 0.6777804531486797
93.60000000000008; 0.6782508924680412
93.70000000000009; 0.6787197612548962
93.80000000000008; 0.6791870657391992
93.90000000000008; 0.6796528121260018
94.00000000000009; 0.6801170065955245
94.10000000000008; 0.6805796553032196
94.20000000000009; 0.6810407643798421
94.30000000000008; 0.6815003399315135
94.40000000000008; 0.6819583880397946
94.50000000000009; 0.6824149147617541
94.60000000000008; 0.6828699261300317
94.70000000000009; 0.6833234281529174
94.80000000000008; 0.6837754268144115
94.90000000000008; 0.6842259280743027
95.00000000000009; 0.6846749378682329
95.10000000000008; 0.6851224621077731
95.20000000000009; 0.6855685066804891
95.30000000000008; 0.6860130774500195
95.40000000000009; 0.6864561802561406
95.50000000000009; 0.6868978209148431
95.60000000000008; 0.6873380052184029
95.70000000000009; 0.6877767389354543
95.80000000000008; 0.6882140278110621
95.90000000000009; 0.6886498775667952
96.00000000000009; 0.6890842939007976
96.10000000000008; 0.689517282487866
96.20000000000009; 0.6899488489795217
96.30000000000008; 0.6903789990040822
96.40000000000009; 0.6908077381667377
96.50000000000009; 0.6912350720496269
96.60000000000008; 0.6916610062119063
96.70000000000009; 0.6920855461898312
96.80000000000008; 0.6925086974968255
96.90000000000009; 0.692930465623558
97.00000000000009; 0.6933508560380193
97.10000000000008; 0.6937698741855933
97.20000000000009; 0.6941875254891375
97.30000000000008; 0.6946038153490531
97.40000000000009; 0.6950187491433655
97.50000000000009; 0.6954323322277957
97.60000000000008; 0.6958445699358373
97.70000000000009; 0.696255467578836
97.80000000000008; 0.6966650304460594
97.90000000000009; 0.6970732638047767
98.00000000000009; 0.6974801729003348
98.10000000000008; 0.6978857629562337
98.20000000000009; 0.6982900391742013
98.30000000000008; 0.6986930067342709
98.40000000000009; 0.6990946707948599
98.50000000000009; 0.6994950364928404
98.60000000000008; 0.6998941089436207
98.70000000000009; 0.7002918932412197
98.80000000000008; 0.7006883944583422
98.90000000000009; 0.7010836176464565
99.00000000000009; 0.7014775678358706
99.1000000000001; 0.7018702500358098
99.20000000000009; 0.7022616692344898
99.30000000000008; 0.7026518303991973
99.40000000000009; 0.7030407384763615
99.50000000000009; 0.7034283983916343
99.6000000000001; 0.7038148150499656
99.70000000000009; 0.7041999933356793
99.80000000000008; 0.7045839381125495
99.90000000000009; 0.7049666542238756
100.00000000000009; 0.7053481438990478
100.1000000000001; 0.7057283155975209
100.20000000000009; 0.7061072736980744
100.30000000000008; 0.7064850230228827
100.40000000000009; 0.7068615683735813
100.50000000000009; 0.7072369145313443
100.6000000000001; 0.7076110662569611
100.70000000000009; 0.7079840282909179
100.80000000000008; 0.7083558053534759
100.90000000000009; 0.7087264021447461
101.00000000000009; 0.7090958233447747
101.1000000000001; 0.7094640736136132
101.20000000000009; 0.7098311575914014
101.30000000000008; 0.7101970798984453
101.40000000000009; 0.7105618451352925
101.50000000000009; 0.7109254578828121
101.6000000000001; 0.7112879227022723
101.70000000000009; 0.7116492441354157
101.8000000000001; 0.7120094267045386
101.90000000000009; 0.712368474912569
102.00000000000009; 0.7127263932431401
102.1000000000001; 0.7130831861606721
102.20000000000009; 0.713438858110445
102.3000000000001; 0.7137934135186774
102.40000000000009; 0.7141468567926021
102.50000000000009; 0.7144991923205427
102.6000000000001; 0.7148504244719899
102.70000000000009; 0.7152005575976788
102.8000000000001; 0.7155495960296621
102.90000000000009; 0.7158975440813868
103.00000000000009; 0.7162444060477734
103.1000000000001; 0.7165901862052841
103.20000000000009; 0.7169348888120053
103.3000000000001; 0.717278518107718
103.40000000000009; 0.717621078313975
103.50000000000009; 0.7179625736341745
103.6000000000001; 0.7183030082536355
103.70000000000009; 0.7186423863396716
103.8000000000001; 0.7189807120416654
103.90000000000009; 0.7193179894911418
104.00000000000009; 0.7196542228018434
104.1000000000001; 0.7199894160698033
104.20000000000009; 0.7203235733734182
104.3000000000001; 0.7206566987735223
104.40000000000009; 0.7209887963134592
104.50000000000009; 0.7213198700191584
104.6000000000001; 0.7216499238992017
104.70000000000009; 0.7219789619449031
104.8000000000001; 0.7223069881303734
104.90000000000009; 0.7226340064126006
105.00000000000009; 0.722960020731514
105.1000000000001; 0.7232850350100621
105.20000000000009; 0.7236090531542794
105.3000000000001; 0.7239320790533609
105.40000000000009; 0.7242541165797319
105.5000000000001; 0.7245751695891198
105.6000000000001; 0.7248952419206232
105.70000000000009; 0.7252143373967839
105.8000000000001; 0.7255324598236556
105.90000000000009; 0.7258496129908771
106.0000000000001; 0.7261658006717375
106.1000000000001; 0.7264810266232505
106.20000000000009; 0.7267952945862212
106.3000000000001; 0.7271086082853149
106.40000000000009; 0.7274209714291286
106.5000000000001; 0.7277323877102575
106.6000000000001; 0.728042860805364
106.70000000000009; 0.728352394375247
106.8000000000001; 0.7286609920649106
106.90000000000009; 0.7289686575036284
107.0000000000001; 0.729275394305016
107.1000000000001; 0.7295812060670956
107.20000000000009; 0.7298860963723638
107.3000000000001; 0.7301900687878577
107.40000000000009; 0.7304931268652258
107.5000000000001; 0.7307952741407874
107.6000000000001; 0.7310965141356077
107.70000000000009; 0.7313968503555555
107.8000000000001; 0.7316962862913761
107.90000000000009; 0.731994825418752
108.0000000000001; 0.7322924711983725
108.1000000000001; 0.7325892270759939
108.2000000000001; 0.7328850964825102
108.3000000000001; 0.7331800828340145
108.40000000000009; 0.7334741895318634
108.5000000000001; 0.7337674199627436
108.6000000000001; 0.7340597774987343
108.7000000000001; 0.7343512654973706
108.8000000000001; 0.7346418873017095
108.90000000000009; 0.7349316462403922
109.0000000000001; 0.735220545627705
109.1000000000001; 0.7355085887636463
109.2000000000001; 0.7357957789339877
109.3000000000001; 0.736082119410335
109.40000000000009; 0.7363676134501924
109.5000000000001; 0.7366522642970244
109.6000000000001; 0.7369360751803173
109.7000000000001; 0.7372190493156409
109.8000000000001; 0.7375011899047094
109.90000000000009; 0.7377825001354434
110.0000000000001; 0.7380629831820308
110.1000000000001; 0.7383426422049864
110.2000000000001; 0.7386214803512139
110.3000000000001; 0.7388995007540656
110.40000000000009; 0.7391767065334013
110.5000000000001; 0.7394531007956509
110.6000000000001; 0.7397286866338713
110.7000000000001; 0.7400034671278057
110.8000000000001; 0.7402774453439455
110.90000000000009; 0.7405506243355863
111.0000000000001; 0.7408230071428876
111.1000000000001; 0.7410945967929324
111.2000000000001; 0.741365396299784
111.3000000000001; 0.7416354086645435
111.40000000000009; 0.7419046368754092
111.5000000000001; 0.7421730839077331
111.6000000000001; 0.7424407527240781
111.7000000000001; 0.7427076462742768
111.8000000000001; 0.7429737674954857
111.9000000000001; 0.7432391193122436
112.0000000000001; 0.7435037046365275
112.1000000000001; 0.7437675263678097
112.2000000000001; 0.7440305873931111
112.3000000000001; 0.7442928905870607
112.4000000000001; 0.7445544388119478
112.5000000000001; 0.7448152349177798
112.6000000000001; 0.7450752817423354
112.7000000000001; 0.74533458211122
112.8000000000001; 0.7455931388379212
112.9000000000001; 0.7458509547238622
113.0000000000001; 0.7461080325584561
113.1000000000001; 0.7463643751191598
113.2000000000001; 0.7466199851715293
113.3000000000001; 0.7468748654692703
113.4000000000001; 0.7471290187542938
113.5000000000001; 0.747382447756769
113.6000000000001; 0.7476351551951741
113.7000000000001; 0.7478871437763523
113.8000000000001; 0.748138416195561
113.9000000000001; 0.7483889751365254
114.0000000000001; 0.748638823271492
114.1000000000001; 0.748887963261277
114.2000000000001; 0.7491363977553204
114.3000000000001; 0.7493841293917363
114.4000000000001; 0.7496311607973649
114.5000000000001; 0.749877494587823
114.60000000000011; 0.7501231333675535
114.7000000000001; 0.7503680797298771
114.8000000000001; 0.7506123362570429
114.9000000000001; 0.7508559055202779
115.0000000000001; 0.7510987900798365
115.10000000000011; 0.7513409924850502
115.2000000000001; 0.7515825152743774
115.3000000000001; 0.7518233609754527
115.4000000000001; 0.7520635321051354
115.5000000000001; 0.7523030311695587
115.60000000000011; 0.7525418606641777
115.7000000000001; 0.752780023073819
115.8000000000001; 0.7530175208727264
115.9000000000001; 0.7532543565246128
116.0000000000001; 0.7534905324827027
116.10000000000011; 0.753726051189785
116.2000000000001; 0.753960915078257
116.3000000000001; 0.754195126570172
116.4000000000001; 0.7544286880772869
116.5000000000001; 0.7546616020011095
116.60000000000011; 0.7548938707329436
116.7000000000001; 0.7551254966539347
116.8000000000001; 0.7553564821351195
116.9000000000001; 0.7555868295374678
117.0000000000001; 0.7558165412119314
117.10000000000011; 0.756045619499486
117.2000000000001; 0.7562740667311807
117.3000000000001; 0.7565018852281808
117.4000000000001; 0.7567290773018119
117.5000000000001; 0.7569556452536067
117.60000000000011; 0.7571815913753474
117.7000000000001; 0.7574069179491126
117.8000000000001; 0.7576316272473184
117.9000000000001; 0.757855721532764
118.0000000000001; 0.7580792030586765
118.10000000000011; 0.7583020740687515
118.2000000000001; 0.758524336797199
118.30000000000011; 0.7587459934687857
118.4000000000001; 0.7589670462988765
118.5000000000001; 0.7591874974934805
118.60000000000011; 0.7594073492492908
118.7000000000001; 0.7596266037537275
118.80000000000011; 0.7598452631849799
118.9000000000001; 0.7600633297120497
119.0000000000001; 0.7602808054947913
119.10000000000011; 0.7604976926839533
119.2000000000001; 0.7607139934212221
119.30000000000011; 0.7609297098392598
119.4000000000001; 0.7611448440617483
119.5000000000001; 0.7613593982034281
119.60000000000011; 0.7615733743701413
119.7000000000001; 0.7617867746588692
119.80000000000011; 0.7619996011577742
119.9000000000001; 0.76221185594624
120.0000000000001; 0.7624235410949117
120.10000000000011; 0.7626346586657353
120.2000000000001; 0.7628452107119957
120.30000000000011; 0.7630551992783603
120.4000000000001; 0.7632646264009125
120.5000000000001; 0.7634734941071967
120.60000000000011; 0.7636818044162521
120.7000000000001; 0.7638895593386544
120.80000000000011; 0.7640967608765543
120.9000000000001; 0.7643034110237134
121.00000000000011; 0.7645095117655463
121.10000000000011; 0.7647150650791533
121.2000000000001; 0.7649200729333646
121.30000000000011; 0.7651245372887723
121.4000000000001; 0.7653284600977708
121.50000000000011; 0.7655318433045936
121.60000000000011; 0.7657346888453509
121.7000000000001; 0.765936998648065
121.80000000000011; 0.766138774632709
121.9000000000001; 0.7663400187112419
122.00000000000011; 0.7665407327876456
122.10000000000011; 0.7667409187579621
122.2000000000001; 0.7669405785103278
122.30000000000011; 0.7671397139250113
122.4000000000001; 0.7673383268744477
122.50000000000011; 0.7675364192232753
122.60000000000011; 0.7677339928283706
122.7000000000001; 0.7679310495388831
122.80000000000011; 0.7681275911962714
122.9000000000001; 0.768323619634338
123.00000000000011; 0.7685191366792633
123.10000000000011; 0.7687141441496416
123.2000000000001; 0.7689086438565128
123.30000000000011; 0.7691026376034008
123.4000000000001; 0.7692961271863453
123.50000000000011; 0.7694891143939344
123.60000000000011; 0.7696816010073421
123.7000000000001; 0.769873588800359
123.80000000000011; 0.7700650795394275
123.9000000000001; 0.770256074983673
124.00000000000011; 0.7704465768849401
124.10000000000011; 0.7706365869878243
124.2000000000001; 0.7708261070297037
124.30000000000011; 0.7710151387407738
124.4000000000001; 0.7712036838440791
124.50000000000011; 0.771391744055545
124.60000000000011; 0.7715793210840113
124.70000000000012; 0.7717664166312642
124.80000000000011; 0.7719530323920675
124.9000000000001; 0.7721391700541939
125.00000000000011; 0.7723248312984595
125.10000000000011; 0.7725100177987525
125.20000000000012; 0.7726947312220656
125.30000000000011; 0.7728789732285272
125.4000000000001; 0.7730627454714336
125.50000000000011; 0.7732460495972777
125.60000000000011; 0.7734288872457818
125.70000000000012; 0.7736112600499278
125.80000000000011; 0.7737931696359871
125.9000000000001; 0.7739746176235515
126.00000000000011; 0.774155605625563
126.10000000000011; 0.774336135248345
126.20000000000012; 0.7745162080916316
126.30000000000011; 0.7746958257485965
126.4000000000001; 0.7748749898058842
126.50000000000011; 0.7750537018436384
126.60000000000011; 0.7752319634355324
126.70000000000012; 0.775409776148798
126.80000000000011; 0.7755871415442533
126.9000000000001; 0.7757640611763351
127.00000000000011; 0.7759405365931233
127.10000000000011; 0.7761165693363727
127.20000000000012; 0.7762921609415414
127.30000000000011; 0.7764673129378178
127.40000000000012; 0.7766420268481496
127.50000000000011; 0.7768163041892732
127.60000000000011; 0.7769901464717391
127.70000000000012; 0.7771635551999427
127.80000000000011; 0.7773365318721496
127.90000000000012; 0.7775090779805256
128.0000000000001; 0.7776811950111622
128.1000000000001; 0.7778528844441053
128.2000000000001; 0.7780241477533814
128.30000000000013; 0.7781949864070253
128.40000000000012; 0.7783654018671083
128.5000000000001; 0.7785353955897627
128.6000000000001; 0.7787049690252098
128.7000000000001; 0.7788741236177873
128.80000000000013; 0.7790428608059743
128.90000000000012; 0.7792111820224183
129.0000000000001; 0.779379088693962
129.1000000000001; 0.7795465822416686
129.2000000000001; 0.7797136640808481
129.30000000000013; 0.7798803356210829
129.40000000000012; 0.7800465982662552
129.5000000000001; 0.7802124534145694
129.6000000000001; 0.7803779024585806
129.7000000000001; 0.7805429467852193
129.80000000000013; 0.7807075877758152
129.90000000000012; 0.7808718268061238
130.0000000000001; 0.781035665246351
130.1000000000001; 0.781199104461179
130.2000000000001; 0.7813621458097888
130.30000000000013; 0.7815247906458868
130.40000000000012; 0.781687040317729
130.5000000000001; 0.7818488961681446
130.6000000000001; 0.7820103595345617
130.7000000000001; 0.7821714317490304
130.80000000000013; 0.7823321141382477
130.90000000000012; 0.78249240802358
131.0000000000001; 0.782652314721089
131.1000000000001; 0.7828118355415544
131.2000000000001; 0.7829709717904968
131.30000000000013; 0.7831297247682035
131.40000000000012; 0.7832880957697493
131.5000000000001; 0.7834460860850211
131.6000000000001; 0.7836036969987418
131.7000000000001; 0.783760929790491
131.80000000000013; 0.7839177857347315
131.90000000000012; 0.7840742661008289
132.0000000000001; 0.7842303721530758
132.1000000000001; 0.7843861051507148
132.2000000000001; 0.7845414663479601
132.30000000000013; 0.7846964569940206
132.40000000000012; 0.7848510783331224
132.5000000000001; 0.7850053316045301
132.6000000000001; 0.7851592180425695
132.70000000000013; 0.7853127388766502
132.80000000000013; 0.7854658953312863
132.90000000000012; 0.785618688626119
133.0000000000001; 0.785771119975938
133.1000000000001; 0.7859231905907033
133.20000000000013; 0.786074901675567
133.30000000000013; 0.7862262544308938
133.40000000000012; 0.7863772500522828
133.5000000000001; 0.7865278897305887
133.6000000000001; 0.7866781746519435
133.70000000000013; 0.786828105997776
133.80000000000013; 0.7869776849448338
133.90000000000012; 0.7871269126652042
134.0000000000001; 0.7872757903263343
134.1000000000001; 0.7874243190910517
134.20000000000013; 0.7875725001175857
134.30000000000013; 0.7877203345595857
134.40000000000012; 0.7878678235661448
134.5000000000001; 0.7880149682818172
134.6000000000001; 0.7881617698466391
134.70000000000013; 0.788308229396149
134.80000000000013; 0.7884543480614075
134.90000000000012; 0.7886001269690176
135.0000000000001; 0.7887455672411431
135.1000000000001; 0.7888906699955295
135.20000000000013; 0.7890354363455235
135.30000000000013; 0.7891798674000909
135.40000000000012; 0.7893239642638387
135.5000000000001; 0.7894677280370314
135.6000000000001; 0.7896111598156119
135.70000000000013; 0.7897542606912216
135.80000000000013; 0.7898970317512157
135.90000000000012; 0.7900394740786864
136.0000000000001; 0.790181588752479
136.1000000000001; 0.7903233768472113
136.20000000000013; 0.7904648394332924
136.30000000000013; 0.7906059775769415
136.40000000000012; 0.7907467923402052
136.5000000000001; 0.7908872847809775
136.6000000000001; 0.7910274559530175
136.70000000000013; 0.7911673069059659
136.80000000000013; 0.791306838685367
136.90000000000012; 0.7914460523326817
137.0000000000001; 0.7915849488853098
137.1000000000001; 0.7917235293766056
137.20000000000013; 0.7918617948358965
137.30000000000013; 0.7919997462884993
137.40000000000012; 0.7921373847557401
137.5000000000001; 0.79227471125497
137.6000000000001; 0.7924117267995834
137.70000000000013; 0.7925484323990347
137.80000000000013; 0.7926848290588564
137.90000000000012; 0.7928209177806756
138.0000000000001; 0.7929566995622311
138.1000000000001; 0.7930921753973912
138.20000000000013; 0.7932273462761698
138.30000000000013; 0.7933622131847435
138.40000000000012; 0.7934967771054687
138.5000000000001; 0.7936310390168985
138.60000000000014; 0.7937649998937979
138.70000000000013; 0.7938986607071615
138.80000000000013; 0.7940320224242312
138.90000000000012; 0.7941650860085095
139.0000000000001; 0.7942978524197783
139.10000000000014; 0.7944303226141144
139.20000000000013; 0.7945624975439058
139.30000000000013; 0.7946943781578671
139.40000000000012; 0.7948259654010565
139.5000000000001; 0.7949572602148911
139.60000000000014; 0.7950882635371627
139.70000000000013; 0.795218976302054
139.80000000000013; 0.7953493994401543
139.90000000000012; 0.7954795338784747
140.0000000000001; 0.7956093805404638
140.10000000000014; 0.7957389403460238
140.20000000000013; 0.7958682142115244
140.30000000000013; 0.7959972030498207
140.40000000000012; 0.796125907770265
140.5000000000001; 0.7962543292787261
140.60000000000014; 0.7963824684776004
140.70000000000013; 0.7965103262658292
140.80000000000013; 0.7966379035389143
140.90000000000012; 0.7967652011889305
141.0000000000001; 0.7968922201045429
141.10000000000014; 0.7970189611710198
141.20000000000013; 0.7971454252702486
141.30000000000013; 0.7972716132807502
141.40000000000012; 0.797397526077693
141.5000000000001; 0.7975231645329087
141.60000000000014; 0.797648529514904
141.70000000000013; 0.7977736218888787
141.80000000000013; 0.7978984425167368
141.90000000000012; 0.7980229922571027
142.0000000000001; 0.7981472719653343
142.10000000000014; 0.7982712824935378
142.20000000000013; 0.798395024690581
142.30000000000013; 0.798518499402108
142.40000000000012; 0.7986417074705519
142.5000000000001; 0.7987646497351509
142.60000000000014; 0.7988873270319589
142.70000000000013; 0.7990097401938621
142.80000000000013; 0.7991318900505914
142.90000000000012; 0.7992537774287354
143.0000000000001; 0.7993754031517549
143.10000000000014; 0.7994967680399959
143.20000000000013; 0.7996178729107033
143.30000000000013; 0.7997387185780334
143.40000000000012; 0.7998593058530681
143.5000000000001; 0.7999796355438281
143.60000000000014; 0.8000997084552846
143.70000000000013; 0.8002195253893741
143.80000000000013; 0.8003390871450108
143.90000000000012; 0.8004583945180991
144.0000000000001; 0.8005774483015469
144.10000000000014; 0.8006962492852788
144.20000000000013; 0.8008147982562481
144.30000000000013; 0.8009330959984498
144.40000000000012; 0.801051143292933
144.5000000000001; 0.8011689409178149
144.60000000000014; 0.8012864896482906
144.70000000000013; 0.8014037902566485
144.80000000000013; 0.8015208435122807
144.90000000000012; 0.8016376501816967
145.0000000000001; 0.8017542110285342
145.10000000000014; 0.8018705268135725
145.20000000000013; 0.8019865982947445
145.30000000000013; 0.8021024262271489
145.40000000000012; 0.8022180113630614
145.50000000000014; 0.802333354451948
145.60000000000014; 0.8024484562404756
145.70000000000013; 0.8025633174725254
145.80000000000013; 0.8026779388892037
145.90000000000012; 0.8027923212288538
146.00000000000014; 0.8029064652270678
146.10000000000014; 0.8030203716166985
146.20000000000013; 0.8031340411278709
146.30000000000013; 0.8032474744879937
146.40000000000012; 0.8033606724217714
146.50000000000014; 0.8034736356512142
146.60000000000014; 0.8035863648956513
146.70000000000013; 0.8036988608717411
146.80000000000013; 0.8038111242934829
146.90000000000012; 0.8039231558722278
147.00000000000014; 0.8040349563166909
147.10000000000014; 0.8041465263329602
147.20000000000013; 0.8042578666245109
147.30000000000013; 0.8043689778922138
147.40000000000012; 0.8044798608343477
147.50000000000014; 0.8045905161466095
147.60000000000014; 0.8047009445221253
147.70000000000013; 0.8048111466514623
147.80000000000013; 0.8049211232226374
147.90000000000012; 0.8050308749211308
148.00000000000014; 0.8051404024298938
148.10000000000014; 0.8052497064293612
148.20000000000013; 0.8053587875974622
148.30000000000013; 0.8054676466096288
148.40000000000012; 0.805576284138809
148.50000000000014; 0.8056847008554751
148.60000000000014; 0.805792897427635
148.70000000000013; 0.8059008745208436
148.80000000000013; 0.8060086327982106
148.90000000000012; 0.8061161729204123
149.00000000000014; 0.8062234955457027
149.10000000000014; 0.8063306013299218
149.20000000000013; 0.8064374909265063
149.30000000000013; 0.8065441649865008
149.40000000000012; 0.806650624158566
149.50000000000014; 0.8067568690889899
149.60000000000014; 0.8068629004216977
149.70000000000013; 0.8069687187982607
149.80000000000013; 0.8070743248579078
149.90000000000012; 0.8071797192375333
150.00000000000014; 0.8072849025717083
150.10000000000014; 0.8073898750553259
150.20000000000013; 0.8074946377330546
150.30000000000013; 0.8075991912312436
150.40000000000012; 0.8077035361678052
150.50000000000014; 0.8078076731584158
150.60000000000014; 0.8079116028165261
150.70000000000013; 0.8080153257533693
150.80000000000013; 0.8081188425779711
150.90000000000012; 0.8082221538971583
151.00000000000014; 0.8083252603155683
151.10000000000014; 0.8084281624356576
151.20000000000013; 0.8085308608577109
151.30000000000013; 0.8086333561798512
151.40000000000015; 0.8087356489980467
151.50000000000014; 0.808837739906122
151.60000000000014; 0.8089396294957647
151.70000000000013; 0.8090413183565355
151.80000000000013; 0.8091428070758767
151.90000000000015; 0.8092440962391219
152.00000000000014; 0.8093451864295022
152.10000000000014; 0.8094460782281568
152.20000000000013; 0.8095467722141424
152.30000000000013; 0.809647268964439
152.40000000000015; 0.8097475690539602
152.50000000000014; 0.8098476730555623
152.60000000000014; 0.809947581540051
152.70000000000013; 0.8100472950761917
152.80000000000013; 0.8101468142307157
152.90000000000015; 0.8102461395683307
153.00000000000014; 0.8103452716517276
153.10000000000014; 0.8104442110415895
153.20000000000013; 0.8105429582965996
153.30000000000013; 0.8106415139734496
153.40000000000015; 0.8107398786268478
153.50000000000014; 0.810838052809527
153.60000000000014; 0.8109360370722528
153.70000000000013; 0.8110338319638319
153.80000000000013; 0.8111314380311189
153.90000000000015; 0.8112288558190265
154.00000000000014; 0.8113260858705306
154.10000000000014; 0.811423128726681
154.20000000000013; 0.8115199849266068
154.30000000000013; 0.8116166550075264
154.40000000000015; 0.8117131395047534
154.50000000000014; 0.811809438951706
154.60000000000014; 0.811905553879913
154.70000000000013; 0.812001484819023
154.80000000000013; 0.8120972322968119
154.90000000000015; 0.8121927968391889
155.00000000000014; 0.8122881789702063
155.10000000000014; 0.8123833792120654
155.20000000000013; 0.812478398085125
155.30000000000013; 0.8125732361079084
155.40000000000015; 0.8126678937971108
155.50000000000014; 0.8127623716676067
155.60000000000014; 0.8128566702324581
155.70000000000013; 0.8129507900029205
155.80000000000013; 0.8130447314884515
155.90000000000015; 0.8131384951967167
156.00000000000014; 0.8132320816335985
156.10000000000014; 0.8133254913032021
156.20000000000013; 0.8134187247078632
156.30000000000013; 0.8135117823481552
156.40000000000015; 0.8136046647228963
156.50000000000014; 0.8136973723291558
156.60000000000014; 0.813789905662263
156.70000000000013; 0.8138822652158119
156.80000000000013; 0.8139744514816699
156.90000000000015; 0.8140664649499844
157.00000000000014; 0.814158306109189
157.10000000000014; 0.8142499754460115
157.20000000000013; 0.81434147344548
157.30000000000013; 0.8144328005909298
157.40000000000015; 0.8145239573640105
157.50000000000014; 0.8146149442446926
157.60000000000014; 0.8147057617112744
157.70000000000013; 0.8147964102403882
157.80000000000013; 0.814886890307008
157.90000000000015; 0.8149772023844548
158.00000000000014; 0.815067346944405
158.10000000000014; 0.8151573244568949
158.20000000000013; 0.8152471353903287
158.30000000000015; 0.8153367802114849
158.40000000000015; 0.8154262593855228
158.50000000000014; 0.8155155733759877
158.60000000000014; 0.8156047226448195
158.70000000000013; 0.8156937076523577
158.80000000000015; 0.8157825288573477
158.90000000000015; 0.8158711867169486
159.00000000000014; 0.8159596816867372
159.10000000000014; 0.8160480142207168
159.20000000000013; 0.8161361847713217
159.30000000000015; 0.8162241937894246
159.40000000000015; 0.8163120417243415
159.50000000000014; 0.8163997290238395
159.60000000000014; 0.8164872561341422
159.70000000000013; 0.8165746234999347
159.80000000000015; 0.8166618315643722
159.90000000000015; 0.8167488807690843
160.00000000000014; 0.8168357715541811
