energy (keV); transmission
1.0; 0.0
1.1; 0.0
1.2000000000000002; 0.0
1.3000000000000003; 0.0
1.4000000000000004; 0.0
1.5000000000000004; 0.0
1.6000000000000005; 0.0
1.7000000000000006; 0.0
1.8000000000000007; 0.0
1.9000000000000008; 0.0
2.000000000000001; 0.0
2.100000000000001; 0.0
2.200000000000001; 0.0
2.300000000000001; 0.0
2.4000000000000012; 0.0
2.5000000000000013; 0.0
2.6000000000000014; 0.0
2.7000000000000015; 0.0
2.8000000000000016; 0.0
2.9000000000000017; 5.346511011799643e-302
3.0000000000000018; 8.048531898117525e-276
3.100000000000002; 2.6815835619579623e-252
3.200000000000002; 1.897621500315075e-231
3.300000000000002; 6.766505272040914e-213
3.400000000000002; 2.499868163283599e-196
3.500000000000002; 1.7520549995476846e-181
3.6000000000000023; 3.880057163338421e-168
3.7000000000000024; 4.1844603574507084e-156
3.8000000000000025; 3.1765810606192618e-145
3.9000000000000026; 2.3264841206666266e-135
4.000000000000003; 2.1551842392634358e-126
4.100000000000003; 3.886263675047591e-118
4.200000000000003; 1.3287270595466143e-110
4.3000000000000025; 1.0305959901681354e-103
4.400000000000003; 2.1206582940473564e-97
4.5000000000000036; 1.3276840995154357e-91
4.600000000000003; 2.852424080039925e-86
4.700000000000003; 2.3379698064636263e-81
4.800000000000003; 8.027715446653888e-77
4.900000000000004; 1.2543906147983343e-72
5.0000000000000036; 0.0
5.100000000000003; 0.0
5.200000000000004; 0.0
5.300000000000004; 0.0
5.400000000000004; 0.0
5.5000000000000036; 0.0
5.600000000000004; 0.0
5.700000000000005; 0.0
5.800000000000004; 0.0
5.900000000000004; 0.0
6.000000000000004; 1.45096447e-314
6.100000000000005; 2.1497466459345567e-299
6.200000000000005; 1.5376780341168685e-285
6.300000000000004; 7.809713026269613e-273
6.400000000000005; 3.9098745689869312e-261
6.500000000000005; 2.553435608957968e-250
6.600000000000005; 2.766098422186749e-240
6.700000000000005; 6.112466767115266e-231
6.800000000000005; 3.294348648353283e-222
6.900000000000006; 5.05567716723397e-214
7.000000000000005; 2.5275839510880357e-206
7.100000000000005; 4.6291639133240035e-199
7.2000000000000055; 2.6246814790067653e-192
7.300000000000006; 8.738565405156756e-186
7.400000000000006; 1.3970848757833898e-179
7.500000000000005; 1.1494754647260377e-173
7.600000000000006; 5.173005992385825e-168
7.700000000000006; 1.343639507184391e-162
7.800000000000006; 2.1120382213919206e-157
7.900000000000006; 2.094952719815897e-152
8.000000000000007; 1.3606868282034356e-147
8.100000000000007; 5.962401138133805e-143
8.200000000000006; 1.785435287487414e-138
8.300000000000006; 3.6908133854910043e-134
8.400000000000006; 5.322096003060585e-130
8.500000000000007; 5.4105667275295643e-126
8.600000000000007; 3.9198632316144834e-122
8.700000000000006; 2.0457645109259494e-118
8.800000000000008; 7.774595173022973e-115
8.900000000000007; 2.1746396378098377e-111
9.000000000000007; 4.524635799649712e-108
9.100000000000007; 7.076187083093447e-105
9.200000000000006; 8.404007419491522e-102
9.300000000000008; 7.656064363734788e-99
9.400000000000007; 5.402775983558615e-96
9.500000000000007; 2.981765179263886e-93
9.600000000000009; 1.2990180828269442e-90
9.700000000000008; 4.5078126893598427e-88
9.800000000000008; 1.2569842893577174e-85
9.900000000000007; 2.840473697162719e-83
10.000000000000007; 5.244580434535115e-81
10.100000000000009; 7.976073204877573e-79
10.200000000000008; 1.0082248614239055e-76
10.300000000000008; 1.068518202977895e-74
10.40000000000001; 9.572257890797387e-73
10.500000000000009; 7.304763883052603e-71
10.600000000000009; 4.783234134219925e-69
10.700000000000008; 2.7061403340881436e-67
10.800000000000008; 1.3314299138741644e-65
10.90000000000001; 5.7319022876555094e-64
11.000000000000009; 2.1718090628705907e-62
11.100000000000009; 7.282535467704579e-61
11.20000000000001; 2.17245877297302e-59
11.30000000000001; 5.794023220163733e-58
11.40000000000001; 1.3880643409763047e-56
11.500000000000009; 3.000381100796436e-55
11.600000000000009; 5.876511400890238e-54
11.70000000000001; 1.0470945089229603e-52
11.80000000000001; 1.7038660811867753e-51
11.90000000000001; 2.541246794271276e-50
12.00000000000001; 3.485954289654392e-49
12.10000000000001; 4.412545070168521e-48
12.20000000000001; 5.170232091317444e-47
12.30000000000001; 5.624457213684389e-46
12.40000000000001; 5.696869130760694e-45
12.50000000000001; 5.387096005798954e-44
12.60000000000001; 4.7682545919796985e-43
12.70000000000001; 3.9602478076346953e-42
12.800000000000011; 3.0936186887029413e-41
12.900000000000011; 2.278084948135898e-40
13.00000000000001; 1.584766733938218e-39
13.10000000000001; 1.0436270556891004e-38
13.20000000000001; 6.518729102037769e-38
13.300000000000011; 3.869314851865534e-37
13.400000000000011; 2.18644924400964e-36
13.50000000000001; 1.1782192765842925e-35
13.600000000000012; 6.064704872558553e-35
13.700000000000012; 2.986587842793173e-34
13.800000000000011; 1.4092224584941486e-33
13.900000000000011; 6.380456617151793e-33
14.00000000000001; 2.775845375889778e-32
14.100000000000012; 1.1619535751168826e-31
14.200000000000012; 4.685840245861667e-31
14.300000000000011; 1.8227378453771812e-30
14.400000000000013; 6.847160462787779e-30
14.500000000000012; 2.4867812936320417e-29
14.600000000000012; 8.741326583648803e-29
14.700000000000012; 2.977029860395897e-28
14.800000000000011; 9.83311102586765e-28
14.900000000000013; 3.1529684116239765e-27
15.000000000000012; 9.823634637630175e-27
15.100000000000012; 2.9767215867192344e-26
15.200000000000014; 8.779679897986682e-26
15.300000000000013; 2.5225726209081793e-25
15.400000000000013; 7.065956546736537e-25
15.500000000000012; 1.931018649016621e-24
15.600000000000012; 5.152343112338823e-24
15.700000000000014; 1.3431656381973334e-23
15.800000000000013; 3.423371883892997e-23
15.900000000000013; 8.536138837667093e-23
16.000000000000014; 2.0836523758610414e-22
16.100000000000016; 4.982068697894593e-22
16.200000000000014; 1.1675356254714802e-21
16.30000000000001; 2.6832016900502795e-21
16.400000000000013; 6.050590648481797e-21
16.500000000000014; 1.3394734393440361e-20
16.600000000000016; 2.912629940073653e-20
16.700000000000014; 6.223963525942822e-20
16.800000000000015; 1.3076391049524375e-19
16.900000000000013; 2.7024004808842666e-19
17.000000000000014; 5.496013017183342e-19
17.100000000000016; 1.1004517951809072e-18
17.200000000000014; 2.1702134864544002e-18
17.300000000000015; 4.2171510796985335e-18
17.400000000000013; 8.077790992092495e-18
17.500000000000014; 1.525769334212688e-17
17.600000000000016; 2.842947370956993e-17
17.700000000000014; 5.227430247788653e-17
17.800000000000015; 9.488512479038283e-17
17.900000000000016; 1.70076682703219e-16
18.000000000000014; 3.0114105310905003e-16
18.100000000000016; 5.268793016503703e-16
18.200000000000017; 9.111744632912028e-16
18.300000000000015; 1.5580104532593054e-15
18.400000000000016; 2.634771218821298e-15
18.500000000000014; 4.407990910572437e-15
18.600000000000016; 7.297625730680403e-15
18.700000000000017; 1.1958589668032906e-14
18.800000000000015; 1.9402013257870068e-14
18.900000000000016; 3.11738024435707e-14
19.000000000000014; 4.9615050535852137e-14
19.100000000000016; 7.823827089366219e-14
19.200000000000017; 1.222660013477761e-13
19.300000000000015; 1.8939499153708054e-13
19.400000000000016; 2.9087103859777136e-13
19.500000000000018; 4.4298794570144567e-13
19.600000000000016; 6.69160681529671e-13
19.700000000000017; 1.0027695725835489e-12
19.80000000000002; 1.4910315727384933e-12
19.900000000000016; 2.2002290225377346e-12
20.000000000000018; 3.2227189524378988e-12
20.100000000000016; 4.686080209513468e-12
20.200000000000017; 6.7658368033959564e-12
20.30000000000002; 9.701306725103873e-12
20.400000000000016; 1.381676040764755e-11
20.500000000000018; 1.9548699670476456e-11
20.600000000000016; 2.7480944560045113e-11
20.700000000000017; 3.838947758677308e-11
20.80000000000002; 5.329940470434042e-11
20.900000000000016; 7.355687016197005e-11
21.000000000000018; 1.0091931543617897e-10
21.10000000000002; 1.3766810833156172e-10
21.200000000000017; 1.8674829451141919e-10
21.30000000000002; 2.519410474683551e-10
21.40000000000002; 3.3807532119580597e-10
21.500000000000018; 4.512862489390798e-10
21.60000000000002; 5.99328986991013e-10
21.700000000000017; 7.919579791749322e-10
21.80000000000002; 1.041383018848093e-09
21.90000000000002; 1.3628150129614002e-09
22.000000000000018; 1.7751160072721866e-09
22.10000000000002; 2.301569811739539e-09
22.200000000000017; 2.970791466857623e-09
22.30000000000002; 3.81779580945712e-09
22.40000000000002; 4.885247522134826e-09
22.500000000000018; 6.22491727333187e-09
22.60000000000002; 7.899370861936967e-09
22.70000000000002; 9.983920655281982e-09
22.80000000000002; 1.256887103406427e-08
22.90000000000002; 1.5762092011060072e-08
23.00000000000002; 1.969195764891862e-08
23.10000000000002; 2.4510688340100163e-08
23.20000000000002; 3.0398138401119926e-08
23.30000000000002; 3.756607274383312e-08
23.40000000000002; 4.626297858727202e-08
23.50000000000002; 5.677946023150409e-08
23.60000000000002; 6.945426679695576e-08
23.70000000000002; 8.468100450423664e-08
23.80000000000002; 1.0291558649674237e-07
23.90000000000002; 1.2468447435754145e-07
24.00000000000002; 1.5059376631026015e-07
24.10000000000002; 1.813391875892938e-07
24.20000000000002; 2.1771703858854572e-07
24.300000000000022; 2.606361561212219e-07
24.40000000000002; 3.111309424231334e-07
24.50000000000002; 3.703755153845806e-07
24.600000000000023; 4.396990318850339e-07
24.70000000000002; 5.206022340145987e-07
24.800000000000022; 6.147752653869832e-07
24.90000000000002; 7.241168016752457e-07
25.00000000000002; 8.507545359305681e-07
25.100000000000023; 9.970670551811759e-07
25.20000000000002; 1.1657071402611299e-06
25.300000000000022; 1.3596265157978178e-06
25.40000000000002; 1.582102071814907e-06
25.50000000000002; 1.8367635724990495e-06
25.600000000000023; 2.1276228613721062e-06
25.70000000000002; 2.459104565423187e-06
25.800000000000022; 2.8360782937363187e-06
25.900000000000023; 3.2638923188248336e-06
26.00000000000002; 3.748408721308259e-06
26.100000000000023; 4.296039970774397e-06
26.200000000000024; 4.91378690772118e-06
26.300000000000022; 5.609278083401392e-06
26.400000000000023; 6.3908104062621835e-06
26.50000000000002; 7.267391035547335e-06
26.600000000000023; 8.248780454515642e-06
26.700000000000024; 9.345536647755384e-06
26.800000000000022; 1.0569060299217412e-05
26.900000000000023; 1.1931640919960462e-05
27.00000000000002; 1.3446503807211659e-05
27.100000000000023; 1.5127857729276704e-05
27.200000000000024; 1.6990943224110333e-05
27.300000000000022; 1.9052081393019948e-05
27.400000000000023; 2.132872306512431e-05
27.500000000000025; 2.38394982027425e-05
27.600000000000023; 2.660426541304635e-05
27.700000000000024; 2.9644161426940377e-05
27.800000000000026; 3.298165040237521e-05
27.900000000000023; 3.6640572906180614e-05
28.000000000000025; 4.0646194425885e-05
28.100000000000023; 4.5025253261172664e-05
28.200000000000024; 4.9806007643314e-05
28.300000000000026; 5.501828193033189e-05
28.400000000000023; 6.0693511725728194e-05
28.500000000000025; 6.686478776928168e-05
28.600000000000023; 7.356689844985933e-05
28.700000000000024; 8.083637079210782e-05
28.800000000000026; 8.871150977159372e-05
28.900000000000023; 9.723243581623857e-05
29.000000000000025; 0.00010644112035563967
29.100000000000026; 0.00011638141928438733
29.200000000000024; 0.00012709910421036913
29.300000000000026; 0.00013864189136467194
29.400000000000027; 0.00015105946805534493
29.500000000000025; 0.00016440351655415706
29.600000000000026; 0.0001787277353117822
29.700000000000024; 0.00019408785740455424
29.800000000000026; 0.00021054166612304368
29.900000000000027; 0.0002281490076208861
30.000000000000025; 0.000246971800550268
30.100000000000026; 0.00026708199913672953
30.200000000000024; 0.0002885389152948932
30.300000000000026; 0.0003114106697344028
30.400000000000027; 0.00033576756927356416
30.500000000000025; 0.0003616819928553115
30.600000000000026; 0.00038922838151746474
30.700000000000028; 0.0004184832250462176
30.800000000000026; 0.00044952504530975285
30.900000000000027; 0.0004824343762777439
31.00000000000003; 0.0005172937407414563
31.100000000000026; 0.0005541876237571955
31.200000000000028; 0.0005932024428450458
31.300000000000026; 0.0006344265149822621
31.400000000000027; 0.0006779500204391425
31.50000000000003; 0.0007238649635126784
31.600000000000026; 0.0007722651302206032
31.700000000000028; 0.0008232460430257916
31.800000000000026; 0.0008769049126677228
31.900000000000027; 0.0009333405871834539
32.00000000000003; 0.0009926534982077713
32.10000000000002; 0.0010549456046470202
32.20000000000003; 0.001120320333826375
32.300000000000026; 0.0011888825202159509
32.40000000000003; 0.0012607383418448408
32.50000000000003; 0.0013359952545170452
32.60000000000003; 0.0014147619239459487
32.70000000000003; 0.0014971481559285483
32.800000000000026; 0.0015832648246827193
32.90000000000003; 0.0016732237994732146
33.00000000000003; 0.0017671378696548902
33.10000000000003; 0.0018651206682625489
33.20000000000003; 0.0019672865942788865
33.300000000000026; 0.0020737507337119927
33.40000000000003; 0.0021846287796159092
33.50000000000003; 0.002300036951185745
33.60000000000003; 0.002420091912061836
33.70000000000003; 0.002544910687972857
33.800000000000026; 0.00267461058385153
33.90000000000003; 0.002809309100551368
34.00000000000003; 0.0029491238512951478
34.10000000000003; 0.003094172477980037
34.20000000000003; 0.0032445725674668407
34.30000000000003; 0.0034004415679751657
34.40000000000003; 0.0035618967057049924
34.50000000000003; 0.0037290549018033844
34.60000000000003; 0.00390203268979023
34.70000000000003; 0.004080946133556587
34.80000000000003; 0.004265910746041964
34.90000000000003; 0.004457041408699103
35.00000000000003; 0.004654452291844655
35.10000000000003; 0.00485825677599606
35.20000000000003; 0.005068567374289045
35.30000000000003; 0.005285495656063887
35.400000000000034; 0.005509152171710627
35.50000000000003; 0.005739646378851474
35.60000000000003; 0.005977086569942775
35.70000000000003; 0.006221579801367551
35.80000000000003; 0.006473231824090228
35.900000000000034; 0.006732147015939865
36.00000000000003; 0.006998428315581284
36.10000000000003; 0.00727217715823469
36.20000000000003; 0.007553493413193936
36.30000000000003; 0.007842475323194676
36.400000000000034; 0.008139219445676206
36.50000000000003; 0.00844382059597871
36.60000000000003; 0.008756371792511451
36.70000000000003; 0.009076964203926518
36.80000000000003; 0.009405687098325862
36.900000000000034; 0.009742627794525336
37.00000000000003; 0.010087871615401567
37.10000000000003; 0.010441501843333234
37.20000000000003; 0.01080359967775612
37.30000000000003; 0.01117424419483898
37.400000000000034; 0.011553512309289573
37.500000000000036; 0.011941478738291095
37.60000000000003; 0.01233821596757639
37.70000000000003; 0.012743794219629054
37.80000000000003; 0.013158281424013152
37.900000000000034; 0.013581743189817974
38.000000000000036; 0.014014242780210273
38.10000000000003; 0.014455841089078974
38.20000000000003; 0.014906596619754965
38.30000000000003; 0.015366565465790318
38.400000000000034; 0.015835801293770952
38.500000000000036; 0.016314355328146485
38.60000000000004; 0.016802276338044125
38.70000000000003; 0.01729961062604841
38.80000000000003; 0.017806402018907885
38.900000000000034; 0.01832269186014679
39.000000000000036; 0.01884851900454405
39.10000000000004; 0.01938391981444842
39.20000000000003; 0.019928928157892024
39.30000000000003; 0.02048357540846982
39.400000000000034; 0.021047890446942646
39.500000000000036; 0.021621899664528293
39.60000000000004; 0.022205626967841233
39.70000000000003; 0.022799093785435477
39.80000000000003; 0.023402319075917954
39.900000000000034; 0.02401531933758128
40.000000000000036; 0.024638103956968534
40.10000000000004; 0.02527035264936114
40.20000000000003; 0.02591240041738936
40.30000000000003; 0.026564254569883216
40.400000000000034; 0.027225920060761192
40.500000000000036; 0.027897399506748414
40.60000000000004; 0.02857869320627227
40.70000000000004; 0.02926979915948639
40.80000000000003; 0.029970713089389072
40.900000000000034; 0.030681428463980025
41.000000000000036; 0.031401936519425494
41.10000000000004; 0.0321322262841803
41.20000000000004; 0.032872284604022695
41.30000000000003; 0.03362209616796749
41.400000000000034; 0.03438164353500901
41.500000000000036; 0.035150907161650494
41.60000000000004; 0.035929865430189944
41.70000000000004; 0.036718494677704897
41.80000000000004; 0.037516769225709755
41.900000000000034; 0.0383246614104429
42.000000000000036; 0.03914214161373607
42.10000000000004; 0.039969178294440265
42.20000000000004; 0.04080573802036347
42.30000000000004; 0.041651785500677496
42.400000000000034; 0.042507283618776516
42.500000000000036; 0.04337219346552339
42.60000000000004; 0.0442464743728774
42.70000000000004; 0.04513008394785072
42.80000000000004; 0.04602297810676237
42.900000000000034; 0.0469251111097674
43.000000000000036; 0.04783643559561482
43.10000000000004; 0.04875690261661564
43.20000000000004; 0.04968646167378174
43.30000000000004; 0.05062506075211158
43.400000000000034; 0.05157264635599255
43.500000000000036; 0.052529163544686994
43.60000000000004; 0.05349455596788648
43.70000000000004; 0.05446876590129643
43.80000000000004; 0.0554517342822294
43.90000000000004; 0.05644340074518277
44.000000000000036; 0.057443703657383556
44.10000000000004; 0.05845258015426217
44.20000000000004; 0.0594699661748441
44.30000000000004; 0.060495796497040365
44.40000000000004; 0.06153000477280577
44.500000000000036; 0.06257252356314998
44.60000000000004; 0.06362328437298748
44.70000000000004; 0.06468221768579996
44.80000000000004; 0.06574925299809557
44.90000000000004; 0.06682431885365267
45.00000000000004; 0.06790734287752571
45.10000000000004; 0.06899825180980335
45.20000000000004; 0.07009697153909801
45.30000000000004; 0.0712034271357602
45.40000000000004; 0.07231754288479672
45.50000000000004; 0.07343924231848344
45.60000000000004; 0.07456844824866604
45.70000000000004; 0.0757050827987275
45.80000000000004; 0.07684906743521236
45.90000000000004; 0.07800032299911433
46.00000000000004; 0.07915876973678755
46.10000000000004; 0.08032432733050625
46.20000000000004; 0.08149691492863699
46.30000000000004; 0.08267645117543294
46.40000000000004; 0.0838628542404315
46.50000000000004; 0.08505604184745753
46.60000000000004; 0.08625593130322275
46.70000000000004; 0.0874624395255141
46.80000000000004; 0.08867548307096539
46.90000000000004; 0.08989497816241088
47.00000000000004; 0.09112084071581446
47.100000000000044; 0.0923529863667733
47.20000000000004; 0.0935913304965828
47.30000000000004; 0.09483578825787999
47.40000000000004; 0.09608627459983646
47.50000000000004; 0.09734270429292116
47.600000000000044; 0.09860499195322323
47.70000000000004; 0.0998730520663253
47.80000000000004; 0.10114679901074325
47.90000000000004; 0.10242614708091716
48.00000000000004; 0.10371101050975956
48.100000000000044; 0.10500130349075568
48.200000000000045; 0.10629694019962958
48.30000000000004; 0.10759783481556029
48.40000000000004; 0.10890390154195616
48.50000000000004; 0.11021505462678818
48.600000000000044; 0.11153120838248759
48.700000000000045; 0.11285227720540175
48.80000000000004; 0.11417817559481659
48.90000000000004; 0.11550881817154135
49.00000000000004; 0.11684411969606345
49.100000000000044; 0.11818399508628015
49.200000000000045; 0.11952835943479134
49.30000000000004; 0.12087712802578222
49.40000000000004; 0.12223021635147964
49.50000000000004; 0.12358754012818461
49.600000000000044; 0.12494901531191034
49.700000000000045; 0.12631455811358516
49.80000000000004; 0.12768408501387166
49.90000000000004; 0.12905751277757288
50.00000000000004; 0.13043475846763428
50.100000000000044; 0.13181624759001398
50.200000000000045; 0.13320139782891502
50.30000000000005; 0.13459012050744798
50.40000000000004; 0.13598233285186698
50.50000000000004; 0.13737795244450757
50.600000000000044; 0.13877689723612965
50.700000000000045; 0.14017908555788197
50.80000000000005; 0.14158443613289726
50.90000000000004; 0.14299286808751846
51.00000000000004; 0.14440430096216048
51.100000000000044; 0.14581865472181263
51.200000000000045; 0.14723584976618806
51.30000000000005; 0.14865580693952138
51.40000000000005; 0.1500784475400309
51.50000000000004; 0.15150369332902375
51.600000000000044; 0.15293146653968706
51.700000000000045; 0.15436168988553584
51.80000000000005; 0.15579428656853955
51.90000000000005; 0.15722918028693636
52.00000000000004; 0.15866629524271794
52.100000000000044; 0.16010555614882388
52.200000000000045; 0.1615468882360178
52.30000000000005; 0.16299021725947088
52.40000000000005; 0.16443546950504992
52.50000000000004; 0.16588257179532115
52.600000000000044; 0.1673314514952611
52.700000000000045; 0.16878203651769444
52.80000000000005; 0.17023425532846684
52.90000000000005; 0.1716880369513332
53.00000000000004; 0.17314331097259406
53.100000000000044; 0.17460000754547184
53.200000000000045; 0.17605805739423172
53.30000000000005; 0.17751739181805692
53.40000000000005; 0.17897794269467907
53.50000000000005; 0.18043964248377012
53.600000000000044; 0.1819024242301085
53.700000000000045; 0.18336622156649984
53.80000000000005; 0.18483096871649332
53.90000000000005; 0.1862966004968683
54.00000000000005; 0.18776305231991072
54.100000000000044; 0.18923026019547481
54.200000000000045; 0.19069816073285117
54.30000000000005; 0.1921666911424244
54.40000000000005; 0.19363578923713784
54.50000000000005; 0.19510539343377672
54.60000000000005; 0.19657544275404665
54.700000000000045; 0.19804587682548994
54.80000000000005; 0.1995166358822134
54.90000000000005; 0.20098766076544197
55.00000000000005; 0.20245889292391495
55.10000000000005; 0.20393027441409944
55.200000000000045; 0.20540174790026205
55.30000000000005; 0.20687325665437545
55.40000000000005; 0.2083447445558669
55.50000000000005; 0.2098161560912329
55.60000000000005; 0.21128743635350222
55.700000000000045; 0.21275853104155323
55.80000000000005; 0.21422938645930392
55.90000000000005; 0.21569994951476876
56.00000000000005; 0.2171701677189764
56.10000000000005; 0.21863998918478134
56.200000000000045; 0.22010936262553046
56.30000000000005; 0.22157823735363552
56.40000000000005; 0.22304656327901115
56.50000000000005; 0.22451429090741704
56.60000000000005; 0.22598137133868032
56.70000000000005; 0.2274477562648287
56.80000000000005; 0.2289133979681083
56.90000000000005; 0.23037824931890627
57.00000000000005; 0.23184226377359227
57.10000000000005; 0.2333053953722538
57.20000000000005; 0.23476759873634506
57.30000000000005; 0.2362288290662635
57.40000000000005; 0.23768904213882872
57.50000000000005; 0.23914819430468423
57.60000000000005; 0.2406062424856403
57.70000000000005; 0.24206314417191618
57.800000000000054; 0.24351885741933288
57.90000000000005; 0.24497334084643047
58.00000000000005; 0.246426553631512
58.10000000000005; 0.24787845550964338
58.20000000000005; 0.2493290067695709
58.300000000000054; 0.2507781682505957
58.40000000000005; 0.2522259013393904
58.50000000000005; 0.2536721679667594
58.60000000000005; 0.2551169306043431
58.70000000000005; 0.2565601522612946
58.800000000000054; 0.25800179648087906
58.90000000000005; 0.25944182733705845
59.00000000000005; 0.260880209431013
59.10000000000005; 0.26231690788763745
59.20000000000005; 0.2637518883519895
59.300000000000054; 0.2651851169857089
59.40000000000005; 0.2666165604633963
59.50000000000005; 0.26804618596896834
59.60000000000005; 0.26947396119197586
59.70000000000005; 0.27089985432389485
59.800000000000054; 0.272323834054395
59.900000000000055; 0.273745869567583
60.00000000000005; 0.2751659305382107
60.10000000000005; 0.27658373317708823
60.20000000000005; 0.277999503104724
60.300000000000054; 0.2794132121840654
60.400000000000055; 0.2808248327248819
60.50000000000005; 0.2822343375040173
60.60000000000005; 0.2836416997613908
60.70000000000005; 0.2850468931960042
60.800000000000054; 0.28644989196192966
60.900000000000055; 0.28785067066430364
61.00000000000006; 0.28924920435530627
61.10000000000005; 0.29064546853014334
61.20000000000005; 0.2920394391230252
61.300000000000054; 0.2934310925031456
61.400000000000055; 0.29482040547065236
61.50000000000006; 0.29620735525263825
61.60000000000005; 0.29759191949911146
61.70000000000005; 0.29897407627898254
61.800000000000054; 0.3003538040760537
61.900000000000055; 0.3017310817850184
62.00000000000006; 0.3031058887074466
62.10000000000005; 0.30447820454780633
62.20000000000005; 0.3058480094094704
62.300000000000054; 0.30721528379073815
62.400000000000055; 0.3085800085808754
62.50000000000006; 0.30994216505614686
62.60000000000005; 0.3113017348758796
62.70000000000005; 0.3126587000785221
62.800000000000054; 0.3140130430777217
62.900000000000055; 0.3153647466584228
63.00000000000006; 0.3167137939729593
63.10000000000006; 0.3180601685371835
63.20000000000005; 0.31940385422659445
63.300000000000054; 0.3207448352724862
63.400000000000055; 0.32208309625811826
63.50000000000006; 0.3234186221148941
63.60000000000006; 0.3247513981185543
63.70000000000005; 0.3260814098854047
63.800000000000054; 0.32740864336854236
63.900000000000055; 0.32873308485410735
64.00000000000006; 0.33005472095756355
64.10000000000005; 0.3313735386199817
64.20000000000006; 0.3326895251043514
64.30000000000005; 0.33400266799191847
64.40000000000006; 0.33531295517853105
64.50000000000006; 0.3366203748710125
64.60000000000005; 0.33792491558356025
64.70000000000006; 0.3392265661341551
64.80000000000005; 0.3405253156410013
64.90000000000006; 0.3418211535189929
65.00000000000006; 0.34311406947617923
65.10000000000005; 0.34440405351028897
65.20000000000006; 0.345691095905243
65.30000000000005; 0.34697518722770987
65.40000000000006; 0.34825631832368614
65.50000000000006; 0.34953448031508133
65.60000000000005; 0.35080966459635
65.70000000000006; 0.35208186283113563
65.80000000000005; 0.3533510669489325
65.90000000000006; 0.3546172691417868
66.00000000000006; 0.3558804618610155
66.10000000000005; 0.357140637813941
66.20000000000006; 0.35839778996066696
66.30000000000005; 0.3596519115108661
66.40000000000006; 0.36090299592059805
66.50000000000006; 0.362151036889149
66.60000000000005; 0.3633960283559018
66.70000000000006; 0.36463796449722874
66.80000000000005; 0.36587683972340307
66.90000000000006; 0.3671126486755502
67.00000000000006; 0.3683453862226026
67.10000000000007; 0.36957504745830977
67.20000000000006; 0.370801627698239
67.30000000000005; 0.3720251224768347
67.40000000000006; 0.3732455275444739
67.50000000000006; 0.3744628388645728
67.60000000000007; 0.37567705261069795
67.70000000000006; 0.37688816516371404
67.80000000000005; 0.37809617310895643
67.90000000000006; 0.3793010732334279
68.00000000000006; 0.38050286252301385
68.10000000000007; 0.3817015381597354
68.20000000000006; 0.3828970975190189
68.30000000000005; 0.38408953816699076
68.40000000000006; 0.3852788578578046
68.50000000000006; 0.3864650545309844
68.60000000000007; 0.38764812630879897
68.70000000000006; 0.3888280714936575
68.80000000000005; 0.39000488856553284
68.90000000000006; 0.3911785761794112
69.00000000000006; 0.39234913316275855
69.10000000000007; 0.39351655851302075
69.20000000000006; 0.39468085139514425
69.30000000000005; 0.3958420111391234
69.40000000000006; 0.39700003723756405
69.50000000000006; 0.39815492934328545
69.60000000000007; 0.39930668726693513
69.70000000000006; 0.4004553109746324
69.80000000000007; 0.4016008005856332
69.90000000000006; 0.4027431563700234
70.00000000000006; 0.40388237874643146
70.10000000000007; 0.40501846827976395
70.20000000000006; 0.4061514256789727
70.30000000000007; 0.4072812517948368
70.40000000000006; 0.4084079476177661
70.50000000000006; 0.4095315142756411
70.60000000000007; 0.41065195303165924
70.70000000000006; 0.4117692652822218
70.80000000000007; 0.41288345255481945
70.90000000000006; 0.41399451650596997
71.00000000000006; 0.41510245891915293
71.10000000000007; 0.41620728170278204
71.20000000000006; 0.4173089868881938
71.30000000000007; 0.4184075766276578
71.40000000000006; 0.4195030531924107
71.50000000000006; 0.4205954189707138
71.60000000000007; 0.4216846764659269
71.70000000000006; 0.42277082829461027
71.80000000000007; 0.4238538771846418
71.90000000000006; 0.42493382597335744
72.00000000000006; 0.4260106776057146
72.10000000000007; 0.4270844351324776
72.20000000000006; 0.4281551017084158
72.30000000000007; 0.4292226805905339
72.40000000000006; 0.43028717513630793
72.50000000000006; 0.431348588801963
72.60000000000007; 0.43240692514074375
72.70000000000006; 0.4334621878012321
72.80000000000007; 0.4345143805256632
72.90000000000006; 0.43556350714827424
73.00000000000006; 0.4366095715936675
73.10000000000007; 0.43765257787519113
73.20000000000006; 0.43869253009334647
73.30000000000007; 0.4397294324342044
73.40000000000006; 0.4407632891678501
73.50000000000007; 0.44179410464683877
73.60000000000007; 0.4428218833046717
73.70000000000006; 0.44384662965429833
73.80000000000007; 0.44486834828662347
73.90000000000006; 0.4458870438690452
74.00000000000007; 0.4469027211440014
74.10000000000007; 0.44791538492753646
74.20000000000006; 0.4489250401078917
74.30000000000007; 0.44993169164410224
74.40000000000006; 0.4509353445646243
74.50000000000007; 0.4519360039659633
74.60000000000007; 0.45293367501133636
74.70000000000006; 0.453928362929341
74.80000000000007; 0.4549200730126373
74.90000000000006; 0.4559088106166598
75.00000000000007; 0.456894581158336
75.10000000000007; 0.4578773901148193
75.20000000000006; 0.45885724302224656
75.30000000000007; 0.45983414547450263
75.40000000000006; 0.4608081031220086
75.50000000000007; 0.46177912167051954
75.60000000000007; 0.4627472068799402
75.70000000000006; 0.46371236456315473
75.80000000000007; 0.46467460058487703
75.90000000000006; 0.4656339208605022
76.00000000000007; 0.46659033135499584
76.10000000000007; 0.46754383808176875
76.20000000000007; 0.4684944471015967
76.30000000000007; 0.46944216452152665
76.40000000000006; 0.4703869964938222
76.50000000000007; 0.47132894921490176
76.60000000000007; 0.47226802892430364
76.70000000000007; 0.4732042419036633
76.80000000000007; 0.47413759447569936
76.90000000000006; 0.4750680930032186
77.00000000000007; 0.47599574388813215
77.10000000000007; 0.4769205535704785
77.20000000000007; 0.4778425285274766
77.30000000000007; 0.4787616752725737
77.40000000000006; 0.4796780003545128
77.50000000000007; 0.4805915103564212
77.60000000000007; 0.48150221189489373
77.70000000000007; 0.48241011161910846
77.80000000000007; 0.48331521620993656
77.90000000000006; 0.4842175323790792
78.00000000000007; 0.48511706686820516
78.10000000000007; 0.4860138264481102
78.20000000000007; 0.48690781791787663
78.30000000000007; 0.48779904810405655
78.40000000000006; 0.48868752385986
78.50000000000007; 0.48957325206435365
78.60000000000007; 0.4904562396216747
78.70000000000007; 0.4913364934602519
78.80000000000007; 0.4922140205320446
78.90000000000006; 0.4930888278117794
79.00000000000007; 0.4939609222962148
79.10000000000007; 0.4948303110034018
79.20000000000007; 0.4956970009719634
79.30000000000007; 0.4965609992603798
79.40000000000006; 0.4974223129462898
79.50000000000007; 0.49828094912579607
79.60000000000007; 0.4991369149127813
79.70000000000007; 0.49999021743824207
79.80000000000007; 0.5008408638496209
79.90000000000008; 0.5016888613101532
80.00000000000007; 0.5025342169982328
80.10000000000007; 0.5033771444812899
80.20000000000007; 0.5042174461722395
80.30000000000007; 0.5050551259295272
80.40000000000008; 0.5058901906662371
80.50000000000007; 0.5067226473105689
80.60000000000007; 0.5075525028052309
80.70000000000007; 0.50837976410685
80.80000000000007; 0.5092044381853794
80.90000000000008; 0.5100265320235232
81.00000000000007; 0.5108460526161648
81.10000000000007; 0.5116630069698047
81.20000000000007; 0.5124774021020104
81.30000000000007; 0.5132892450408673
81.40000000000008; 0.5140985428244427
81.50000000000007; 0.5149053025002616
81.60000000000007; 0.5157095311247768
81.70000000000007; 0.5165112357628616
81.80000000000007; 0.517310423487301
81.90000000000008; 0.5181071013782995
82.00000000000007; 0.518901276522981
82.10000000000007; 0.5196929560149127
82.20000000000007; 0.5204821469536299
82.30000000000007; 0.521268856444161
82.40000000000008; 0.5220530915965738
82.50000000000007; 0.5228348595255161
82.60000000000008; 0.5236141673497714
82.70000000000007; 0.5243910221918175
82.80000000000007; 0.5251654311773934
82.90000000000008; 0.5259374014350718
83.00000000000007; 0.5267069400958398
83.10000000000008; 0.5274740542926896
83.20000000000007; 0.5282387511602027
83.30000000000007; 0.5290010378341595
83.40000000000008; 0.5297609214511365
83.50000000000007; 0.530518409148126
83.60000000000008; 0.5312735080621512
83.70000000000007; 0.532026225329891
83.80000000000007; 0.5327765680873101
83.90000000000008; 0.5335245434692979
84.00000000000007; 0.5342701586093106
84.10000000000008; 0.5350134206390177
84.20000000000007; 0.5357543366879581
84.30000000000007; 0.536492913883203
84.40000000000008; 0.5372291593490137
84.50000000000007; 0.5379630802065202
84.60000000000008; 0.5386946835733958
84.70000000000007; 0.5394239765635385
84.80000000000007; 0.5401509662867576
84.90000000000008; 0.5408756598484687
85.00000000000007; 0.5415980643493893
85.10000000000008; 0.5423181868852478
85.20000000000007; 0.5430360345464812
85.30000000000007; 0.5437516144179596
85.40000000000008; 0.5444649335786967
85.50000000000007; 0.5451759991015761
85.60000000000008; 0.5458848180530823
85.70000000000007; 0.5465913974930253
85.80000000000007; 0.5472957444742859
85.90000000000008; 0.547997866042554
86.00000000000007; 0.5486977692360778
86.10000000000008; 0.5493954610854125
86.20000000000007; 0.5500909486131775
86.30000000000008; 0.5507842388338164
86.40000000000008; 0.5514753387533632
86.50000000000007; 0.5521642553692071
86.60000000000008; 0.5528509956698693
86.70000000000007; 0.5535355666347802
86.80000000000008; 0.5542179752340607
86.90000000000008; 0.5548982284283025
87.00000000000007; 0.5555763331683671
87.10000000000008; 0.5562522963951724
87.20000000000007; 0.5569261250394936
87.30000000000008; 0.557597826021763
87.40000000000008; 0.5582674062518742
87.50000000000007; 0.5589348726289951
87.60000000000008; 0.559600232041378
87.70000000000007; 0.5602634913661726
87.80000000000008; 0.5609246574692535
87.90000000000008; 0.5615837372050395
88.00000000000007; 0.5622407374163192
88.10000000000008; 0.5628956649340866
88.20000000000007; 0.5635485265773702
88.30000000000008; 0.5641993291530718
88.40000000000008; 0.5648480794558123
88.50000000000007; 0.5654947842677662
88.60000000000008; 0.5661394503585189
88.70000000000007; 0.5667820844849102
88.80000000000008; 0.5674226933908928
88.90000000000008; 0.5680612838073841
89.00000000000009; 0.568697862452133
89.10000000000008; 0.5693324360295748
89.20000000000007; 0.5699650112307066
89.30000000000008; 0.570595594732947
89.40000000000008; 0.5712241932000138
89.50000000000009; 0.5718508132817977
89.60000000000008; 0.5724754616142377
89.70000000000007; 0.573098144819205
89.80000000000008; 0.5737188695043833
89.90000000000008; 0.5743376422631553
90.00000000000009; 0.5749544696744947
90.10000000000008; 0.5755693583028488
90.20000000000007; 0.5761823146980447
90.30000000000008; 0.5767933453951725
90.40000000000008; 0.5774024569144944
90.50000000000009; 0.5780096557613417
90.60000000000008; 0.578614948426019
90.70000000000007; 0.5792183413837109
90.80000000000008; 0.5798198410943909
90.90000000000008; 0.5804194540027304
91.00000000000009; 0.5810171865380179
91.10000000000008; 0.5816130451140661
91.20000000000007; 0.582207036129138
91.30000000000008; 0.5827991659658625
91.40000000000008; 0.5833894409911562
91.50000000000009; 0.5839778675561509
91.60000000000008; 0.5845644519961197
91.70000000000007; 0.5851492006304035
91.80000000000008; 0.5857321197623448
91.90000000000008; 0.586313215679217
92.00000000000009; 0.5868924946521634
92.10000000000008; 0.5874699629361303
92.20000000000007; 0.58804562676981
92.30000000000008; 0.5886194923755768
92.40000000000008; 0.5891915659594332
92.50000000000009; 0.5897618537109536
92.60000000000008; 0.59033036180323
92.70000000000009; 0.5908970963928195
92.80000000000008; 0.5914620636196959
92.90000000000008; 0.5920252696072008
93.00000000000009; 0.5925867204619967
93.10000000000008; 0.5931464222740238
93.20000000000009; 0.5937043811164537
93.30000000000008; 0.5942606030456501
93.40000000000008; 0.5948150941011288
93.50000000000009; 0.5953678603055191
93.60000000000008; 0.5959189076645274
93.70000000000009; 0.5964682421669003
93.80000000000008; 0.5970158697843952
93.90000000000008; 0.5975617964717418
94.00000000000009; 0.598106028166619
94.10000000000008; 0.5986485707896191
94.20000000000009; 0.5991894302442252
94.30000000000008; 0.5997286124167798
94.40000000000008; 0.6002661231764645
94.50000000000009; 0.6008019683752767
94.60000000000008; 0.6013361538480002
94.70000000000009; 0.6018686854121957
94.80000000000008; 0.6023995688681705
94.90000000000008; 0.6029288099989678
95.00000000000009; 0.6034564145703447
95.10000000000008; 0.6039823883307621
95.20000000000009; 0.6045067370113625
95.30000000000008; 0.6050294663259655
95.40000000000009; 0.605550581971048
95.50000000000009; 0.6060700896257375
95.60000000000008; 0.6065879949518018
95.70000000000009; 0.6071043035936403
95.80000000000008; 0.6076190211782757
95.90000000000009; 0.6081321533153491
96.00000000000009; 0.6086437055971109
96.10000000000008; 0.6091536835984218
96.20000000000009; 0.6096620928767476
96.30000000000008; 0.6101689389721541
96.40000000000009; 0.6106742274073091
96.50000000000009; 0.6111779636874834
96.60000000000008; 0.6116801533005456
96.70000000000009; 0.6121808017169721
96.80000000000008; 0.6126799143898429
96.90000000000009; 0.6131774967548477
97.00000000000009; 0.6136735542302921
97.10000000000008; 0.614168092217099
97.20000000000009; 0.61466111609882
97.30000000000008; 0.6151526312416375
97.40000000000009; 0.6156426429943775
97.50000000000009; 0.6161311566885143
97.60000000000008; 0.6166181776381808
97.70000000000009; 0.6171037111401838
97.80000000000008; 0.6175877624740083
97.90000000000009; 0.6180703369018332
98.00000000000009; 0.6185514396685451
98.10000000000008; 0.6190310760017502
98.20000000000009; 0.6195092511117877
98.30000000000008; 0.6199859701917458
98.40000000000009; 0.6204612384174805
98.50000000000009; 0.6209350609476255
98.60000000000008; 0.6214074429236155
98.70000000000009; 0.6218783894697011
98.80000000000008; 0.6223479056929672
98.90000000000009; 0.6228159966833519
99.00000000000009; 0.6232826675136676
99.1000000000001; 0.6237479232396224
99.20000000000009; 0.6242117688998363
99.30000000000008; 0.6246742095158692
99.40000000000009; 0.6251352500922361
99.50000000000009; 0.625594895616436
99.6000000000001; 0.6260531510589717
99.70000000000009; 0.6265100213733764
99.80000000000008; 0.6269655114962348
99.90000000000009; 0.6274196263472095
100.00000000000009; 0.6278723677508807
100.1000000000001; 0.6283236262232741
100.20000000000009; 0.6287735248217461
100.30000000000008; 0.6292220684704416
100.40000000000009; 0.6296692620762322
100.50000000000009; 0.6301151105287471
100.6000000000001; 0.6305596187004004
100.70000000000009; 0.6310027914464269
100.80000000000008; 0.6314446336049128
100.90000000000009; 0.6318851499968248
101.00000000000009; 0.6323243454260499
101.1000000000001; 0.6327622246794202
101.20000000000009; 0.6331987925267517
101.30000000000008; 0.6336340537208783
101.40000000000009; 0.634068012997683
101.50000000000009; 0.6345006750761353
101.6000000000001; 0.6349320446583262
101.70000000000009; 0.6353621264295015
101.8000000000001; 0.635790925058099
101.90000000000009; 0.6362184451957866
102.00000000000009; 0.6366446914774934
102.1000000000001; 0.6370696685214532
102.20000000000009; 0.6374933809292366
102.3000000000001; 0.63791583328579
102.40000000000009; 0.6383370301594742
102.50000000000009; 0.6387569761021002
102.6000000000001; 0.6391756756489704
102.70000000000009; 0.639593133318916
102.8000000000001; 0.6400093536143348
102.90000000000009; 0.6404243410212298
103.00000000000009; 0.6408381000092538
103.1000000000001; 0.6412506350317411
103.20000000000009; 0.6416619505257539
103.3000000000001; 0.6420720509121195
103.40000000000009; 0.6424809405954712
103.50000000000009; 0.6428886239642888
103.6000000000001; 0.6432951053909405
103.70000000000009; 0.6437003892317219
103.8000000000001; 0.6441044798268993
103.90000000000009; 0.644507381500749
104.00000000000009; 0.6449090985616013
104.1000000000001; 0.6453096353018809
104.20000000000009; 0.6457089959981497
104.3000000000001; 0.646107184911148
104.40000000000009; 0.6465042062858368
104.50000000000009; 0.6469000643514443
104.6000000000001; 0.6472947633215006
104.70000000000009; 0.64768830739389
104.8000000000001; 0.6480807007508851
104.90000000000009; 0.6484719475591986
105.00000000000009; 0.6488620519700182
105.1000000000001; 0.6492510181190579
105.20000000000009; 0.649638850126595
105.3000000000001; 0.6500255520975178
105.40000000000009; 0.6504111281213686
105.5000000000001; 0.6507955822723879
105.6000000000001; 0.6511789186095565
105.70000000000009; 0.6515611411766431
105.8000000000001; 0.6519422540022441
105.90000000000009; 0.6523222610998343
106.0000000000001; 0.6527011664678036
106.1000000000001; 0.6530789740895092
106.20000000000009; 0.6534556879333152
106.3000000000001; 0.6538313119526387
106.40000000000009; 0.6542058500859959
106.5000000000001; 0.6545793062570454
106.6000000000001; 0.6549516843746331
106.70000000000009; 0.6553229883328393
106.8000000000001; 0.6556932220110229
106.90000000000009; 0.6560623892738633
107.0000000000001; 0.6564304939714122
107.1000000000001; 0.6567975399391333
107.20000000000009; 0.6571635309979496
107.3000000000001; 0.6575284709542881
107.40000000000009; 0.6578923636001287
107.5000000000001; 0.6582552127130425
107.6000000000001; 0.6586170220562467
107.70000000000009; 0.6589777953786403
107.8000000000001; 0.6593375364148583
107.90000000000009; 0.6596962488853109
108.0000000000001; 0.660053936496234
108.1000000000001; 0.6604106029397298
108.2000000000001; 0.6607662518938174
108.3000000000001; 0.6611208870224757
108.40000000000009; 0.6614745119756892
108.5000000000001; 0.6618271303894948
108.6000000000001; 0.6621787458860268
108.7000000000001; 0.6625293620735613
108.8000000000001; 0.6628789825465652
108.90000000000009; 0.6632276108857394
109.0000000000001; 0.6635752506580639
109.1000000000001; 0.6639219054168453
109.2000000000001; 0.6642675787017629
109.3000000000001; 0.6646122740389114
109.40000000000009; 0.6649559949408492
109.5000000000001; 0.6652987449066433
109.6000000000001; 0.6656405274219149
109.7000000000001; 0.6659813459588848
109.8000000000001; 0.6663212039764189
109.90000000000009; 0.666660104920074
110.0000000000001; 0.6669980522221431
110.1000000000001; 0.6673350493017006
110.2000000000001; 0.6676710995646487
110.3000000000001; 0.6680062064037621
110.40000000000009; 0.6683403731987323
110.5000000000001; 0.6686736033162162
110.6000000000001; 0.6690059001098781
110.7000000000001; 0.6693372669204349
110.8000000000001; 0.6696677070757042
110.90000000000009; 0.6699972238906469
111.0000000000001; 0.6703258206674129
111.1000000000001; 0.6706535006953871
111.2000000000001; 0.6709802672512336
111.3000000000001; 0.6713061235989395
111.40000000000009; 0.6716310729898619
111.5000000000001; 0.6719551186627715
111.6000000000001; 0.6722782638438968
111.7000000000001; 0.6726005117469716
111.8000000000001; 0.6729218655732757
111.9000000000001; 0.6732423285116819
112.0000000000001; 0.6735619037387002
112.1000000000001; 0.6738805944185229
112.2000000000001; 0.6741984037030656
112.3000000000001; 0.6745153347320167
112.4000000000001; 0.6748313906328774
112.5000000000001; 0.6751465745210079
112.6000000000001; 0.6754608894996709
112.7000000000001; 0.6757743386600749
112.8000000000001; 0.6760869250814202
112.9000000000001; 0.6763986518309402
113.0000000000001; 0.6767095219639471
113.1000000000001; 0.6770195385238736
113.2000000000001; 0.6773287045423206
113.3000000000001; 0.6776370230390947
113.4000000000001; 0.6779444970222563
113.5000000000001; 0.678251129488162
113.6000000000001; 0.6785569234215055
113.7000000000001; 0.6788618817953649
113.8000000000001; 0.6791660075712415
113.9000000000001; 0.6794693036991052
114.0000000000001; 0.6797717731174387
114.1000000000001; 0.6800734187532763
114.2000000000001; 0.6803742435222501
114.3000000000001; 0.6806742503286308
114.4000000000001; 0.6809734420653719
114.5000000000001; 0.6812718216141509
114.60000000000011; 0.6815693918454109
114.7000000000001; 0.6818661556184041
114.8000000000001; 0.6821621157812346
114.9000000000001; 0.6824572751708992
115.0000000000001; 0.6827516366133292
115.10000000000011; 0.6830452029234327
115.2000000000001; 0.6833379769051368
115.3000000000001; 0.6836299613514283
115.4000000000001; 0.6839211590443965
115.5000000000001; 0.6842115727552734
115.60000000000011; 0.6845012052444756
115.7000000000001; 0.6847900592616458
115.8000000000001; 0.6850781375456929
115.9000000000001; 0.6853654428248355
116.0000000000001; 0.6856519778166382
116.10000000000011; 0.6859377452280581
116.2000000000001; 0.6862227477554815
116.3000000000001; 0.6865069880847652
116.4000000000001; 0.6867904688912777
116.5000000000001; 0.6870731928399407
116.60000000000011; 0.687355162585267
116.7000000000001; 0.6876363807714003
116.8000000000001; 0.6879168500321599
116.9000000000001; 0.6881965729910745
117.0000000000001; 0.6884755522614271
117.10000000000011; 0.6887537904462901
117.2000000000001; 0.6890312901385696
117.3000000000001; 0.6893080539210422
117.4000000000001; 0.689584084366394
117.5000000000001; 0.6898593840372614
117.60000000000011; 0.6901339554862691
117.7000000000001; 0.6904078012560708
117.8000000000001; 0.6906809238793854
117.9000000000001; 0.6909533258790379
118.0000000000001; 0.6912250097679985
118.10000000000011; 0.6914959780494188
118.2000000000001; 0.6917662332166727
118.30000000000011; 0.6920357777533941
118.4000000000001; 0.6923046141335127
118.5000000000001; 0.6925727448212973
118.60000000000011; 0.6928401722713888
118.7000000000001; 0.6931068989288406
118.80000000000011; 0.693372927229155
118.9000000000001; 0.6936382595983231
119.0000000000001; 0.6939028984528602
119.10000000000011; 0.6941668461998436
119.2000000000001; 0.6944301052369511
119.30000000000011; 0.6946926779524961
119.4000000000001; 0.6949545667254672
119.5000000000001; 0.6952157739255626
119.60000000000011; 0.6954763019132297
119.7000000000001; 0.6957361530396996
119.80000000000011; 0.6959953296470236
119.9000000000001; 0.6962538340681111
120.0000000000001; 0.6965116686267662
120.10000000000011; 0.6967688356377221
120.2000000000001; 0.6970253374066775
120.30000000000011; 0.6972811762303359
120.4000000000001; 0.6975363543964356
120.5000000000001; 0.6977908741837917
120.60000000000011; 0.698044737862327
120.7000000000001; 0.6982979476931095
120.80000000000011; 0.6985505059283891
120.9000000000001; 0.6988024148116291
121.00000000000011; 0.6990536765775468
121.10000000000011; 0.6993042934521418
121.2000000000001; 0.6995542676527384
121.30000000000011; 0.6998036013880136
121.4000000000001; 0.7000522968580363
121.50000000000011; 0.7003003562543
121.60000000000011; 0.7005477817597584
121.7000000000001; 0.7007945755488578
121.80000000000011; 0.701040739787574
121.9000000000001; 0.7012862766334436
122.00000000000011; 0.7015311882355995
122.10000000000011; 0.7017754767348054
122.2000000000001; 0.7020191442634881
122.30000000000011; 0.7022621929457724
122.4000000000001; 0.7025046248975128
122.50000000000011; 0.7027464422263293
122.60000000000011; 0.7029876470316391
122.7000000000001; 0.7032282414046894
122.80000000000011; 0.7034682274285918
122.9000000000001; 0.7037076071783549
123.00000000000011; 0.7039463827209161
123.10000000000011; 0.7041845561151759
123.2000000000001; 0.7044221294120273
123.30000000000011; 0.7046591046543929
123.4000000000001; 0.7048954838772544
123.50000000000011; 0.7051312691076832
123.60000000000011; 0.705366462364877
123.7000000000001; 0.7056010656601884
123.80000000000011; 0.7058350809971577
123.9000000000001; 0.7060685103715437
124.00000000000011; 0.7063013557713574
124.10000000000011; 0.7065336191768923
124.2000000000001; 0.706765302560755
124.30000000000011; 0.7069964078878983
124.4000000000001; 0.7072269371156511
124.50000000000011; 0.707456892193749
124.60000000000011; 0.707686275064367
124.70000000000012; 0.7079150876621494
124.80000000000011; 0.7081433319142398
124.9000000000001; 0.7083710097403118
125.00000000000011; 0.7085981230526016
125.10000000000011; 0.7088246737559357
125.20000000000012; 0.7090506637477623
125.30000000000011; 0.7092760949181811
125.4000000000001; 0.7095009691499748
125.50000000000011; 0.7097252883186359
125.60000000000011; 0.7099490542923999
125.70000000000012; 0.7101722689322729
125.80000000000011; 0.710394934092062
125.9000000000001; 0.7106170516184038
126.00000000000011; 0.7108386233507947
126.10000000000011; 0.7110596511216203
126.20000000000012; 0.7112801367561842
126.30000000000011; 0.7115000820727359
126.4000000000001; 0.7117194888825011
126.50000000000011; 0.7119383589897105
126.60000000000011; 0.7121566941916274
126.70000000000012; 0.7123744962785779
126.80000000000011; 0.7125917670339765
126.9000000000001; 0.7128085082343592
127.00000000000011; 0.7130247216494057
127.10000000000011; 0.7132404090419722
127.20000000000012; 0.7134555721681184
127.30000000000011; 0.7136702127771339
127.40000000000012; 0.713884332611567
127.50000000000011; 0.7140979334072532
127.60000000000011; 0.714311016893341
127.70000000000012; 0.7145235847923205
127.80000000000011; 0.7147356388200505
127.90000000000012; 0.714947180685787
128.0000000000001; 0.7151582120922074
128.1000000000001; 0.7153687347354408
128.2000000000001; 0.7155787503050924
128.30000000000013; 0.7157882604842712
128.40000000000012; 0.7159972669496185
128.5000000000001; 0.7162057713713313
128.6000000000001; 0.7164137754131911
128.7000000000001; 0.7166212807325895
128.80000000000013; 0.7168282889805546
128.90000000000012; 0.7170348018017773
129.0000000000001; 0.7172408208346372
129.1000000000001; 0.7174463477112293
129.2000000000001; 0.7176513840573879
129.30000000000013; 0.7178559314927149
129.40000000000012; 0.7180599916306046
129.5000000000001; 0.7182635660782678
129.6000000000001; 0.7184666564367593
129.7000000000001; 0.718669264301003
129.80000000000013; 0.718871391259815
129.90000000000012; 0.7190730388959317
130.0000000000001; 0.7192742087860327
130.1000000000001; 0.7194749025007681
130.2000000000001; 0.7196751216047799
130.30000000000013; 0.7198748676567298
130.40000000000012; 0.720074142209323
130.5000000000001; 0.7202729468093315
130.6000000000001; 0.7204712829976209
130.7000000000001; 0.7206691523091724
130.80000000000013; 0.7208665562731092
130.90000000000012; 0.7210634964127183
131.0000000000001; 0.7212599742454767
131.1000000000001; 0.7214559912830746
131.2000000000001; 0.7216515490314381
131.30000000000013; 0.7218466489907561
131.40000000000012; 0.7220412926555002
131.5000000000001; 0.7222354815144502
131.6000000000001; 0.7224292170507184
131.7000000000001; 0.7226225007417705
131.80000000000013; 0.7228153340594522
131.90000000000012; 0.7230077184700091
132.0000000000001; 0.7231996554341115
132.1000000000001; 0.7233911464068777
132.2000000000001; 0.7235821928378958
132.30000000000013; 0.7237727961712475
132.40000000000012; 0.7239629578455304
132.5000000000001; 0.7241526792938805
132.6000000000001; 0.7243419619439945
132.70000000000013; 0.7245308072181534
132.80000000000013; 0.7247192165332436
132.90000000000012; 0.7249071913007794
133.0000000000001; 0.7250947329269254
133.1000000000001; 0.725281842812519
133.20000000000013; 0.7254685223530918
133.30000000000013; 0.7256547729388914
133.40000000000012; 0.7258405959549034
133.5000000000001; 0.726025992780873
133.6000000000001; 0.7262109647913271
133.70000000000013; 0.7263955133555956
133.80000000000013; 0.7265796398378318
133.90000000000012; 0.7267633455970355
134.0000000000001; 0.726946631987073
134.1000000000001; 0.7271295003566987
134.20000000000013; 0.7273119520495767
134.30000000000013; 0.7274939884042995
134.40000000000012; 0.727675610754413
134.5000000000001; 0.7278568204284336
134.6000000000001; 0.7280376187498707
134.70000000000013; 0.7282180070372462
134.80000000000013; 0.7283979866041166
134.90000000000012; 0.7285775587590929
135.0000000000001; 0.7287567248058598
135.1000000000001; 0.7289354860431976
135.20000000000013; 0.7291138437650019
135.30000000000013; 0.7292917992603025
135.40000000000012; 0.7294693538132864
135.5000000000001; 0.7296465087033142
135.6000000000001; 0.7298232652049421
135.70000000000013; 0.7299996245879427
135.80000000000013; 0.7301755881173206
135.90000000000012; 0.7303511570533374
136.0000000000001; 0.7305263326515271
136.1000000000001; 0.7307011161627172
136.20000000000013; 0.7308755088330476
136.30000000000013; 0.7310495119039917
136.40000000000012; 0.7312231266123718
136.5000000000001; 0.7313963541903821
136.6000000000001; 0.7315691958656065
136.70000000000013; 0.7317416528610357
136.80000000000013; 0.7319137263950898
136.90000000000012; 0.7320854176816327
137.0000000000001; 0.7322567279299947
137.1000000000001; 0.7324276583449891
137.20000000000013; 0.7325982101269316
137.30000000000013; 0.7327683844716575
137.40000000000012; 0.732938182570542
137.5000000000001; 0.7331076056105169
137.6000000000001; 0.7332766547740904
137.70000000000013; 0.7334453312393641
137.80000000000013; 0.7336136361800509
137.90000000000012; 0.7337815707654946
138.0000000000001; 0.7339491361606856
138.1000000000001; 0.734116333526281
138.20000000000013; 0.7342831640186215
138.30000000000013; 0.7344496287897483
138.40000000000012; 0.734615728987422
138.5000000000001; 0.7347814657551399
138.60000000000014; 0.7349468402321528
138.70000000000013; 0.7351118535534826
138.80000000000013; 0.7352765068499413
138.90000000000012; 0.7354408012481453
139.0000000000001; 0.7356047378705352
139.10000000000014; 0.7357683178353915
139.20000000000013; 0.7359315422568532
139.30000000000013; 0.7360944122449323
139.40000000000012; 0.736256928905533
139.5000000000001; 0.7364190933404673
139.60000000000014; 0.736580906647472
139.70000000000013; 0.736742369920226
139.80000000000013; 0.7369034842483663
139.90000000000012; 0.7370642507175045
140.0000000000001; 0.7372246704092434
140.10000000000014; 0.7373847444011943
140.20000000000013; 0.7375444737669912
140.30000000000013; 0.7377038595763098
140.40000000000012; 0.7378629028948811
140.5000000000001; 0.7380216047845103
140.60000000000014; 0.7381799663030898
140.70000000000013; 0.7383379885046168
140.80000000000013; 0.7384956724392107
140.90000000000012; 0.7386530191531255
141.0000000000001; 0.7388100296887692
141.10000000000014; 0.7389667050847161
141.20000000000013; 0.7391230463757252
141.30000000000013; 0.739279054592755
141.40000000000012; 0.739434730762978
141.5000000000001; 0.7395900759097982
141.60000000000014; 0.739745091052863
141.70000000000013; 0.7398997772080831
141.80000000000013; 0.7400541353876439
141.90000000000012; 0.7402081666000229
142.0000000000001; 0.7403618718500038
142.10000000000014; 0.7405152521386925
142.20000000000013; 0.7406683084635304
142.30000000000013; 0.7408210418183118
142.40000000000012; 0.7409734531931957
142.5000000000001; 0.7411255435747244
142.60000000000014; 0.7412773139458336
142.70000000000013; 0.7414287652858716
142.80000000000013; 0.7415798985706117
142.90000000000012; 0.7417307147722662
143.0000000000001; 0.7418812148595016
143.10000000000014; 0.7420313997974541
143.20000000000013; 0.7421812705477424
143.30000000000013; 0.742330828068482
143.40000000000012; 0.7424800733143011
143.5000000000001; 0.7426290072363531
143.60000000000014; 0.7427776307823309
143.70000000000013; 0.742925944896482
143.80000000000013; 0.7430739505196218
143.90000000000012; 0.7432216485891472
144.0000000000001; 0.7433690400390508
144.10000000000014; 0.7435161257999359
144.20000000000013; 0.7436629067990278
144.30000000000013; 0.7438093839601895
144.40000000000012; 0.7439555582039346
144.5000000000001; 0.744101430447441
144.60000000000014; 0.7442470016045641
144.70000000000013; 0.7443922725858511
144.80000000000013; 0.744537244298553
144.90000000000012; 0.7446819176466402
145.0000000000001; 0.744826293530813
145.10000000000014; 0.7449703728485169
145.20000000000013; 0.7451141564939548
145.30000000000013; 0.7452576453581015
145.40000000000012; 0.7454008403287139
145.50000000000014; 0.7455437422903476
145.60000000000014; 0.7456863521243663
145.70000000000013; 0.7458286707089582
145.80000000000013; 0.745970698919146
145.90000000000012; 0.7461124376268011
146.00000000000014; 0.746253887700656
146.10000000000014; 0.7463950500063169
146.20000000000013; 0.7465359254062761
146.30000000000013; 0.7466765147599258
146.40000000000012; 0.7468168189235693
146.50000000000014; 0.7469568387504328
146.60000000000014; 0.7470965750906805
146.70000000000013; 0.7472360287914243
146.80000000000013; 0.7473752006967374
146.90000000000012; 0.7475140916476658
147.00000000000014; 0.7476527024822419
147.10000000000014; 0.7477910340354944
147.20000000000013; 0.7479290871394627
147.30000000000013; 0.7480668626232073
147.40000000000012; 0.7482043613128231
147.50000000000014; 0.7483415840314496
147.60000000000014; 0.7484785315992841
147.70000000000013; 0.7486152048335943
147.80000000000013; 0.748751604548727
147.90000000000012; 0.7488877315561239
148.00000000000014; 0.7490235866643297
148.10000000000014; 0.7491591706790057
148.20000000000013; 0.7492944844029414
148.30000000000013; 0.7494295286360646
148.40000000000012; 0.7495643041754549
148.50000000000014; 0.7496988118153529
148.60000000000014; 0.7498330523471732
148.70000000000013; 0.7499670265595159
148.80000000000013; 0.7501007352381762
148.90000000000012; 0.7502341791661568
149.00000000000014; 0.7503673591236798
149.10000000000014; 0.750500275888196
149.20000000000013; 0.7506329302343971
149.30000000000013; 0.7507653229342277
149.40000000000012; 0.7508974547568935
149.50000000000014; 0.751029326468875
149.60000000000014; 0.7511609388339373
149.70000000000013; 0.7512922926131402
149.80000000000013; 0.7514233885648512
149.90000000000012; 0.7515542274447535
150.00000000000014; 0.7516848100058586
150.10000000000014; 0.7518151364555048
150.20000000000013; 0.7519452080562365
150.30000000000013; 0.7520750255514843
150.40000000000012; 0.7522045896744106
150.50000000000014; 0.7523339011556058
150.60000000000014; 0.7524629607231006
150.70000000000013; 0.7525917691023745
150.80000000000013; 0.7527203270163666
150.90000000000012; 0.752848635185486
151.00000000000014; 0.7529766943276208
151.10000000000014; 0.7531045051581491
151.20000000000013; 0.7532320683899476
151.30000000000013; 0.7533593847334037
151.40000000000015; 0.7534864548964224
151.50000000000014; 0.7536132795844394
151.60000000000014; 0.7537398595004278
151.70000000000013; 0.7538661953449091
151.80000000000013; 0.7539922878159637
151.90000000000015; 0.7541181376092401
152.00000000000014; 0.7542437454179626
152.10000000000014; 0.7543691119329432
152.20000000000013; 0.7544942378425913
152.30000000000013; 0.7546191238329208
152.40000000000015; 0.7547437705875608
152.50000000000014; 0.7548681787877662
152.60000000000014; 0.7549923491124252
152.70000000000013; 0.7551162822380699
152.80000000000013; 0.7552399788388842
152.90000000000015; 0.7553634395867145
153.00000000000014; 0.7554866651510782
153.10000000000014; 0.7556096561991723
153.20000000000013; 0.7557324133958842
153.30000000000013; 0.7558549374037986
153.40000000000015; 0.7559772288832081
153.50000000000014; 0.7560992884921218
153.60000000000014; 0.7562211168862739
153.70000000000013; 0.7563427147191337
153.80000000000013; 0.7564640826419119
153.90000000000015; 0.7565852213035739
154.00000000000014; 0.7567061313508429
154.10000000000014; 0.7568268134282143
154.20000000000013; 0.7569472681779603
154.30000000000013; 0.7570674962401408
154.40000000000015; 0.7571874982526111
154.50000000000014; 0.7573072748510313
154.60000000000014; 0.7574268266688736
154.70000000000013; 0.7575461543374321
154.80000000000013; 0.7576652584858313
154.90000000000015; 0.7577841397410335
155.00000000000014; 0.7579027987278486
155.10000000000014; 0.7580212360689405
155.20000000000013; 0.7581394523848384
155.30000000000013; 0.7582574482939425
155.40000000000015; 0.7583752244125334
155.50000000000014; 0.7584927813547803
155.60000000000014; 0.7586101197327499
155.70000000000013; 0.7587272401564127
155.80000000000013; 0.7588441432336536
155.90000000000015; 0.7589608295702773
156.00000000000014; 0.7590772997700196
156.10000000000014; 0.7591935544345523
156.20000000000013; 0.7593095941634936
156.30000000000013; 0.7594254195544143
156.40000000000015; 0.7595410312028477
156.50000000000014; 0.7596564297022951
156.60000000000014; 0.7597716156442361
156.70000000000013; 0.7598865896181349
156.80000000000013; 0.7600013522114486
156.90000000000015; 0.760115904009635
157.00000000000014; 0.7602302455961604
157.10000000000014; 0.7603443775525068
157.20000000000013; 0.7604583004581812
157.30000000000013; 0.7605720148907205
157.40000000000015; 0.7606855214257021
157.50000000000014; 0.7607988206367494
157.60000000000014; 0.7609119130955402
157.70000000000013; 0.761024799371814
157.80000000000013; 0.7611374800333801
157.90000000000015; 0.7612499556461236
158.00000000000014; 0.7613622267740154
158.10000000000014; 0.7614742939791165
158.20000000000013; 0.761586157821587
158.30000000000015; 0.7616978188596942
158.40000000000015; 0.7618092776498188
158.50000000000014; 0.7619205347464616
158.60000000000014; 0.7620315907022523
158.70000000000013; 0.7621424460679559
158.80000000000015; 0.7622531013924797
158.90000000000015; 0.7623635572228813
159.00000000000014; 0.762473814104374
159.10000000000014; 0.7625838725803362
159.20000000000013; 0.7626937331923166
159.30000000000015; 0.7628033964800427
159.40000000000015; 0.7629128629814259
159.50000000000014; 0.7630221332325707
159.60000000000014; 0.7631312077677803
159.70000000000013; 0.763240087119563
159.80000000000015; 0.763348771818641
159.90000000000015; 0.763457262393956
160.00000000000014; 0.7635655593726753
