energy (keV); transmission
1.0; 0.0
1.1; 0.0
1.2000000000000002; 0.0
1.3000000000000003; 0.0
1.4000000000000004; 0.0
1.5000000000000004; 0.0
1.6000000000000005; 0.0
1.7000000000000006; 0.0
1.8000000000000007; 0.0
1.9000000000000008; 0.0
2.000000000000001; 0.0
2.100000000000001; 0.0
2.200000000000001; 0.0
2.300000000000001; 0.0
2.4000000000000012; 0.0
2.5000000000000013; 0.0
2.6000000000000014; 0.0
2.7000000000000015; 0.0
2.8000000000000016; 0.0
2.9000000000000017; 0.0
3.0000000000000018; 0.0
3.100000000000002; 3.431540814e-315
3.200000000000002; 3.960609185981819e-289
3.300000000000002; 6.1369916256727194e-266
3.400000000000002; 3.143376355705238e-245
3.500000000000002; 1.1335343074356955e-226
3.6000000000000023; 5.4456240411827947e-210
3.7000000000000024; 5.984795597586574e-195
3.8000000000000025; 2.3847888240849382e-181
3.9000000000000026; 5.109461319983788e-169
4.000000000000003; 8.257631587721418e-158
4.100000000000003; 1.725501451945998e-147
4.200000000000003; 4.511227452012813e-138
4.3000000000000025; 1.8465478260787472e-129
4.400000000000003; 1.4390913715238097e-121
4.5000000000000036; 2.534360800657813e-114
4.600000000000003; 1.1722429178384974e-107
4.700000000000003; 1.625730759150213e-101
4.800000000000003; 7.598711612466479e-96
4.900000000000004; 1.327519762396565e-90
5.0000000000000036; 0.0
5.100000000000003; 0.0
5.200000000000004; 0.0
5.300000000000004; 0.0
5.400000000000004; 0.0
5.5000000000000036; 0.0
5.600000000000004; 0.0
5.700000000000005; 0.0
5.800000000000004; 0.0
5.900000000000004; 0.0
6.000000000000004; 0.0
6.100000000000005; 0.0
6.200000000000005; 0.0
6.300000000000004; 0.0
6.400000000000005; 0.0
6.500000000000005; 1.020718857187e-312
6.600000000000005; 3.5672581280115754e-300
6.700000000000005; 1.7091124533579646e-288
6.800000000000005; 1.403498489413371e-277
6.900000000000006; 2.3973098377540896e-267
7.000000000000005; 1.0078177115115209e-257
7.100000000000005; 1.207475141580003e-248
7.2000000000000055; 3.3407637021441283e-240
7.300000000000006; 4.751165693699231e-232
7.400000000000006; 2.701024285239644e-224
7.500000000000005; 6.6930586743911685e-217
7.600000000000006; 7.801511030334774e-210
7.700000000000006; 4.5746034820159223e-203
7.800000000000006; 1.4317830496419952e-196
7.900000000000006; 2.520390201157068e-190
8.000000000000007; 2.6133508918863494e-184
8.100000000000007; 1.6568244271998794e-178
8.200000000000006; 6.526496995849161e-173
8.300000000000006; 1.6177172212225914e-167
8.400000000000006; 2.556250324179005e-162
8.500000000000007; 2.6094768409337585e-157
8.600000000000007; 1.744169319471829e-152
8.700000000000006; 7.73694572851874e-148
8.800000000000008; 2.3085922343904403e-143
8.900000000000007; 4.6960652726592704e-139
9.000000000000007; 6.599021362040359e-135
9.100000000000007; 6.490066294711132e-131
9.200000000000006; 4.524890082951644e-127
9.300000000000008; 2.264680652241162e-123
9.400000000000007; 8.237040490546316e-120
9.500000000000007; 2.2033921532907e-116
9.600000000000009; 4.3854987930928673e-113
9.700000000000008; 6.568365740029931e-110
9.800000000000008; 7.484491715653016e-107
9.900000000000007; 6.557502503586055e-104
10.000000000000007; 4.463118706870955e-101
10.100000000000009; 2.3836166705174118e-98
10.200000000000008; 1.0102916251774132e-95
10.300000000000008; 3.435400751769032e-93
10.40000000000001; 9.468212321915601e-91
10.500000000000009; 2.135540086903367e-88
10.600000000000009; 3.9778834059700164e-86
10.700000000000008; 6.17217019327897e-84
10.800000000000008; 8.042626264298765e-82
10.90000000000001; 8.868975861830035e-80
11.000000000000009; 8.337331146207432e-78
11.100000000000009; 6.727493092632205e-76
11.20000000000001; 4.690179125321087e-74
11.30000000000001; 2.8426624266886867e-72
11.40000000000001; 1.5066486847820066e-70
11.500000000000009; 7.022156860949259e-69
11.600000000000009; 2.8933400511897967e-67
11.70000000000001; 1.0592106837491122e-65
11.80000000000001; 3.461739008193279e-64
11.90000000000001; 1.0146319989143977e-62
12.00000000000001; 2.6785645084081357e-61
12.10000000000001; 6.395307673929531e-60
12.20000000000001; 1.3863968045570434e-58
12.30000000000001; 2.7390551183662297e-57
12.40000000000001; 4.949317372557294e-56
12.50000000000001; 8.207169336546274e-55
12.60000000000001; 1.2529948748941234e-53
12.70000000000001; 1.7666599053910562e-52
12.800000000000011; 2.3071906249797023e-51
12.900000000000011; 2.7987389584300037e-50
13.00000000000001; 3.161962265907709e-49
13.10000000000001; 3.335659115284297e-48
13.20000000000001; 3.2938488555448753e-47
13.300000000000011; 3.0517052717949097e-46
13.400000000000011; 2.6587300867858053e-45
13.50000000000001; 2.1828940385567714e-44
13.600000000000012; 1.6924353562464987e-43
13.700000000000012; 1.2415640135113601e-42
13.800000000000011; 8.634246531201763e-42
13.900000000000011; 5.702492202850477e-41
14.00000000000001; 3.582977562012418e-40
14.100000000000012; 2.145289813793627e-39
14.200000000000012; 1.2259827164406312e-38
14.300000000000011; 6.69738497680003e-38
14.400000000000013; 3.502580553048594e-37
14.500000000000012; 1.7560908892922447e-36
14.600000000000012; 8.452237322537903e-36
14.700000000000012; 3.910470270050242e-35
14.800000000000011; 1.7412602202935807e-34
14.900000000000013; 7.471357621068625e-34
15.000000000000012; 3.092717502764364e-33
15.100000000000012; 1.2364392161658867e-32
15.200000000000014; 4.779124590272919e-32
15.300000000000013; 1.7877409869364081e-31
15.400000000000013; 6.478339489238879e-31
15.500000000000012; 2.2763187991336305e-30
15.600000000000012; 7.762577884160339e-30
15.700000000000014; 2.57135456657101e-29
15.800000000000013; 8.280710456628452e-29
15.900000000000013; 2.5946383786445913e-28
16.000000000000014; 7.916470212234185e-28
16.100000000000016; 2.35375979154984e-27
16.200000000000014; 6.824764604327663e-27
16.30000000000001; 1.9311528461335938e-26
16.400000000000013; 5.336385737615382e-26
16.500000000000014; 1.4410121177949311e-25
16.600000000000016; 3.8050173102365217e-25
16.700000000000014; 9.830685412092054e-25
16.800000000000015; 2.4866225892732923e-24
16.900000000000013; 6.1615097051439244e-24
17.000000000000014; 1.4964413176904e-23
17.100000000000016; 3.5642140597481063e-23
17.200000000000014; 8.32967530107993e-23
17.300000000000015; 1.9110583605951252e-22
17.400000000000013; 4.306413862741164e-22
17.500000000000014; 9.53588714020498e-22
17.600000000000016; 2.0759219694463032e-21
17.700000000000014; 4.444882737662646e-21
17.800000000000015; 9.364781878466968e-21
17.900000000000016; 1.9422537587542455e-20
18.000000000000014; 3.967002334330027e-20
18.100000000000016; 7.982499907305433e-20
18.200000000000017; 1.5830765820042168e-19
18.300000000000015; 3.095372778540211e-19
18.400000000000016; 5.969371921299255e-19
18.500000000000014; 1.135797380923834e-18
18.600000000000016; 2.13293186637919e-18
18.700000000000017; 3.95457626454301e-18
18.800000000000015; 7.241165878203019e-18
18.900000000000016; 1.3098972294008445e-17
19.000000000000014; 2.3416220422212993e-17
19.100000000000016; 4.137843440708264e-17
19.200000000000017; 7.229897434426853e-17
19.300000000000015; 1.2494262113056603e-16
19.400000000000016; 2.1361197826245063e-16
19.500000000000018; 3.614014459397962e-16
19.600000000000016; 6.052196478495671e-16
19.700000000000017; 1.0034631634212647e-15
19.80000000000002; 1.6476256703026154e-15
19.900000000000016; 2.6796918863257088e-15
20.000000000000018; 4.317954298250452e-15
20.100000000000016; 6.894648775776937e-15
20.200000000000017; 1.0911938198503131e-14
20.30000000000002; 1.7121341699754773e-14
20.400000000000016; 2.6638378372096077e-14
20.500000000000018; 4.1105254662546696e-14
20.600000000000016; 6.292012401918973e-14
20.700000000000017; 9.55576042093362e-14
20.80000000000002; 1.440134147062175e-13
20.900000000000016; 2.154165430741098e-13
21.000000000000018; 3.1986584568171447e-13
21.10000000000002; 4.715651273239478e-13
21.200000000000017; 6.903523465144437e-13
21.30000000000002; 1.0037456202933542e-12
21.40000000000002; 1.4496622728930928e-12
21.500000000000018; 2.0800085756585615e-12
21.60000000000002; 2.9653885339635914e-12
21.700000000000017; 4.201241758090969e-12
21.80000000000002; 5.915794980513546e-12
21.90000000000002; 8.280301232752506e-12
22.000000000000018; 1.1522147363717574e-11
22.10000000000002; 1.594153697043181e-11
22.200000000000017; 2.1932604625149496e-11
22.30000000000002; 3.000999141285618e-11
22.40000000000002; 4.084211430086356e-11
22.500000000000018; 5.529259595093498e-11
22.60000000000002; 7.447159056498929e-11
22.70000000000002; 9.979904860498261e-11
22.80000000000002; 1.3308231214038055e-10
22.90000000000002; 1.7661082650773775e-10
23.00000000000002; 2.332711961670842e-10
23.10000000000002; 3.0668630618803654e-10
23.20000000000002; 4.0138277852245756e-10
23.30000000000002; 5.229916366178073e-10
23.40000000000002; 6.784877150818299e-10
23.50000000000002; 8.764740746016692e-10
23.60000000000002; 1.1275184671486555e-09
23.70000000000002; 1.4445497429775268e-09
23.80000000000002; 1.843322998618574e-09
23.90000000000002; 2.3429632326900406e-09
24.00000000000002; 2.96659830173981e-09
24.10000000000002; 3.742093048305402e-09
24.20000000000002; 4.70289760379685e-09
24.300000000000022; 5.889024044387055e-09
24.40000000000002; 7.3481667925549585e-09
24.50000000000002; 9.136983402783253e-09
24.600000000000023; 1.132255363868729e-08
24.70000000000002; 1.3984036030905012e-08
24.800000000000022; 1.72145423897848e-08
24.90000000000002; 2.1123252022685045e-08
25.00000000000002; 2.5837788659961e-08
25.100000000000023; 3.1506884313205786e-08
25.20000000000002; 3.8303355460010597e-08
25.300000000000022; 4.6427418056735065e-08
25.40000000000002; 5.611036890968542e-08
25.50000000000002; 6.761866187008364e-08
25.600000000000023; 8.125840814430408e-08
25.70000000000002; 9.738033071214075e-08
25.800000000000022; 1.163852034077993e-07
25.900000000000023; 1.3872980562558368e-07
26.00000000000002; 1.6493342385133173e-07
26.100000000000023; 1.9558493127762431e-07
26.200000000000024; 2.3135047662402248e-07
26.300000000000022; 2.7298181294088373e-07
26.400000000000023; 3.2132529661726373e-07
26.50000000000002; 3.7733158603245464e-07
26.600000000000023; 4.4206606827681536e-07
26.700000000000024; 5.167200411200877e-07
26.800000000000022; 6.026226759162823e-07
26.900000000000023; 7.01253785405448e-07
27.00000000000002; 8.142574184020438e-07
27.100000000000023; 9.434563011518198e-07
27.200000000000024; 1.0908671426968284e-06
27.300000000000022; 1.2587168189173531e-06
27.400000000000023; 1.4494594470332192e-06
27.500000000000025; 1.665794359245957e-06
27.600000000000023; 1.9106849809127817e-06
27.700000000000024; 2.1873786151645256e-06
27.800000000000026; 2.4994271322367045e-06
27.900000000000023; 2.850708557994488e-06
28.000000000000025; 3.2454495522021593e-06
28.100000000000023; 3.6882487630627135e-06
28.200000000000024; 4.184101040425241e-06
28.300000000000026; 4.738422485871172e-06
28.400000000000023; 5.3570763136578e-06
28.500000000000025; 6.046399492240942e-06
28.600000000000023; 6.813230131856029e-06
28.700000000000024; 7.664935579405905e-06
28.800000000000026; 8.609441177740792e-06
28.900000000000023; 9.655259642326504e-06
29.000000000000025; 1.0811521004292116e-05
29.100000000000026; 1.208800306499139e-05
29.200000000000024; 1.3495162303479008e-05
29.300000000000026; 1.504416517476641e-05
29.400000000000027; 1.6746919733314453e-05
29.500000000000025; 1.861610751312222e-05
29.600000000000026; 2.0665215592767508e-05
29.700000000000024; 2.290856877113449e-05
29.800000000000026; 2.5361361777070507e-05
29.900000000000027; 2.803969143410332e-05
30.000000000000025; 3.096058869945431e-05
30.100000000000026; 3.414332192541887e-05
30.200000000000024; 3.7605857281860934e-05
30.300000000000026; 4.136822250373509e-05
30.400000000000027; 4.545152228132704e-05
30.500000000000025; 4.987795151565197e-05
30.600000000000026; 5.467082473334054e-05
30.700000000000028; 5.98546047674468e-05
30.800000000000026; 6.545493061887618e-05
30.900000000000027; 7.149864441412475e-05
31.00000000000003; 7.80138173763633e-05
31.100000000000026; 8.502977472841104e-05
31.200000000000028; 9.257711944819392e-05
31.300000000000026; 0.00010068775479934121
31.400000000000027; 0.0001093949055621364
31.50000000000003; 0.00011873313789273724
31.600000000000026; 0.00012873837774154926
31.700000000000028; 0.0001394479277649048
31.800000000000026; 0.00015090048266764382
31.900000000000027; 0.00016313614291769645
32.00000000000003; 0.00017619642677783472
32.10000000000002; 0.00019012428060358685
32.20000000000003; 0.0002049640873604511
32.300000000000026; 0.00022076167331797577
32.40000000000003; 0.00023756431288250114
32.50000000000003; 0.0002554207315350175
32.60000000000003; 0.0002743811068449346
32.70000000000003; 0.0002944970675354666
32.800000000000026; 0.0003158216905808405
32.90000000000003; 0.00033840949632018137
33.00000000000003; 0.00036231644157780785
33.10000000000003; 0.0003875999107841709
33.20000000000003; 0.00041431870509649985
33.300000000000026; 0.00044253302952260376
33.40000000000003; 0.00047230447805620746
33.50000000000003; 0.0005036960168361004
33.60000000000003; 0.0005367719653466021
33.70000000000003; 0.0005715979756800287
33.800000000000026; 0.00060824100988726
33.90000000000003; 0.000646769315445422
34.00000000000003; 0.0006872523988766468
34.10000000000003; 0.0007297609975544759
34.20000000000003; 0.0007743670497393687
34.30000000000003; 0.0008211436628872472
34.40000000000003; 0.0008701650802785964
34.50000000000003; 0.0009215066460190264
34.60000000000003; 0.0009752447684645291
34.70000000000003; 0.0010314568821282362
34.80000000000003; 0.0010902214081267984
34.90000000000003; 0.0011516177132285886
35.00000000000003; 0.0012157260675660603
35.10000000000003; 0.0012826276010782461
35.20000000000003; 0.001352404258750549
35.30000000000003; 0.0014251387547197217
35.400000000000034; 0.0015009145253152857
35.50000000000003; 0.0015798156811072158
35.60000000000003; 0.0016619269580334277
35.70000000000003; 0.0017473336676789924
35.80000000000003; 0.0018361216467812171
35.900000000000034; 0.0019283772060348084
36.00000000000003; 0.002024187078270603
36.10000000000003; 0.0021236383660833812
36.20000000000003; 0.002226818488981897
36.30000000000003; 0.0023338151301359592
36.400000000000034; 0.0024447161827937393
36.50000000000003; 0.0025596096964426805
36.60000000000003; 0.0026785838227858802
36.70000000000003; 0.0028017267616061137
36.80000000000003; 0.0029291267065875847
36.900000000000034; 0.0030608717911642953
37.00000000000003; 0.00319705003446501
37.10000000000003; 0.003337749287419315
37.20000000000003; 0.003483057179092345
37.30000000000003; 0.003633061063310713
37.400000000000034; 0.003787847965642807
37.500000000000036; 0.0039475045307926305
37.60000000000003; 0.00411211697046875
37.70000000000003; 0.0042817710117818665
37.80000000000003; 0.0044565518462290335
37.900000000000034; 0.004636544079315428
38.000000000000036; 0.0048218316808662735
38.10000000000003; 0.005012497936077312
38.20000000000003; 0.005208625397350371
38.30000000000003; 0.005410295836960053
38.400000000000034; 0.005617590200592088
38.500000000000036; 0.0058305885617967726
38.60000000000004; 0.0060493700773924155
38.70000000000003; 0.006274012943858793
38.80000000000003; 0.006504594354750227
38.900000000000034; 0.006741190459163886
39.000000000000036; 0.006983876321290517
39.10000000000004; 0.007232725881076227
39.20000000000003; 0.007487811916019352
39.30000000000003; 0.00774920600412749
39.400000000000034; 0.008016978488053463
39.500000000000036; 0.008291198440430641
39.60000000000004; 0.008571933630424855
39.70000000000003; 0.008859250491515133
39.80000000000003; 0.009153214090520681
39.900000000000034; 0.009453888097880512
40.000000000000036; 0.009761332450136717
40.10000000000004; 0.010075442484797732
40.20000000000003; 0.010396437752301563
40.30000000000003; 0.010724376242098758
40.400000000000034; 0.011059314443344048
40.500000000000036; 0.011401307323257354
40.60000000000004; 0.011750408306735616
40.70000000000004; 0.012106669257209412
40.80000000000003; 0.012470140458744576
40.900000000000034; 0.012840870599376268
41.000000000000036; 0.013218906755675122
41.10000000000004; 0.01360429437853235
41.20000000000004; 0.013997077280153302
41.30000000000003; 0.014397297622252576
41.400000000000034; 0.014804995905435296
41.500000000000036; 0.015220210959750203
41.60000000000004; 0.015642979936406825
41.70000000000004; 0.016073338300631977
41.80000000000004; 0.016511319825657556
41.900000000000034; 0.01695695658782078
42.000000000000036; 0.017410278962754613
42.10000000000004; 0.01787131562265706
42.20000000000004; 0.01834009353461628
42.30000000000004; 0.01881663795996883
42.400000000000034; 0.01930097245468118
42.500000000000036; 0.019793118870718024
42.60000000000004; 0.020293097358391955
42.70000000000004; 0.020800926369662454
42.80000000000004; 0.02131662266236309
42.900000000000034; 0.021840201305340482
43.000000000000036; 0.02237167568447373
43.10000000000004; 0.022911057509558328
43.20000000000004; 0.023458356822025957
43.30000000000004; 0.024013582003480017
43.400000000000034; 0.024576739785021864
43.500000000000036; 0.025147835257341312
43.60000000000004; 0.025726871881553964
43.70000000000004; 0.026313851500754774
43.80000000000004; 0.02690877435226573
43.90000000000004; 0.027511639080553936
44.000000000000036; 0.02812244275080021
44.10000000000004; 0.02874118086308472
44.20000000000004; 0.02936784736717294
44.30000000000004; 0.030002434677879317
44.40000000000004; 0.030644933690978943
44.500000000000036; 0.03129533379964647
44.60000000000004; 0.03195362291140259
44.70000000000004; 0.03261978746553958
44.80000000000004; 0.03329381245100468
44.90000000000004; 0.03397568142472112
45.00000000000004; 0.03466537653032105
45.10000000000004; 0.03536287851727119
45.20000000000004; 0.036068166760366074
45.30000000000004; 0.036781219279571606
45.40000000000004; 0.03750201276019353
45.50000000000004; 0.0382305225733513
45.60000000000004; 0.03896672279674128
45.70000000000004; 0.03971058623566194
45.80000000000004; 0.040462084444282405
45.90000000000004; 0.04122118774714511
46.00000000000004; 0.04198786526086466
46.10000000000004; 0.04276208491602551
46.20000000000004; 0.04354381347924263
46.30000000000004; 0.04433301657537851
46.40000000000004; 0.04512965870989145
46.50000000000004; 0.045933703291304015
46.60000000000004; 0.04674511265377292
46.70000000000004; 0.047563848079742906
46.80000000000004; 0.04838986982266871
46.90000000000004; 0.04922313712979171
47.00000000000004; 0.05006360826495496
47.100000000000044; 0.05091124053144381
47.20000000000004; 0.05176599029483124
47.30000000000004; 0.05262781300582805
47.40000000000004; 0.05349666322310607
47.50000000000004; 0.05437249463609722
47.600000000000044; 0.055255260087750335
47.70000000000004; 0.05614491159722774
47.80000000000004; 0.057041400382541955
47.90000000000004; 0.05794467688311062
48.00000000000004; 0.05885469078222384
48.100000000000044; 0.059771391029409066
48.200000000000045; 0.060694725862693505
48.30000000000004; 0.06162464283074235
48.40000000000004; 0.06256108881486865
48.50000000000004; 0.06350401005090595
48.600000000000044; 0.06445335215093723
48.700000000000045; 0.06540906012486704
48.80000000000004; 0.06637107840183305
48.90000000000004; 0.06733935085144514
49.00000000000004; 0.06831382080484882
49.100000000000044; 0.06929443107560869
49.200000000000045; 0.07028112398039273
49.30000000000004; 0.07127384135946936
49.40000000000004; 0.07227252459699789
49.50000000000004; 0.07327711464110563
49.600000000000044; 0.07428755202376601
49.700000000000045; 0.07530377688043988
49.80000000000004; 0.0763257289695103
49.90000000000004; 0.07735334769148287
50.00000000000004; 0.07838657210794964
50.100000000000044; 0.07942572367749634
50.200000000000045; 0.0804703662539467
50.30000000000005; 0.08152043294207434
50.40000000000004; 0.08257586074344515
50.50000000000004; 0.08363658639818251
50.600000000000044; 0.0847025464030207
50.700000000000045; 0.08577367702910474
50.80000000000005; 0.08684991433953794
50.90000000000004; 0.08793119420667111
51.00000000000004; 0.08901745232913184
51.100000000000044; 0.09010862424859206
51.200000000000045; 0.0912046453662733
51.30000000000005; 0.09230545095918603
51.40000000000005; 0.09341097619611018
51.50000000000004; 0.09452115615329545
51.600000000000044; 0.09563592582991065
51.700000000000045; 0.09675522016321399
51.80000000000005; 0.09787897404345781
51.90000000000005; 0.0990071223285302
52.00000000000004; 0.10013959985831619
52.100000000000044; 0.10127634146880506
52.200000000000045; 0.10241728200591849
52.30000000000005; 0.10356235633907561
52.40000000000005; 0.1047114993744895
52.50000000000004; 0.10586464606820083
52.600000000000044; 0.10702173143883804
52.700000000000045; 0.10818269058011712
52.80000000000005; 0.10934745867308407
52.90000000000005; 0.11051597099808251
53.00000000000004; 0.11168816294646788
53.100000000000044; 0.11286397003206143
53.200000000000045; 0.11404332790234335
53.30000000000005; 0.11522617234939145
53.40000000000005; 0.11641243932056348
53.50000000000005; 0.11760206492892598
53.600000000000044; 0.11879498546343788
53.700000000000045; 0.11999113739887117
53.80000000000005; 0.12119045740549968
53.90000000000005; 0.12239288235853382
54.00000000000005; 0.12359834934731559
54.100000000000044; 0.12480679568426814
54.200000000000045; 0.12601815891361626
54.30000000000005; 0.12723237681986171
54.40000000000005; 0.12844938743602777
54.50000000000005; 0.12966912905167932
54.60000000000005; 0.13089154022069993
54.700000000000045; 0.13211655976885878
54.80000000000005; 0.13334412680114513
54.90000000000005; 0.1345741807088811
55.00000000000005; 0.13580666117662596
55.10000000000005; 0.13704150818884972
55.200000000000045; 0.13827866203640957
55.30000000000005; 0.1395180633228092
55.40000000000005; 0.140759652970246
55.50000000000005; 0.1420033722254659
55.60000000000005; 0.14324916266541046
55.700000000000045; 0.1444969662026612
55.80000000000005; 0.14574672509069478
55.90000000000005; 0.1469983819289461
56.00000000000005; 0.14825187966767167
56.10000000000005; 0.1495071616126425
56.200000000000045; 0.15076417142963258
56.30000000000005; 0.15202285314874636
56.40000000000005; 0.1532831511685505
56.50000000000005; 0.15454501026004333
56.60000000000005; 0.1558083755704408
56.70000000000005; 0.15707319262680555
56.80000000000005; 0.15833940733949672
56.90000000000005; 0.159606966005458
57.00000000000005; 0.16087581531135559
57.10000000000005; 0.1621459023365455
57.20000000000005; 0.1634171745558867
57.30000000000005; 0.1646895798424129
57.40000000000005; 0.16596306646984113
57.50000000000005; 0.16723758311493567
57.60000000000005; 0.1685130788597424
57.70000000000005; 0.16978950319365876
57.800000000000054; 0.17106680601538388
57.90000000000005; 0.1723449376347262
58.00000000000005; 0.17362384877427117
58.10000000000005; 0.17490349057093513
58.20000000000005; 0.1761838145773725
58.300000000000054; 0.1774647727632701
58.40000000000005; 0.17874631751651787
58.50000000000005; 0.18002840164425624
58.60000000000005; 0.18131097837380192
58.70000000000005; 0.1825940013534771
58.800000000000054; 0.1838774246532995
58.90000000000005; 0.18516120276558837
59.00000000000005; 0.18644529060544437
59.10000000000005; 0.187729643511138
59.20000000000005; 0.1890142172443866
59.300000000000054; 0.19029896799053697
59.40000000000005; 0.19158385235864514
59.50000000000005; 0.19286882738146777
59.60000000000005; 0.19415385051535503
59.70000000000005; 0.19543887964005324
59.800000000000054; 0.19672387305842337
59.900000000000055; 0.19800878949607228
60.00000000000005; 0.19929358810088968
60.10000000000005; 0.20057799823670275
60.20000000000005; 0.20186221044242655
60.300000000000054; 0.2031461858092007
60.400000000000055; 0.20442988582521684
60.50000000000005; 0.20571327239665063
60.60000000000005; 0.20699630784658013
60.70000000000005; 0.20827895491385015
60.800000000000054; 0.20956117675186378
60.900000000000055; 0.21084293692732126
61.00000000000006; 0.21212419941889082
61.10000000000005; 0.21340492861582652
61.20000000000005; 0.21468508931652894
61.300000000000054; 0.21596464672705235
61.400000000000055; 0.21724356645955187
61.50000000000006; 0.2185218145306965
61.60000000000005; 0.2197993573600127
61.70000000000005; 0.2210761617681918
61.800000000000054; 0.22235219497535072
61.900000000000055; 0.22362742459925156
62.00000000000006; 0.22490181865346112
62.10000000000005; 0.2261753455454949
62.20000000000005; 0.22744797407490086
62.300000000000054; 0.22871967343131105
62.400000000000055; 0.22999041319246394
62.50000000000006; 0.23126016332217475
62.60000000000005; 0.23252889416829142
62.70000000000005; 0.23379657646060123
62.800000000000054; 0.23506318130871293
62.900000000000055; 0.23632868019991565
63.00000000000006; 0.2375930449969907
63.10000000000006; 0.23885624793601626
63.20000000000005; 0.2401182616241321
63.300000000000054; 0.24137905903728268
63.400000000000055; 0.2426386135179421
63.50000000000006; 0.24389689877280835
63.60000000000006; 0.24515388887047407
63.70000000000005; 0.24640955823909222
63.800000000000054; 0.24766388166400413
63.900000000000055; 0.24891683428535508
64.00000000000006; 0.25016839159570314
64.10000000000005; 0.2514185294375943
64.20000000000006; 0.25266722400113173
64.30000000000005; 0.25391445182153505
64.40000000000006; 0.2551601897766752
64.50000000000006; 0.2564044150846024
64.60000000000005; 0.2576471053010666
64.70000000000006; 0.25888823831701735
64.80000000000005; 0.26012779235610134
64.90000000000006; 0.26136574597215567
65.00000000000006; 0.2626020780466699
65.10000000000005; 0.2638367677862759
65.20000000000006; 0.2650697947201974
65.30000000000005; 0.266301138697713
65.40000000000006; 0.26753077988561497
65.50000000000006; 0.26875869876564606
65.60000000000005; 0.2699848761319542
65.70000000000006; 0.27120929308853314
65.80000000000005; 0.27243193104665436
65.90000000000006; 0.27365277172231234
66.00000000000006; 0.2748717971336611
66.10000000000005; 0.27608898959844347
66.20000000000006; 0.2773043317314346
66.30000000000005; 0.27851780644187546
66.40000000000006; 0.2797293969309113
66.50000000000006; 0.28093908668902984
66.60000000000005; 0.28214685949350593
66.70000000000006; 0.2833526994058481
66.80000000000005; 0.28455659076924117
66.90000000000006; 0.28575851820600673
67.00000000000006; 0.28695846661504776
67.10000000000007; 0.2881564211693261
67.20000000000006; 0.28935236731331243
67.30000000000005; 0.2905462907604733
67.40000000000006; 0.29173817749073594
67.50000000000006; 0.2929280137479859
67.60000000000007; 0.29411578603754907
67.70000000000006; 0.29530148112369387
67.80000000000005; 0.2964850860271395
67.90000000000006; 0.29766658802257157
68.00000000000006; 0.29884597463615853
68.10000000000007; 0.30002323364308986
68.20000000000006; 0.30119835306511483
68.30000000000005; 0.3023713211680899
68.40000000000006; 0.3035421264595429
68.50000000000006; 0.3047107576862389
68.60000000000007; 0.30587720383176126
68.70000000000006; 0.3070414541141005
68.80000000000005; 0.3082034979832557
68.90000000000006; 0.30936332511884895
69.00000000000006; 0.3105209254277428
69.10000000000007; 0.31167628904167805
69.20000000000006; 0.3128294063149198
69.30000000000005; 0.31398026782191624
69.40000000000006; 0.3151288643549628
69.50000000000006; 0.3162751869218913
69.60000000000007; 0.31741922674376144
69.70000000000006; 0.3185609752525684
69.80000000000007; 0.3197004240889615
69.90000000000006; 0.3208375650999794
70.00000000000006; 0.3219723903367953
70.10000000000007; 0.3231048920524731
70.20000000000006; 0.3242350626997465
70.30000000000007; 0.32536289492880155
70.40000000000006; 0.32648838158507293
70.50000000000006; 0.32761151570706526
70.60000000000007; 0.32873229052417324
70.70000000000006; 0.32985069945453266
70.80000000000007; 0.33096673610286165
70.90000000000006; 0.33208039425834557
71.00000000000006; 0.3331916678925106
71.10000000000007; 0.33430055115712737
71.20000000000006; 0.3354070383821227
71.30000000000007; 0.3365111240735055
71.40000000000006; 0.33761280291130896
71.50000000000006; 0.33871206974754975
71.60000000000007; 0.3398089196041957
71.70000000000006; 0.34090334767115515
71.80000000000007; 0.3419953493042754
71.90000000000006; 0.34308492002335716
72.00000000000006; 0.34417205551018715
72.10000000000007; 0.3452567516065847
72.20000000000006; 0.34633900431245734
72.30000000000007; 0.347418809783882
72.40000000000006; 0.3484961643311858
72.50000000000006; 0.3495710644170642
72.60000000000007; 0.3506435066546871
72.70000000000006; 0.35171348780584516
72.80000000000007; 0.35278100477909247
72.90000000000006; 0.3538460546279149
73.00000000000006; 0.3549086345489094
73.10000000000007; 0.35596874187997685
73.20000000000006; 0.3570263740985363
73.30000000000007; 0.35808152881974503
73.40000000000006; 0.3591342037947427
73.50000000000007; 0.3601843969089027
73.60000000000007; 0.36123210618010043
73.70000000000006; 0.3622773297570038
73.80000000000007; 0.36332006591736526
73.90000000000006; 0.36436031306634215
74.00000000000007; 0.3653980697348214
74.10000000000007; 0.36643333457776245
74.20000000000006; 0.3674661063725599
74.30000000000007; 0.36849638401741064
74.40000000000006; 0.369524166529709
74.50000000000007; 0.3705494530444388
74.60000000000007; 0.37157224281259876
74.70000000000006; 0.372592535199631
74.80000000000007; 0.3736103296838609
74.90000000000006; 0.37462562585496473
75.00000000000007; 0.37563842341244197
75.10000000000007; 0.3766487221640994
75.20000000000006; 0.3776565220245586
75.30000000000007; 0.37866182301376905
75.40000000000006; 0.3796646252555419
75.50000000000007; 0.38066492897609333
75.60000000000007; 0.3816627345026031
75.70000000000006; 0.38265804226178624
75.80000000000007; 0.38365085277848443
75.90000000000006; 0.3846411666742562
76.00000000000007; 0.38562898466600487
76.10000000000007; 0.38661430756459025
76.20000000000007; 0.38759713627348485
76.30000000000007; 0.3885774717874144
76.40000000000006; 0.38955531519103903
76.50000000000007; 0.3905306676576236
76.60000000000007; 0.39150353044773667
76.70000000000007; 0.3924739049079592
76.80000000000007; 0.3934417924696026
76.90000000000006; 0.3944071946474446
77.00000000000007; 0.3953701130384761
77.10000000000007; 0.39633054932065404
77.20000000000007; 0.39728850525168496
77.30000000000007; 0.39824398266780203
77.40000000000006; 0.39919698348256144
77.50000000000007; 0.4001475096856609
77.60000000000007; 0.401095563341751
77.70000000000007; 0.40204114658928086
77.80000000000007; 0.4029842616393357
77.90000000000006; 0.40392491077450393
78.00000000000007; 0.4048630963477425
78.10000000000007; 0.40579882078126644
78.20000000000007; 0.4067320865654373
78.30000000000007; 0.40766289625767554
78.40000000000006; 0.40859125248137906
78.50000000000007; 0.40951715792485155
78.60000000000007; 0.4104406153402465
78.70000000000007; 0.41136162754251965
78.80000000000007; 0.4122801974083986
78.90000000000006; 0.41319632787535093
79.00000000000007; 0.41411002194058166
79.10000000000007; 0.4150212826600256
79.20000000000007; 0.4159301131473604
79.30000000000007; 0.4168365165730253
79.40000000000006; 0.41774049616325704
79.50000000000007; 0.41864205519912984
79.60000000000007; 0.41954119701560716
79.70000000000007; 0.4204379250006123
79.80000000000007; 0.421332242594097
79.90000000000008; 0.4222241532871265
80.00000000000007; 0.4231136606209835
80.10000000000007; 0.4240009854761164
80.20000000000007; 0.42488591604785925
80.30000000000007; 0.42576845248130557
80.40000000000008; 0.42664859816922845
80.50000000000007; 0.4275263565529219
80.60000000000007; 0.4284017311213493
80.70000000000007; 0.42927472541030903
80.80000000000007; 0.43014534300159907
80.90000000000008; 0.4310135875221993
81.00000000000007; 0.43187946264345783
81.10000000000007; 0.432742972080288
81.20000000000007; 0.4336041195903789
81.30000000000007; 0.4344629089734062
81.40000000000008; 0.43531934407025874
81.50000000000007; 0.4361734287622767
81.60000000000007; 0.4370251669704852
81.70000000000007; 0.4378745626548515
81.80000000000007; 0.43872161981354196
81.90000000000008; 0.4395663424821962
82.00000000000007; 0.4404087347331946
82.10000000000007; 0.4412488006749501
82.20000000000007; 0.44208654445120316
82.30000000000007; 0.4429219702403166
82.40000000000008; 0.4437550822545944
82.50000000000007; 0.44458588473959376
82.60000000000008; 0.44541438197345495
82.70000000000007; 0.4462405782662349
82.80000000000007; 0.4470644779592494
82.90000000000008; 0.4478860854244227
83.00000000000007; 0.44870540506364637
83.10000000000008; 0.4495224413081485
83.20000000000007; 0.45033719861785954
83.30000000000007; 0.4511496814808013
83.40000000000008; 0.4519598944124681
83.50000000000007; 0.4527678419552292
83.60000000000008; 0.45357352867772993
83.70000000000007; 0.4543769591743009
83.80000000000007; 0.4551781380643761
83.90000000000008; 0.45597706999192006
84.00000000000007; 0.4567737596248589
84.10000000000008; 0.45756821165451833
84.20000000000007; 0.45836043079507044
84.30000000000007; 0.45915042178299054
84.40000000000008; 0.45993818937650877
84.50000000000007; 0.46072373835508384
84.60000000000008; 0.461507073518875
84.70000000000007; 0.4622881996882202
84.80000000000007; 0.4630671217031228
84.90000000000008; 0.46384384442274557
85.00000000000007; 0.4646183727249086
85.10000000000008; 0.4653907115056013
85.20000000000007; 0.46616086567848225
85.30000000000007; 0.4669288401744108
85.40000000000008; 0.4676946399409622
85.50000000000007; 0.4684582699419626
85.60000000000008; 0.46921973515702814
85.70000000000007; 0.46997904058109957
85.80000000000007; 0.47073619122399873
85.90000000000008; 0.4714911921099796
86.00000000000007; 0.47224404827729044
86.10000000000008; 0.4729947647777378
86.20000000000007; 0.47374334667625967
86.30000000000008; 0.4744897990505026
86.40000000000008; 0.4752341269904065
86.50000000000007; 0.4759763355977893
86.60000000000008; 0.47671642998594416
86.70000000000007; 0.47745441527923943
86.80000000000008; 0.47819029661272283
86.90000000000008; 0.4789240791317262
87.00000000000007; 0.47965576799149096
87.10000000000008; 0.48038536835678075
87.20000000000007; 0.48111288540151137
87.30000000000008; 0.4818383243083793
87.40000000000008; 0.48256169026849655
87.50000000000007; 0.48328298848103574
87.60000000000008; 0.48400222415287303
87.70000000000007; 0.484719402498235
87.80000000000008; 0.48543452873836185
87.90000000000008; 0.48614760810116314
88.00000000000007; 0.4868586458208804
88.10000000000008; 0.4875676471377633
88.20000000000007; 0.4882746172977365
88.30000000000008; 0.4889795615520815
88.40000000000008; 0.48968248515712404
88.50000000000007; 0.4903833933739123
88.60000000000008; 0.4910822914679187
88.70000000000007; 0.49177918470872956
88.80000000000008; 0.4924740783697505
88.90000000000008; 0.49316697772790585
89.00000000000009; 0.49385788806335595
89.10000000000008; 0.494546814659201
89.20000000000007; 0.4952337628012093
89.30000000000008; 0.49591873777752876
89.40000000000008; 0.49660174487841874
89.50000000000009; 0.49728278939597853
89.60000000000008; 0.4979618766238793
89.70000000000007; 0.49863901185710396
89.80000000000008; 0.49931420039168745
89.90000000000008; 0.49998744752446034
90.00000000000009; 0.5006587585528036
90.10000000000008; 0.501328138774391
90.20000000000007; 0.5019955934869584
90.30000000000008; 0.5026611279880512
90.40000000000008; 0.5033247475747975
90.50000000000009; 0.5039864575436708
90.60000000000008; 0.5046462631902617
90.70000000000007; 0.5053041698090525
90.80000000000008; 0.5059601826931942
90.90000000000008; 0.5066143071342862
91.00000000000009; 0.5072665484221671
91.10000000000008; 0.5079169118446923
91.20000000000007; 0.5085654026875349
91.30000000000008; 0.5092120262339744
91.40000000000008; 0.5098567877646941
91.50000000000009; 0.5104996925575845
91.60000000000008; 0.5111407458875469
91.70000000000007; 0.5117799530262978
91.80000000000008; 0.5124173192421818
91.90000000000008; 0.5130528497999813
92.00000000000009; 0.5136865499607369
92.10000000000008; 0.5143184249815616
92.20000000000007; 0.514948480115468
92.30000000000008; 0.5155767206111876
92.40000000000008; 0.5162031517130029
92.50000000000009; 0.5168277786605755
92.60000000000008; 0.5174506066887803
92.70000000000009; 0.5180716410275399
92.80000000000008; 0.5186908869016655
92.90000000000008; 0.5193083495306974
93.00000000000009; 0.5199240341287487
93.10000000000008; 0.520537945904354
93.20000000000009; 0.5211500900603151
93.30000000000008; 0.5217604717935553
93.40000000000008; 0.522369096294974
93.50000000000009; 0.5229759687493027
93.60000000000008; 0.5235810943349648
93.70000000000009; 0.5241844782239359
93.80000000000008; 0.5247861255816121
93.90000000000008; 0.5253860415666696
94.00000000000009; 0.5259842313309423
94.10000000000008; 0.5265807000192857
94.20000000000009; 0.5271754527694554
94.30000000000008; 0.5277684947119778
94.40000000000008; 0.5283598309700337
94.50000000000009; 0.5289494666593373
94.60000000000008; 0.5295374068880125
94.70000000000009; 0.5301236567564891
94.80000000000008; 0.5307082213573769
94.90000000000008; 0.5312911057753646
95.00000000000009; 0.5318723150871036
95.10000000000008; 0.5324518543611076
95.20000000000009; 0.5330297286576399
95.30000000000008; 0.533605943028619
95.40000000000009; 0.534180502517509
95.50000000000009; 0.5347534121592263
95.60000000000008; 0.5353246769800408
95.70000000000009; 0.535894301997481
95.80000000000008; 0.5364622922202393
95.90000000000009; 0.5370286526480829
96.00000000000009; 0.5375933882717594
96.10000000000008; 0.5381565040729145
96.20000000000009; 0.5387180050240044
96.30000000000008; 0.5392778960882079
96.40000000000009; 0.539836182219347
96.50000000000009; 0.5403928683618079
96.60000000000008; 0.5409479594504546
96.70000000000009; 0.5415014604105614
96.80000000000008; 0.5420533761577283
96.90000000000009; 0.54260371159781
97.00000000000009; 0.5431524716268455
97.10000000000008; 0.5436996611309818
97.20000000000009; 0.544245284986411
97.30000000000008; 0.5447893480592957
97.40000000000009; 0.5453318552057087
97.50000000000009; 0.5458728112715631
97.60000000000008; 0.54641222109255
97.70000000000009; 0.5469500894940807
97.80000000000008; 0.5474864212912202
97.90000000000009; 0.5480212212886306
98.00000000000009; 0.5485544942805156
98.10000000000008; 0.5490862450505616
98.20000000000009; 0.5496164783718819
98.30000000000008; 0.5501451990069651
98.40000000000009; 0.5506724117076248
98.50000000000009; 0.5511981212149427
98.60000000000008; 0.551722332259225
98.70000000000009; 0.552245049559951
98.80000000000008; 0.5527662778257266
98.90000000000009; 0.5532860217542377
99.00000000000009; 0.5538042860322067
99.1000000000001; 0.554321075335351
99.20000000000009; 0.5548363943283356
99.30000000000008; 0.5553502476647383
99.40000000000009; 0.5558626399870032
99.50000000000009; 0.5563735759264078
99.6000000000001; 0.5568830601030227
99.70000000000009; 0.5573910971256767
99.80000000000008; 0.5578976915919197
99.90000000000009; 0.558402848087988
100.00000000000009; 0.5589065677636773
100.1000000000001; 0.5594087278985062
100.20000000000009; 0.5599094645296262
100.30000000000008; 0.5604087822784567
100.40000000000009; 0.5609066857544623
100.50000000000009; 0.5614031795551282
100.6000000000001; 0.5618982682659295
100.70000000000009; 0.5623919564603129
100.80000000000008; 0.5628842486996722
100.90000000000009; 0.5633751495333221
101.00000000000009; 0.5638646634984847
101.1000000000001; 0.5643527951202607
101.20000000000009; 0.5648395489116146
101.30000000000008; 0.565324929373357
101.40000000000009; 0.565808940994123
101.50000000000009; 0.566291588250359
101.6000000000001; 0.5667728756063058
101.70000000000009; 0.5672528075139821
101.8000000000001; 0.5677313884131705
101.90000000000009; 0.5682086227314076
102.00000000000009; 0.5686845148839643
102.1000000000001; 0.5691590692738425
102.20000000000009; 0.5696322902917571
102.3000000000001; 0.5701041823161287
102.40000000000009; 0.5705747497130739
102.50000000000009; 0.5710439968363954
102.6000000000001; 0.5715119280275757
102.70000000000009; 0.5719785476157694
102.8000000000001; 0.5724438599177949
102.90000000000009; 0.5729078692381284
103.00000000000009; 0.5733705798689038
103.1000000000001; 0.5738319960898998
103.20000000000009; 0.5742921221685432
103.3000000000001; 0.574750962359902
103.40000000000009; 0.5752085209066843
103.50000000000009; 0.5756648020392351
103.6000000000001; 0.5761198099755371
103.70000000000009; 0.576573548921208
103.8000000000001; 0.5770260230695015
103.90000000000009; 0.5774772366013062
104.00000000000009; 0.5779271936851501
104.1000000000001; 0.5783758984771993
104.20000000000009; 0.578823355121262
104.3000000000001; 0.5792695677487902
104.40000000000009; 0.5797145404788829
104.50000000000009; 0.5801582774182942
104.6000000000001; 0.5806007826614294
104.70000000000009; 0.5810420602903605
104.8000000000001; 0.5814821143748211
104.90000000000009; 0.5819209489722229
105.00000000000009; 0.5823585681276527
105.1000000000001; 0.582794975873888
105.20000000000009; 0.5832301762313967
105.3000000000001; 0.5836641732083515
105.40000000000009; 0.5840969708006349
105.5000000000001; 0.5845285729918506
105.6000000000001; 0.5849589837533291
105.70000000000009; 0.5853882070441428
105.8000000000001; 0.5858162468111103
105.90000000000009; 0.5862431069888144
106.0000000000001; 0.5866687914996053
106.1000000000001; 0.5870933042536194
106.20000000000009; 0.5875166491487872
106.3000000000001; 0.5879388300708456
106.40000000000009; 0.5883598508933536
106.5000000000001; 0.5887797154777029
106.6000000000001; 0.5891984276731316
106.70000000000009; 0.5896159913167401
106.8000000000001; 0.5900324102335055
106.90000000000009; 0.5904476882362913
107.0000000000001; 0.5908618291258706
107.1000000000001; 0.591274836690935
107.20000000000009; 0.5916867147081128
107.3000000000001; 0.5920974669419846
107.40000000000009; 0.5925070971451025
107.5000000000001; 0.5929156090579998
107.6000000000001; 0.5933230064092188
107.70000000000009; 0.593729292915316
107.8000000000001; 0.5941344722808911
107.90000000000009; 0.5945385481985966
108.0000000000001; 0.594941524349162
108.1000000000001; 0.5953434044014068
108.2000000000001; 0.5957441920122647
108.3000000000001; 0.5961438908268004
108.40000000000009; 0.5965425044782279
108.5000000000001; 0.596940036587933
108.6000000000001; 0.5973364907654912
108.7000000000001; 0.5977318706086873
108.8000000000001; 0.5981261797035391
108.90000000000009; 0.5985194216243159
109.0000000000001; 0.5989115999335579
109.1000000000001; 0.5993027181821011
109.2000000000001; 0.5996927799090974
109.3000000000001; 0.6000817886420341
109.40000000000009; 0.6004697478967584
109.5000000000001; 0.6008566611774993
109.6000000000001; 0.601242531976889
109.7000000000001; 0.6016273637759864
109.8000000000001; 0.6020111600442984
109.90000000000009; 0.6023939242398048
110.0000000000001; 0.60277565980898
110.1000000000001; 0.6031563701868169
110.2000000000001; 0.6035360587968506
110.3000000000001; 0.6039147290511826
110.40000000000009; 0.6042923843505026
110.5000000000001; 0.6046690280841166
110.6000000000001; 0.6050446636299674
110.7000000000001; 0.6054192943546594
110.8000000000001; 0.6057929236134857
110.90000000000009; 0.6061655547504512
111.0000000000001; 0.6065371910982968
111.1000000000001; 0.6069078359785269
111.2000000000001; 0.6072774927014326
111.3000000000001; 0.607646164566117
111.40000000000009; 0.6080138548605218
111.5000000000001; 0.6083805668614528
111.6000000000001; 0.6087463038346045
111.7000000000001; 0.6091110690345888
111.8000000000001; 0.6094748657049578
111.9000000000001; 0.6098376970782312
112.0000000000001; 0.6101995663759238
112.1000000000001; 0.6105604768085715
112.2000000000001; 0.6109204315757549
112.3000000000001; 0.611279433866131
112.4000000000001; 0.6116374868574559
112.5000000000001; 0.6119945937166138
112.6000000000001; 0.6123507575996431
112.7000000000001; 0.612705981651763
112.8000000000001; 0.6130602690074028
112.9000000000001; 0.6134136227902264
113.0000000000001; 0.6137660461131617
113.1000000000001; 0.6141175420784263
113.2000000000001; 0.6144681137775585
113.3000000000001; 0.6148177642914398
113.4000000000001; 0.6151664966903265
113.5000000000001; 0.6155143140338769
113.6000000000001; 0.6158612193711768
113.7000000000001; 0.6162072157407713
113.8000000000001; 0.6165523061706887
113.9000000000001; 0.6168964936784709
114.0000000000001; 0.617239781271203
114.1000000000001; 0.6175821719455373
114.2000000000001; 0.6179236686877246
114.3000000000001; 0.6182642744736419
114.4000000000001; 0.618603992268821
114.5000000000001; 0.6189428250284766
114.60000000000011; 0.6192807756975339
114.7000000000001; 0.6196178472106578
114.8000000000001; 0.6199540424922829
114.9000000000001; 0.6202893644566404
115.0000000000001; 0.6206238160077865
115.10000000000011; 0.620957400039632
115.2000000000001; 0.6212901194359707
115.3000000000001; 0.6216219770705083
115.4000000000001; 0.6219529758068916
115.5000000000001; 0.622283118498736
115.60000000000011; 0.6226124079896556
115.7000000000001; 0.6229408471132921
115.8000000000001; 0.623268438693342
115.9000000000001; 0.6235951855435892
116.0000000000001; 0.6239210904679283
116.10000000000011; 0.6242461562603994
116.2000000000001; 0.6245703857052142
116.3000000000001; 0.6248937815767838
116.4000000000001; 0.6252163466397503
116.5000000000001; 0.6255380836490158
116.60000000000011; 0.6258589953497693
116.7000000000001; 0.6261790844775159
116.8000000000001; 0.6264983537581094
116.9000000000001; 0.6268168059077767
117.0000000000001; 0.627134443633151
117.10000000000011; 0.6274512696312959
117.2000000000001; 0.6277672865897405
117.3000000000001; 0.6280824971865048
117.4000000000001; 0.6283969040901283
117.5000000000001; 0.6287105099597013
117.60000000000011; 0.629023317444892
117.7000000000001; 0.6293353291859786
117.8000000000001; 0.6296465478138734
117.9000000000001; 0.6299569759501564
118.0000000000001; 0.6302666162071032
118.10000000000011; 0.6305754711877118
118.2000000000001; 0.630883543485735
118.30000000000011; 0.6311908356857072
118.4000000000001; 0.6314973503629725
118.5000000000001; 0.6318030900837178
118.60000000000011; 0.6321080574049976
118.7000000000001; 0.6324122548747646
118.80000000000011; 0.6327156850318977
118.9000000000001; 0.6330183504062333
119.0000000000001; 0.633320253518592
119.10000000000011; 0.6336213968808071
119.2000000000001; 0.6339217829957561
119.30000000000011; 0.6342214143573858
119.4000000000001; 0.6345202934507446
119.5000000000001; 0.6348184227520087
119.60000000000011; 0.6351158047285137
119.7000000000001; 0.6354124418387797
119.80000000000011; 0.635708336532542
119.9000000000001; 0.6360034912507795
120.0000000000001; 0.6362979084257446
120.10000000000011; 0.6365915904809895
120.2000000000001; 0.6368845398313946
120.30000000000011; 0.6371767588832011
120.4000000000001; 0.6374682500340331
120.5000000000001; 0.6377590156729326
120.60000000000011; 0.6380490581803826
120.7000000000001; 0.638338379928338
120.80000000000011; 0.638626983280255
120.9000000000001; 0.6389148705911156
121.00000000000011; 0.6392020442074614
121.10000000000011; 0.6394885064674144
121.2000000000001; 0.6397742597007134
121.30000000000011; 0.6400593062287354
121.4000000000001; 0.6403436483645274
121.50000000000011; 0.6406272884128329
121.60000000000011; 0.6409102286701215
121.7000000000001; 0.6411924714246138
121.80000000000011; 0.6414740189563133
121.9000000000001; 0.6417548735370305
122.00000000000011; 0.6420350374304127
122.10000000000011; 0.642314512891972
122.2000000000001; 0.6425933021691115
122.30000000000011; 0.6428714075011547
122.4000000000001; 0.6431488311193713
122.50000000000011; 0.6434255752470066
122.60000000000011; 0.6437016420993078
122.7000000000001; 0.6439770338835509
122.80000000000011; 0.6442517527990694
122.9000000000001; 0.6445258010372823
123.00000000000011; 0.6447991807817185
123.10000000000011; 0.6450718942080476
123.2000000000001; 0.6453439434841022
123.30000000000011; 0.645615330769911
123.4000000000001; 0.6458860582177229
123.50000000000011; 0.6461561279720309
123.60000000000011; 0.6464255421696059
123.7000000000001; 0.6466943029395182
123.80000000000011; 0.6469624124031663
123.9000000000001; 0.6472298726743027
124.00000000000011; 0.6474966858590618
124.10000000000011; 0.6477628540559869
124.2000000000001; 0.6480283793560546
124.30000000000011; 0.6482932638427039
124.4000000000001; 0.6485575095918613
124.50000000000011; 0.6488211186719662
124.60000000000011; 0.6490840931440003
124.70000000000012; 0.6493464350615114
124.80000000000011; 0.6496081464706405
124.9000000000001; 0.6498692294101462
125.00000000000011; 0.6501296859114356
125.10000000000011; 0.6503895179985847
125.20000000000012; 0.6506487276883678
125.30000000000011; 0.650907316990282
125.4000000000001; 0.6511652879065751
125.50000000000011; 0.6514226424322677
125.60000000000011; 0.6516793825551824
125.70000000000012; 0.6519355102559687
125.80000000000011; 0.6521910275081273
125.9000000000001; 0.6524459362780364
126.00000000000011; 0.652700238524977
126.10000000000011; 0.6529539362011596
126.20000000000012; 0.6532070312517484
126.30000000000011; 0.6534595256148854
126.4000000000001; 0.6537114212217179
126.50000000000011; 0.6539627199964223
126.60000000000011; 0.6542134238562297
126.70000000000012; 0.6544635347114514
126.80000000000011; 0.6547130544655011
126.9000000000001; 0.6549619850149253
127.00000000000011; 0.6552103282494214
127.10000000000011; 0.6554580860518667
127.20000000000012; 0.6557052602983439
127.30000000000011; 0.6559518528581616
127.40000000000012; 0.6561978655938824
127.50000000000011; 0.6564433003613461
127.60000000000011; 0.6566881590096939
127.70000000000012; 0.656932443381393
127.80000000000011; 0.6571761553122606
127.90000000000012; 0.6574192966314899
128.0000000000001; 0.6576618691616708
128.1000000000001; 0.6579038747188176
128.2000000000001; 0.6581453151123899
128.30000000000013; 0.658386192145318
128.40000000000012; 0.6586265076140284
128.5000000000001; 0.6588662633084641
128.6000000000001; 0.6591054610121104
128.7000000000001; 0.6593441025020192
128.80000000000013; 0.6595821895488307
128.90000000000012; 0.6598197239167982
129.0000000000001; 0.6600567073638112
129.1000000000001; 0.6602931416414188
129.2000000000001; 0.6605290284948527
129.30000000000013; 0.6607643696630507
129.40000000000012; 0.6609991668786812
129.5000000000001; 0.6612334218681627
129.6000000000001; 0.6614671363516907
129.7000000000001; 0.6617003120432594
129.80000000000013; 0.6619329506506826
129.90000000000012; 0.6621650538756192
130.0000000000001; 0.6623966234135944
130.1000000000001; 0.6626276609540245
130.2000000000001; 0.6628581681802355
130.30000000000013; 0.6630881467694895
130.40000000000012; 0.6633175983930053
130.5000000000001; 0.663546524715981
130.6000000000001; 0.6637749273976169
130.7000000000001; 0.6640028080911368
130.80000000000013; 0.6642301684438121
130.90000000000012; 0.6644570100969802
131.0000000000001; 0.6646833346860709
131.1000000000001; 0.6649091438406259
131.2000000000001; 0.66513443918432
131.30000000000013; 0.6653592223349865
131.40000000000012; 0.6655834949046342
131.5000000000001; 0.6658072584994725
131.6000000000001; 0.6660305147199326
131.7000000000001; 0.6662532651606864
131.80000000000013; 0.6664755114106728
131.90000000000012; 0.6666972550531145
132.0000000000001; 0.6669184976655411
132.1000000000001; 0.6671392408198116
132.2000000000001; 0.6673594860821331
132.30000000000013; 0.6675792350130847
132.40000000000012; 0.6677984891676363
132.5000000000001; 0.6680172500951707
132.6000000000001; 0.6682355193395038
132.70000000000013; 0.6684532984389071
132.80000000000013; 0.6686705889261263
132.90000000000012; 0.6688873923284034
133.0000000000001; 0.6691037101674966
133.1000000000001; 0.6693195439597018
133.20000000000013; 0.669534895215873
133.30000000000013; 0.6697497654414412
133.40000000000012; 0.6699641561364366
133.5000000000001; 0.6701780687955079
133.6000000000001; 0.6703915049079433
133.70000000000013; 0.6706044659576901
133.80000000000013; 0.6708169534233741
133.90000000000012; 0.6710289687783215
134.0000000000001; 0.6712405134905776
134.1000000000001; 0.671451589022926
134.20000000000013; 0.6716621968329111
134.30000000000013; 0.6718723383728532
134.40000000000012; 0.6720820150898741
134.5000000000001; 0.6722912284259122
134.6000000000001; 0.6724999798177438
134.70000000000013; 0.6727082706970017
134.80000000000013; 0.6729161024901961
134.90000000000012; 0.6731234766187331
135.0000000000001; 0.6733303944989332
135.1000000000001; 0.6735368575420516
135.20000000000013; 0.6737428671542979
135.30000000000013; 0.6739484247368525
135.40000000000012; 0.6741535316858893
135.5000000000001; 0.6743581893925917
135.6000000000001; 0.6745623992431724
135.70000000000013; 0.6747661626188939
135.80000000000013; 0.6749694808960832
135.90000000000012; 0.6751723554461556
136.0000000000001; 0.6753747876356292
136.1000000000001; 0.6755767788261451
136.20000000000013; 0.6757783303744859
136.30000000000013; 0.6759794436325945
136.40000000000012; 0.6761801199475909
136.5000000000001; 0.6763803606617917
136.6000000000001; 0.67658016711273
136.70000000000013; 0.6767795406331681
136.80000000000013; 0.6769784825511234
136.90000000000012; 0.6771769941898783
137.0000000000001; 0.6773750768680047
137.1000000000001; 0.677572731899378
137.20000000000013; 0.6777699605931972
137.30000000000013; 0.677966764254
137.40000000000012; 0.6781631441816839
137.5000000000001; 0.678359101671521
137.6000000000001; 0.6785546380141776
137.70000000000013; 0.6787497544957299
137.80000000000013; 0.6789444523976829
137.90000000000012; 0.679138732996987
138.0000000000001; 0.6793325975660552
138.1000000000001; 0.6795260473727814
138.20000000000013; 0.6797190836805567
138.30000000000013; 0.6799117077482865
138.40000000000012; 0.6801039208304077
138.5000000000001; 0.6802957241769068
138.60000000000014; 0.6804871190333346
138.70000000000013; 0.6806781066408242
138.80000000000013; 0.6808686882361099
138.90000000000012; 0.6810588650515397
139.0000000000001; 0.6812486383150955
139.10000000000014; 0.6814380092504084
139.20000000000013; 0.6816269790767757
139.30000000000013; 0.6818155490091766
139.40000000000012; 0.6820037202582895
139.5000000000001; 0.6821914940305079
139.60000000000014; 0.6823788715279568
139.70000000000013; 0.6825658539485097
139.80000000000013; 0.6827524424858034
139.90000000000012; 0.6829386383292554
140.0000000000001; 0.6831244426640792
140.10000000000014; 0.6833098566713012
140.20000000000013; 0.6834948815277752
140.30000000000013; 0.6836795184062003
140.40000000000012; 0.6838637684751344
140.5000000000001; 0.6840476328990129
140.60000000000014; 0.6842311128381616
140.70000000000013; 0.684414209448813
140.80000000000013; 0.6845969238831245
140.90000000000012; 0.6847792572891899
141.0000000000001; 0.6849612108110582
141.10000000000014; 0.6851427855887469
141.20000000000013; 0.6853239827582585
141.30000000000013; 0.6855048034515963
141.40000000000012; 0.6856852487967775
141.5000000000001; 0.6858653199178519
141.60000000000014; 0.6860450179349121
141.70000000000013; 0.6862243439641141
141.80000000000013; 0.686403299117688
141.90000000000012; 0.6865818845039557
142.0000000000001; 0.6867601012273441
142.10000000000014; 0.6869379503884011
142.20000000000013; 0.6871154330838096
142.30000000000013; 0.6872925504064034
142.40000000000012; 0.6874693034451794
142.5000000000001; 0.6876456932853162
142.60000000000014; 0.6878217210081841
142.70000000000013; 0.6879973876913635
142.80000000000013; 0.6881726944086579
142.90000000000012; 0.688347642230107
143.0000000000001; 0.6885222322220034
143.10000000000014; 0.688696465446905
143.20000000000013; 0.6888703429636508
143.30000000000013; 0.6890438658273738
143.40000000000012; 0.6892170350895158
143.5000000000001; 0.6893898517978421
143.60000000000014; 0.6895623169964532
143.70000000000013; 0.6897344317258016
143.80000000000013; 0.6899061970227045
143.90000000000012; 0.6900776139203572
144.0000000000001; 0.6902486834483471
144.10000000000014; 0.6904194066326692
144.20000000000013; 0.690589784495737
144.30000000000013; 0.690759818056398
144.40000000000012; 0.6909295083299466
144.5000000000001; 0.6910988563281386
144.60000000000014; 0.691267863059203
144.70000000000013; 0.6914365295278573
144.80000000000013; 0.6916048567353191
144.90000000000012; 0.6917728456793222
145.0000000000001; 0.6919404973541259
145.10000000000014; 0.6921078127505317
145.20000000000013; 0.6922747928558948
145.30000000000013; 0.6924414386541383
145.40000000000012; 0.6926077511257646
145.50000000000014; 0.6927737312478706
145.60000000000014; 0.6929393799941581
145.70000000000013; 0.6931046983349503
145.80000000000013; 0.6932696872372007
145.90000000000012; 0.6934343476645092
146.00000000000014; 0.6935986805771323
146.10000000000014; 0.6937626869319979
146.20000000000013; 0.6939263676827168
146.30000000000013; 0.6940897237795961
146.40000000000012; 0.6942527561696513
146.50000000000014; 0.6944154657966181
146.60000000000014; 0.6945778536009668
146.70000000000013; 0.6947399205199133
146.80000000000013; 0.6949016674874315
146.90000000000012; 0.6950630954342665
147.00000000000014; 0.695224205287946
147.10000000000014; 0.6953849979727927
147.20000000000013; 0.6955454744099379
147.30000000000013; 0.695705635517331
147.40000000000012; 0.6958654822097544
147.50000000000014; 0.6960250153988333
147.60000000000014; 0.6961842359930489
147.70000000000013; 0.6963431448977511
147.80000000000013; 0.6965017430151673
147.90000000000012; 0.6966600312444192
148.00000000000014; 0.6968180104815296
148.10000000000014; 0.6969756816194369
148.20000000000013; 0.6971330455480077
148.30000000000013; 0.6972901031540452
148.40000000000012; 0.6974468553213045
148.50000000000014; 0.697603302930501
148.60000000000014; 0.697759446859324
148.70000000000013; 0.6979152879824485
148.80000000000013; 0.6980708271715446
148.90000000000012; 0.69822606529529
149.00000000000014; 0.6983810032193827
149.10000000000014; 0.6985356418065499
149.20000000000013; 0.6986899819165607
149.30000000000013; 0.6988440244062383
149.40000000000012; 0.6989977701294677
149.50000000000014; 0.6991512199372109
149.60000000000014; 0.6993043746775159
149.70000000000013; 0.6994572351955274
149.80000000000013; 0.6996098023334996
149.90000000000012; 0.6997620769308048
150.00000000000014; 0.6999140598239468
150.10000000000014; 0.7000657512145263
150.20000000000013; 0.700217152532543
150.30000000000013; 0.7003682646040568
150.40000000000012; 0.7005190882434092
150.50000000000014; 0.7006696242621797
150.60000000000014; 0.7008198734691975
150.70000000000013; 0.7009698366705515
150.80000000000013; 0.7011195146695999
150.90000000000012; 0.701268908266982
151.00000000000014; 0.7014180182606269
151.10000000000014; 0.7015668454457648
151.20000000000013; 0.7017153906149356
151.30000000000013; 0.7018636545580015
151.40000000000015; 0.7020116380621545
151.50000000000014; 0.7021593419119286
151.60000000000014; 0.7023067668892083
151.70000000000013; 0.7024539137732382
151.80000000000013; 0.7026007833406347
151.90000000000015; 0.7027473763653959
152.00000000000014; 0.7028936936189079
152.10000000000014; 0.7030397358699589
152.20000000000013; 0.7031855038847478
152.30000000000013; 0.7033309984268918
152.40000000000015; 0.703476220257438
152.50000000000014; 0.7036211701348734
152.60000000000014; 0.7037658488151329
152.70000000000013; 0.7039102570516113
152.80000000000013; 0.7040543955951689
152.90000000000015; 0.7041982651941456
153.00000000000014; 0.704341866594367
153.10000000000014; 0.7044852005391551
153.20000000000013; 0.7046282677693377
153.30000000000013; 0.7047710690232577
153.40000000000015; 0.7049136050367819
153.50000000000014; 0.7050558765433114
153.60000000000014; 0.7051978842737889
153.70000000000013; 0.7053396289567112
153.80000000000013; 0.7054811113181334
153.90000000000015; 0.7056223320816841
154.00000000000014; 0.7057632919685685
154.10000000000014; 0.7059039916975822
154.20000000000013; 0.7060444319851172
154.30000000000013; 0.7061846135451726
154.40000000000015; 0.7063245370893624
154.50000000000014; 0.7064642033269256
154.60000000000014; 0.7066036129647338
154.70000000000013; 0.7067427667073005
154.80000000000013; 0.7068816652567914
154.90000000000015; 0.7070203093130301
155.00000000000014; 0.7071586995735101
155.10000000000014; 0.7072968367334006
155.20000000000013; 0.7074347214855579
155.30000000000013; 0.7075723545205319
155.40000000000015; 0.7077097365265757
155.50000000000014; 0.7078468681896536
155.60000000000014; 0.7079837501934512
155.70000000000013; 0.7081203832193812
155.80000000000013; 0.7082567679465948
155.90000000000015; 0.7083929050519874
156.00000000000014; 0.7085287952102094
156.10000000000014; 0.7086644390936728
156.20000000000013; 0.7087998373725609
156.30000000000013; 0.7089349907148349
156.40000000000015; 0.7090698997862446
156.50000000000014; 0.7092045652503337
156.60000000000014; 0.7093389877684511
156.70000000000013; 0.7094731679997562
156.80000000000013; 0.7096071066012292
156.90000000000015; 0.7097408042276779
157.00000000000014; 0.7098742615317466
157.10000000000014; 0.7100074791639233
157.20000000000013; 0.7101404577725491
157.30000000000013; 0.7102731980038239
157.40000000000015; 0.7104057005018174
157.50000000000014; 0.710537965908474
157.60000000000014; 0.7106699948636224
157.70000000000013; 0.7108017880049832
157.80000000000013; 0.710933345968177
157.90000000000015; 0.711064669386731
158.00000000000014; 0.7111957588920884
158.10000000000014; 0.7113266151136151
158.20000000000013; 0.7114572386786064
158.30000000000015; 0.7115876302122977
158.40000000000015; 0.7117177903378695
158.50000000000014; 0.7118477196764554
158.60000000000014; 0.7119774188471509
158.70000000000013; 0.7121068884670195
158.80000000000015; 0.7122361291511013
158.90000000000015; 0.7123651415124204
159.00000000000014; 0.7124939261619906
159.10000000000014; 0.7126224837088259
159.20000000000013; 0.7127508147599451
159.30000000000015; 0.7128789199203817
159.40000000000015; 0.7130067997931878
159.50000000000014; 0.7131344549794455
159.60000000000014; 0.7132618860782716
159.70000000000013; 0.7133890936868242
159.80000000000015; 0.7135160784003128
159.90000000000015; 0.7136428408120035
160.00000000000014; 0.713769381513226
