energy (keV); transmission
1.0; 0.0
1.1; 0.0
1.2000000000000002; 0.0
1.3000000000000003; 0.0
1.4000000000000004; 0.0
1.5000000000000004; 0.0
1.6000000000000005; 0.0
1.7000000000000006; 0.0
1.8000000000000007; 0.0
1.9000000000000008; 0.0
2.000000000000001; 0.0
2.100000000000001; 0.0
2.200000000000001; 0.0
2.300000000000001; 0.0
2.4000000000000012; 0.0
2.5000000000000013; 0.0
2.6000000000000014; 0.0
2.7000000000000015; 0.0
2.8000000000000016; 0.0
2.9000000000000017; 0.0
3.0000000000000018; 0.0
3.100000000000002; 0.0
3.200000000000002; 0.0
3.300000000000002; 5.56604e-319
3.400000000000002; 3.952534401105459e-294
3.500000000000002; 7.333674036861639e-272
3.6000000000000023; 7.642882552893338e-252
3.7000000000000024; 8.559712671460193e-234
3.8000000000000025; 1.7903581325173936e-217
3.9000000000000026; 1.1221479978522878e-202
4.000000000000003; 3.163928085417087e-189
4.100000000000003; 7.66122813483945e-177
4.200000000000003; 1.5316293122486238e-165
4.3000000000000025; 3.3085116830699715e-155
4.400000000000003; 9.76575991241696e-146
4.5000000000000036; 4.837735625707279e-137
4.600000000000003; 4.817493541855664e-129
4.700000000000003; 1.1304681925062199e-121
4.800000000000003; 7.192633888574148e-115
4.900000000000004; 1.4049122328907135e-108
5.0000000000000036; 0.0
5.100000000000003; 0.0
5.200000000000004; 0.0
5.300000000000004; 0.0
5.400000000000004; 0.0
5.5000000000000036; 0.0
5.600000000000004; 0.0
5.700000000000005; 0.0
5.800000000000004; 0.0
5.900000000000004; 0.0
6.000000000000004; 0.0
6.100000000000005; 0.0
6.200000000000005; 0.0
6.300000000000004; 0.0
6.400000000000005; 0.0
6.500000000000005; 0.0
6.600000000000005; 0.0
6.700000000000005; 0.0
6.800000000000005; 0.0
6.900000000000006; 1.137e-320
7.000000000000005; 4.018448286155235e-309
7.100000000000005; 3.1495886618682254e-298
7.2000000000000055; 4.2522120123263686e-288
7.300000000000006; 2.5832129648718926e-278
7.400000000000006; 5.221967767250418e-269
7.500000000000005; 3.8971718660841226e-260
7.600000000000006; 1.176561064224951e-251
7.700000000000006; 1.557485985323826e-243
7.800000000000006; 9.706276526999098e-236
7.900000000000006; 3.032224405831367e-228
8.000000000000007; 5.019232010307738e-221
8.100000000000007; 4.6039625965612205e-214
8.200000000000006; 2.3857018697536186e-207
8.300000000000006; 7.090602353746855e-201
8.400000000000006; 1.2277899000895776e-194
8.500000000000007; 1.2585316337976969e-188
8.600000000000007; 7.760797852464499e-183
8.700000000000006; 2.926061571913471e-177
8.800000000000008; 6.855145491280357e-172
8.900000000000007; 1.014100389859821e-166
9.000000000000007; 9.624439372564548e-162
9.100000000000007; 5.952493908814484e-157
9.200000000000006; 2.4362936919006617e-152
9.300000000000008; 6.698975103878617e-148
9.400000000000007; 1.2558143489452256e-143
9.500000000000007; 1.628209026970251e-139
9.600000000000009; 1.4805490330330242e-135
9.700000000000008; 9.570812158329889e-132
9.800000000000008; 4.456508861403543e-128
9.900000000000007; 1.5138615480752349e-124
10.000000000000007; 3.7980976438944207e-121
10.100000000000009; 7.123340378187869e-118
10.200000000000008; 1.012362625597311e-114
10.300000000000008; 1.1045182283618103e-111
10.40000000000001; 9.365297675385411e-109
10.500000000000009; 6.243229125244909e-106
10.600000000000009; 3.308129175255552e-103
10.700000000000008; 1.407749790907903e-100
10.800000000000008; 4.858223219498997e-98
10.90000000000001; 1.3722971692508942e-95
11.000000000000009; 3.2006078172289304e-93
11.100000000000009; 6.214753572038312e-91
11.20000000000001; 1.012575267308433e-88
11.30000000000001; 1.3946664286718652e-86
11.40000000000001; 1.6353638605533236e-84
11.500000000000009; 1.6434807887133665e-82
11.600000000000009; 1.4245555025300665e-80
11.70000000000001; 1.071467057660576e-78
11.80000000000001; 7.033203544083589e-77
11.90000000000001; 4.0510748328016603e-75
12.00000000000001; 2.0581761060369317e-73
12.10000000000001; 9.269018127594996e-72
12.20000000000001; 3.717620535669618e-70
12.30000000000001; 1.3338927929249115e-68
12.40000000000001; 4.299860483371601e-67
12.50000000000001; 1.2503513664177902e-65
12.60000000000001; 3.292601362250421e-64
12.70000000000001; 7.881040209906343e-63
12.800000000000011; 1.7206802504241082e-61
12.900000000000011; 3.4383879160623404e-60
13.00000000000001; 6.308818299194553e-59
13.10000000000001; 1.0661492218628366e-57
13.20000000000001; 1.6643490032102616e-56
13.300000000000011; 2.4068615303845752e-55
13.400000000000011; 3.23302527774063e-54
13.50000000000001; 4.04426109661073e-53
13.600000000000012; 4.722962609497696e-52
13.700000000000012; 5.16134559164617e-51
13.800000000000011; 5.290166411428876e-50
13.900000000000011; 5.096565853320714e-49
14.00000000000001; 4.624799465196876e-48
14.100000000000012; 3.960802293416767e-47
14.200000000000012; 3.207607477311214e-46
14.300000000000011; 2.4608566526024743e-45
14.400000000000013; 1.791701917498148e-44
14.500000000000012; 1.2400990868606443e-43
14.600000000000012; 8.172708692767216e-43
14.700000000000012; 5.136588630291222e-42
14.800000000000011; 3.083446476705771e-41
14.900000000000013; 1.7704327292371452e-40
15.000000000000012; 9.736621835736674e-40
15.100000000000012; 5.1357908045335375e-39
15.200000000000014; 2.6014652145334715e-38
15.300000000000013; 1.2669676226096939e-37
15.400000000000013; 5.9395896734202366e-37
15.500000000000012; 2.6833646986931027e-36
15.600000000000012; 1.1695186848746449e-35
15.700000000000014; 4.922597868048116e-35
15.800000000000013; 2.003000783792675e-34
15.900000000000013; 7.8866434156726e-34
16.000000000000014; 3.0077234258086767e-33
16.100000000000016; 1.1120250426611042e-32
16.200000000000014; 3.9893782158188616e-32
16.30000000000001; 1.3898885532753112e-31
16.400000000000013; 4.706484770667813e-31
16.500000000000014; 1.550247927759388e-30
16.600000000000016; 4.970819166554763e-30
16.700000000000014; 1.5527464977693596e-29
16.800000000000015; 4.7285920695290895e-29
16.900000000000013; 1.4048325596123554e-28
17.000000000000014; 4.074474733392498e-28
17.100000000000016; 1.1544005761395111e-27
17.200000000000014; 3.1970813495761767e-27
17.300000000000015; 8.660216313287923e-27
17.400000000000013; 2.2958257245531016e-26
17.500000000000014; 5.959822465408886e-26
17.600000000000016; 1.515839535847313e-25
17.700000000000014; 3.7794827697470023e-25
17.800000000000015; 9.24266473011495e-25
17.900000000000016; 2.218028717068572e-24
18.000000000000014; 5.2258260234220646e-24
18.100000000000016; 1.2093909282550559e-23
18.200000000000017; 2.7504408490969745e-23
18.300000000000015; 6.14972294831783e-23
18.400000000000016; 1.352428661746856e-22
18.500000000000014; 2.926584279970539e-22
18.600000000000016; 6.2340801166185285e-22
18.700000000000017; 1.3077355997832724e-21
18.800000000000015; 2.7025279582458914e-21
18.900000000000016; 5.504079121236223e-21
19.000000000000014; 1.105147274747702e-20
19.100000000000016; 2.188410881815554e-20
19.200000000000017; 4.27522093927402e-20
19.300000000000015; 8.242381938552894e-20
19.400000000000016; 1.5687391043525836e-19
19.500000000000018; 2.948409914869344e-19
19.600000000000016; 5.473884408537401e-19
19.700000000000017; 1.0041572339985535e-18
19.80000000000002; 1.8206659061244767e-18
19.900000000000016; 3.2636368905622104e-18
20.000000000000018; 5.7854034425419546e-18
20.100000000000016; 1.0144124644903987e-17
20.200000000000017; 1.759876844623073e-17
20.30000000000002; 3.0216583178553394e-17
20.400000000000016; 5.1358146291817583e-17
20.500000000000018; 8.643244764891461e-17
20.600000000000016; 1.4406135123703657e-16
20.700000000000017; 2.378582959767665e-16
20.80000000000002; 3.891199860559788e-16
20.900000000000016; 6.308627178918699e-16
21.000000000000018; 1.0138213759325538e-15
21.10000000000002; 1.615288188405147e-15
21.200000000000017; 2.552025246521639e-15
21.30000000000002; 3.99897230079049e-15
21.40000000000002; 6.216131653787329e-15
21.500000000000018; 9.58689896929959e-15
21.60000000000002; 1.4672290758889372e-14
21.700000000000017; 2.2287081857948552e-14
21.80000000000002; 3.360591599638362e-14
21.90000000000002; 5.031012122190672e-14
22.000000000000018; 7.478941056660058e-14
22.10000000000002; 1.1041707259254078e-13
22.200000000000017; 1.6192289193288673e-13
22.30000000000002; 2.358951681933363e-13
22.40000000000002; 3.414521563148694e-13
22.500000000000018; 4.911344252060967e-13
22.60000000000002; 7.020834821166339e-13
22.70000000000002; 9.975890680972578e-13
22.80000000000002; 1.4091084041382472e-12
22.90000000000002; 1.9788860525531455e-12
23.00000000000002; 2.7633337391526776e-12
23.10000000000002; 3.8373663398666535e-12
23.20000000000002; 5.2999342515156554e-12
23.30000000000002; 7.281044623358317e-12
23.40000000000002; 9.950625609817858e-12
23.50000000000002; 1.35296602031206e-11
23.60000000000002; 1.83041007038171e-11
23.70000000000002; 2.4642172966099275e-11
23.80000000000002; 3.301579277638098e-11
23.90000000000002; 4.4026946723101126e-11
24.00000000000002; 5.84400383861434e-11
24.10000000000002; 7.72213693484216e-11
24.20000000000002; 1.0158711516188001e-10
24.300000000000022; 1.3306137073031001e-10
24.40000000000002; 1.735460793152942e-10
24.50000000000002; 2.2540492617620835e-10
24.600000000000023; 2.9156357327270784e-10
24.70000000000002; 3.7562893690572444e-10
24.800000000000022; 4.820305668985554e-10
24.90000000000002; 6.161875749624931e-10
25.00000000000002; 7.847049820387799e-10
25.100000000000023; 9.956038101623468e-10
25.20000000000002; 1.2585897339251676e-09
25.300000000000022; 1.5853656297295796e-09
25.40000000000002; 1.9899939171240388e-09
25.50000000000002; 2.4893151745598816e-09
25.600000000000023; 3.1034301304170358e-09
25.70000000000002; 3.85625277710547e-09
25.800000000000022; 4.776143028981616e-09
25.900000000000023; 5.896628040670679e-09
26.00000000000002; 7.257222017621577e-09
26.100000000000023; 8.904355081216228e-09
26.200000000000024; 1.0892422491919587e-08
26.300000000000022; 1.3284966280599182e-08
26.400000000000023; 1.615600208464962e-08
26.50000000000002; 1.959150472588339e-08
26.600000000000023; 2.3691066794575874e-08
26.700000000000024; 2.856974521193207e-08
26.800000000000022; 3.436011142403932e-08
26.900000000000023; 4.1214521526775856e-08
27.00000000000002; 4.9307623225240986e-08
27.100000000000023; 5.883911708532659e-08
27.200000000000024; 7.003679003099336e-08
27.300000000000022; 8.315983947065621e-08
27.400000000000023; 9.850250679231617e-08
27.500000000000025; 1.1639803924129669e-07
27.600000000000023; 1.3722299938022034e-07
27.700000000000024; 1.6140194142010172e-07
27.800000000000026; 1.8941247369813562e-07
27.900000000000023; 2.2179072645592275e-07
28.000000000000025; 2.5913724383460134e-07
28.100000000000023; 3.0212331864803254e-07
28.200000000000024; 3.5149778801509096e-07
28.300000000000026; 4.0809430732571286e-07
28.400000000000023; 4.7283911927917234e-07
28.500000000000025; 5.467593338652153e-07
28.600000000000023; 6.309917341597482e-07
28.700000000000024; 7.267921216742516e-07
28.800000000000026; 8.35545213736331e-07
28.900000000000023; 9.587751039881893e-07
29.000000000000025; 1.0981562955716914e-06
29.100000000000026; 1.255525314931808e-06
29.200000000000024; 1.4328929124142743e-06
29.300000000000026; 1.6324568539702279e-06
29.400000000000027; 1.8566153063065425e-06
29.500000000000025; 2.1079808157629213e-06
29.600000000000026; 2.3893948790353692e-06
29.700000000000024; 2.7039431016434266e-06
29.800000000000026; 3.054970937731438e-06
29.900000000000027; 3.446100002443096e-06
30.000000000000025; 3.8812449457025114e-06
30.100000000000026; 4.364825918148045e-06
30.200000000000024; 4.9012470309536984e-06
30.300000000000026; 5.495411684442605e-06
30.400000000000027; 6.152592050981682e-06
30.500000000000025; 6.878445973374622e-06
30.600000000000026; 7.679036830179159e-06
30.700000000000028; 8.560853810739008e-06
30.800000000000026; 9.530832568783091e-06
30.900000000000027; 1.0596376221155442e-05
31.00000000000003; 1.1765376656035026e-05
31.100000000000026; 1.3046236112865633e-05
31.200000000000028; 1.4447888994219667e-05
31.300000000000026; 1.5979823867884366e-05
31.400000000000027; 1.765210561568673e-05
31.50000000000003; 1.9475397683906292e-05
31.600000000000026; 2.1460984388601738e-05
31.700000000000028; 2.3620793227811327e-05
31.800000000000026; 2.5967417151369336e-05
31.900000000000027; 2.8514136737988125e-05
32.00000000000003; 3.1274942228409674e-05
32.10000000000002; 3.426455536266832e-05
32.20000000000003; 3.7498450968946945e-05
32.300000000000026; 4.099287825116662e-05
32.40000000000003; 4.47648817222063e-05
32.50000000000003; 4.8832321729666166e-05
32.60000000000003; 5.321389452118704e-05
32.70000000000003; 5.792915179673651e-05
32.800000000000026; 6.299851969573601e-05
32.90000000000003; 6.844331716757428e-05
33.00000000000003; 7.428577367494362e-05
33.10000000000003; 8.054904618039943e-05
33.20000000000003; 8.725723536776447e-05
33.300000000000026; 9.443540105126819e-05
33.40000000000003; 0.00010210957672688258
33.50000000000003; 0.00011030678322179025
33.60000000000003; 0.0001190550413998869
33.70000000000003; 0.00012838338388281836
33.800000000000026; 0.0001383218657483674
33.90000000000003; 0.0001489015741698342
34.00000000000003; 0.0001601546369625275
34.10000000000003; 0.00017211423000548684
34.20000000000003; 0.0001848145835092905
34.30000000000003; 0.00019829098710300502
34.40000000000003; 0.0002125797937159411
34.50000000000003; 0.0002277184222325532
34.60000000000003; 0.00024374535890127607
34.70000000000003; 0.0002607001574810056
34.80000000000003; 0.0002786234381112588
34.90000000000003; 0.00029755688489529526
35.00000000000003; 0.0003175432421875529
35.10000000000003; 0.00033862630958003356
35.20000000000003; 0.0003608509355847659
35.30000000000003; 0.0003842630100119276
35.400000000000034; 0.0004089094550464951
35.50000000000003; 0.0004348382150280967
35.60000000000003; 0.00046209824494221504
35.70000000000003; 0.0004907394976326444
35.80000000000003; 0.0005208129097481215
35.900000000000034; 0.0005523703864383687
36.00000000000003; 0.0005854647848168125
36.10000000000003; 0.0006201498962101812
36.20000000000003; 0.0006564804272166383
36.30000000000003; 0.0006945119795968683
36.400000000000034; 0.0007343010290241723
36.50000000000003; 0.000775904902721823
36.60000000000003; 0.0008193817560175088
36.70000000000003; 0.0008647905478468516
36.80000000000003; 0.0009121910152392541
36.900000000000034; 0.0009616436468208307
37.00000000000003; 0.0010132096553714766
37.10000000000003; 0.0010669509494729685
37.20000000000003; 0.0011229301042878382
37.30000000000003; 0.001181210331508652
37.400000000000034; 0.0012418554485191513
37.500000000000036; 0.001304929846808767
37.60000000000003; 0.0013704984596844161
37.70000000000003; 0.0014386267293218407
37.80000000000003; 0.0015093805732017864
37.900000000000034; 0.0015828263499748211
38.000000000000036; 0.0016590308248004282
38.10000000000003; 0.0017380611342055169
38.20000000000003; 0.0018199847505076746
38.30000000000003; 0.0019048694458493201
38.400000000000034; 0.0019927832558874945
38.500000000000036; 0.0020837944431861127
38.60000000000004; 0.0021779714603545547
38.70000000000003; 0.002275382912979417
38.80000000000003; 0.002376097522392316
38.900000000000034; 0.002480184088319767
39.000000000000036; 0.002587711451457999
39.10000000000004; 0.002698748456016475
39.20000000000003; 0.002813363912272335
39.30000000000003; 0.002931626559178494
39.400000000000034; 0.0030536050270656883
39.500000000000036; 0.003179367800479491
39.60000000000004; 0.0033089831811919305
39.70000000000003; 0.0034425192514252346
39.80000000000003; 0.0035800438373272624
39.900000000000034; 0.003721624472733257
40.000000000000036; 0.0038673272654628295
40.10000000000004; 0.004017139874264222
40.20000000000003; 0.004171204373059415
40.30000000000003; 0.004329586794145749
40.400000000000034; 0.004492352716962275
40.500000000000036; 0.004659567234857034
40.60000000000004; 0.0048312949223548885
40.70000000000004; 0.005007599802951008
40.80000000000003; 0.005188545317457718
40.900000000000034; 0.005374194292925576
41.000000000000036; 0.005564608912164956
41.10000000000004; 0.0057598506838875945
41.20000000000004; 0.005959980413488158
41.30000000000003; 0.006165058174487114
41.400000000000034; 0.006375143280651148
41.500000000000036; 0.006590294258807492
41.60000000000004; 0.006810568822370698
41.70000000000004; 0.007036023845591678
41.80000000000004; 0.007266715338545907
41.900000000000034; 0.007502698422872128
42.000000000000036; 0.007744027308269796
42.10000000000004; 0.007990755269768772
42.20000000000004; 0.008242934625777854
42.30000000000004; 0.00850061671691795
42.400000000000034; 0.008763851885652063
42.500000000000036; 0.009032689456708948
42.60000000000004; 0.009307177718313518
42.70000000000004; 0.009587363904221692
42.80000000000004; 0.009873294176562734
42.900000000000034; 0.010165013609493833
43.000000000000036; 0.010462566173662688
43.10000000000004; 0.010765994721481854
43.20000000000004; 0.011075340973210585
43.30000000000004; 0.011390645503843812
43.400000000000034; 0.011711947730805023
43.500000000000036; 0.012039285902437396
43.60000000000004; 0.012372697087292828
43.70000000000004; 0.012712217164209587
43.80000000000004; 0.013057880813174133
43.90000000000004; 0.013409721506960418
44.000000000000036; 0.013767771503541975
44.10000000000004; 0.014132061839263636
44.20000000000004; 0.014502622322768235
44.30000000000004; 0.014879481529670467
44.40000000000004; 0.015262666797964428
44.500000000000036; 0.015652204224156925
44.60000000000004; 0.016048118660117655
44.70000000000004; 0.016450433710632827
44.80000000000004; 0.016859171731651176
44.90000000000004; 0.017274353829212913
45.00000000000004; 0.017695999859046723
45.10000000000004; 0.018124128426824912
45.20000000000004; 0.01855875688906139
45.30000000000004; 0.01899990135464267
45.40000000000004; 0.01944757668697542
45.50000000000004; 0.01990179650673859
45.60000000000004; 0.020362573195228568
45.70000000000004; 0.020829917898279485
45.80000000000004; 0.021303840530745084
45.90000000000004; 0.02178434978153463
46.00000000000004; 0.022271453119176183
46.10000000000004; 0.022765156797906944
46.20000000000004; 0.023265465864264506
46.30000000000004; 0.02377238416417181
46.40000000000004; 0.024285914350496374
46.50000000000004; 0.02480605789107294
46.60000000000004; 0.02533281507717347
46.70000000000004; 0.025866185032409363
46.80000000000004; 0.02640616572205081
46.90000000000004; 0.026952753962750393
47.00000000000004; 0.02750594543265528
47.100000000000044; 0.028065734681894997
47.20000000000004; 0.028632115143425646
47.30000000000004; 0.02920507914422559
47.40000000000004; 0.02978461791681641
47.50000000000004; 0.03037072161110496
47.600000000000044; 0.03096337930652944
47.70000000000004; 0.03156257902449123
47.80000000000004; 0.03216830774106717
47.90000000000004; 0.03278055139998174
48.00000000000004; 0.033399294925828736
48.100000000000044; 0.03402452223752685
48.200000000000045; 0.03465621626200257
48.30000000000004; 0.03529435894807961
48.40000000000004; 0.03593893128056596
48.50000000000004; 0.03658991329452545
48.600000000000044; 0.037247284089724046
48.700000000000045; 0.03791102184523474
48.80000000000004; 0.038581103834192366
48.90000000000004; 0.03925750643868369
49.00000000000004; 0.03994020516476384
49.100000000000044; 0.040629174657590424
49.200000000000045; 0.04132438871665464
49.30000000000004; 0.04202582031111199
49.40000000000004; 0.04273344159519219
49.50000000000004; 0.04344722392367765
49.600000000000044; 0.044167137867453826
49.700000000000045; 0.044893153229098696
49.80000000000004; 0.045625239058526744
49.90000000000004; 0.046363363668660694
50.00000000000004; 0.04710749465112444
50.100000000000044; 0.04785787561875578
50.200000000000045; 0.048614203383672346
50.30000000000005; 0.049376439830852825
50.40000000000004; 0.050144549181612506
50.50000000000004; 0.050918494997705246
50.600000000000044; 0.05169824019734628
50.700000000000045; 0.05248374707120847
50.80000000000005; 0.053274977298387365
50.90000000000004; 0.05407189196232515
51.00000000000004; 0.05487445156668624
51.100000000000044; 0.05568261605117776
51.200000000000045; 0.0564963448073088
51.30000000000005; 0.05731559669408049
51.40000000000005; 0.05814033005360648
51.50000000000004; 0.058970502726642865
51.600000000000044; 0.0598060720680439
51.700000000000045; 0.06064699496211733
51.80000000000005; 0.06149322783788459
51.90000000000005; 0.06234472668424254
52.00000000000004; 0.06320144706500867
52.100000000000044; 0.06406334413386533
52.200000000000045; 0.06493037264917856
52.30000000000005; 0.06580248698869971
52.40000000000005; 0.0666796411641406
52.50000000000004; 0.06756178883562222
52.600000000000044; 0.06844888332598459
52.700000000000045; 0.06934087763496329
52.80000000000005; 0.07023772445323107
52.90000000000005; 0.07113937617628617
53.00000000000004; 0.07204578491820132
53.100000000000044; 0.07295690252522224
53.200000000000045; 0.07387268058921295
53.30000000000005; 0.07479307046094807
53.40000000000005; 0.07571802326324742
53.50000000000005; 0.07664748990395111
53.600000000000044; 0.07758142108873861
53.700000000000045; 0.07851976733377375
53.80000000000005; 0.07946247897819748
53.90000000000005; 0.08040950619644674
54.00000000000005; 0.08136079901040848
54.100000000000044; 0.08231630730140035
54.200000000000045; 0.0832759808219887
54.30000000000005; 0.08423976920762757
54.40000000000005; 0.08520762198812747
54.50000000000005; 0.0861794885989564
54.60000000000005; 0.08715531839235509
54.700000000000045; 0.08813506064829053
54.80000000000005; 0.0891186645852271
54.90000000000005; 0.0901060793707216
55.00000000000005; 0.09109725413184998
55.10000000000005; 0.09209213796544627
55.200000000000045; 0.0930906799481777
55.30000000000005; 0.09409282914643813
55.40000000000005; 0.09509853462606167
55.50000000000005; 0.09610774546187006
55.60000000000005; 0.09712041074704016
55.700000000000045; 0.09813647960229206
55.80000000000005; 0.09915590118490969
55.90000000000005; 0.1001786246975862
56.00000000000005; 0.1012045993970898
56.10000000000005; 0.10223377460276911
56.200000000000045; 0.10326609970487105
56.30000000000005; 0.1043015241727037
56.40000000000005; 0.10533999756261506
56.50000000000005; 0.10638146952581302
56.60000000000005; 0.10742588981600834
56.70000000000005; 0.10847320829690107
56.80000000000005; 0.1095233749494905
56.90000000000005; 0.11057633987922152
57.00000000000005; 0.11163205332297717
57.10000000000005; 0.1126904656558975
57.20000000000005; 0.11375152739803879
57.30000000000005; 0.11481518922088217
57.40000000000005; 0.11588140195367207
57.50000000000005; 0.11695011658959954
57.60000000000005; 0.11802128429184254
57.70000000000005; 0.1190948563994324
57.800000000000054; 0.12017078443298307
57.90000000000005; 0.12124902010026396
58.00000000000005; 0.12232951530161774
58.10000000000005; 0.12341222213524362
58.20000000000005; 0.12449709290231817
58.300000000000054; 0.12558408011198274
58.40000000000005; 0.12667313648618578
58.50000000000005; 0.12776421496438117
58.60000000000005; 0.1288572687080832
58.70000000000005; 0.12995225110529934
58.800000000000054; 0.1310491157748028
58.90000000000005; 0.13214781657029337
59.00000000000005; 0.13324830758440878
59.10000000000005; 0.13435054315261652
59.20000000000005; 0.13545447785696846
59.300000000000054; 0.13656006652973296
59.40000000000005; 0.13766726425689627
59.50000000000005; 0.13877602638154626
59.60000000000005; 0.13988630850712888
59.70000000000005; 0.14099806650058463
59.800000000000054; 0.14211125649536988
59.900000000000055; 0.1432258348943608
60.00000000000005; 0.1443417583726328
60.10000000000005; 0.14545878354633276
60.20000000000005; 0.14657706776314766
60.300000000000054; 0.14769656912873708
60.400000000000055; 0.1488172460141853
60.50000000000005; 0.14993905707712213
60.60000000000005; 0.15106196126366797
60.70000000000005; 0.15218591781029003
60.800000000000054; 0.15331088624555136
60.900000000000055; 0.15443682639177259
61.00000000000006; 0.1555636983665912
61.10000000000005; 0.1566914625844332
61.20000000000005; 0.15782007975789245
61.300000000000054; 0.1589495108990215
61.400000000000055; 0.1600797173205289
61.50000000000006; 0.16121066063690467
61.60000000000005; 0.16234230276544453
61.70000000000005; 0.1634746059272014
61.800000000000054; 0.16460753264785474
61.900000000000055; 0.165741045758505
62.00000000000006; 0.16687510839637365
62.10000000000005; 0.16800968400545097
62.20000000000005; 0.16914473633705104
62.300000000000054; 0.17028022945029891
62.400000000000055; 0.17141612771255382
62.50000000000006; 0.17255239579974763
62.60000000000005; 0.17368899869667231
62.70000000000005; 0.17482590169718626
62.800000000000054; 0.1759630704043612
62.900000000000055; 0.17710047073057122
63.00000000000006; 0.17823806889750343
63.10000000000006; 0.17937583143612604
63.20000000000005; 0.18051372518658387
63.300000000000054; 0.1816517172980398
63.400000000000055; 0.1827897752284643
63.50000000000006; 0.18392786674436237
63.60000000000006; 0.18506595992044472
63.70000000000005; 0.18620402313926054
63.800000000000054; 0.18734202509076203
63.900000000000055; 0.1884799347718249
64.00000000000006; 0.18961772148572828
64.10000000000005; 0.19075535484157352
64.20000000000006; 0.19189280475366274
64.30000000000005; 0.19303004144083843
64.40000000000006; 0.19416703542576824
64.50000000000006; 0.19530375753419202
64.60000000000005; 0.1964401788941316
64.70000000000006; 0.1975762709350508
64.80000000000005; 0.19871200538698375
64.90000000000006; 0.19984735427962833
65.00000000000006; 0.2009822899413831
65.10000000000005; 0.20211678499837898
65.20000000000006; 0.2032508123734464
65.30000000000005; 0.20438434528506574
65.40000000000006; 0.20551735724628625
65.50000000000006; 0.2066498220635967
65.60000000000005; 0.20778171383578548
65.70000000000006; 0.20891300695276038
65.80000000000005; 0.21004367609433444
65.90000000000006; 0.21117369622899648
66.00000000000006; 0.21230304261264954
66.10000000000005; 0.21343169078731467
66.20000000000006; 0.21455961657982545
66.30000000000005; 0.21568679610048544
66.40000000000006; 0.21681320574170773
66.50000000000006; 0.21793882217662938
66.60000000000005; 0.2190636223577079
66.70000000000006; 0.2201875835152956
66.80000000000005; 0.2213106831561879
66.90000000000006; 0.22243289906216496
67.00000000000006; 0.22355420928849565
67.10000000000007; 0.22467459216245056
67.20000000000006; 0.2257940262817668
67.30000000000005; 0.22691249051312645
67.40000000000006; 0.2280299639905926
67.50000000000006; 0.2291464261140552
67.60000000000007; 0.2302618565476415
67.70000000000006; 0.23137623521812567
67.80000000000005; 0.23248954231332333
67.90000000000006; 0.2336017582804734
68.00000000000006; 0.23471286382460219
68.10000000000007; 0.23582283990688768
68.20000000000006; 0.23693166774300606
68.30000000000005; 0.23803932880146764
68.40000000000006; 0.23914580480195097
68.50000000000006; 0.24025107771361962
68.60000000000007; 0.24135512975343673
68.70000000000006; 0.2424579433844685
68.80000000000005; 0.24355950131418297
68.90000000000006; 0.2446597864927447
69.00000000000006; 0.2457587821112948
69.10000000000007; 0.2468564716002348
69.20000000000006; 0.2479528386275017
69.30000000000005; 0.24904786709683996
69.40000000000006; 0.25014154114606263
69.50000000000006; 0.25123384514532116
69.60000000000007; 0.25232476369536255
69.70000000000006; 0.2534142816257867
69.80000000000007; 0.2545023839933007
69.90000000000006; 0.2555890560799737
70.00000000000006; 0.25667428339148757
70.10000000000007; 0.257758051655385
70.20000000000006; 0.25884034681932483
70.30000000000007; 0.25992115504932845
70.40000000000006; 0.2610004627280255
70.50000000000006; 0.26207825645291144
70.60000000000007; 0.2631545230345907
70.70000000000006; 0.26422924949503745
70.80000000000007; 0.26530242306583485
70.90000000000006; 0.2663740311864444
71.00000000000006; 0.2674440615024522
71.10000000000007; 0.26851250186383296
71.20000000000006; 0.2695793403232108
71.30000000000007; 0.2706445651341217
71.40000000000006; 0.27170816474928194
71.50000000000006; 0.272770127818861
71.60000000000007; 0.2738304431887531
71.70000000000006; 0.27488909989885896
71.80000000000007; 0.2759460871813664
71.90000000000006; 0.2770013944590362
72.00000000000006; 0.27805501134349586
72.10000000000007; 0.279106927633538
72.20000000000006; 0.2801571333134172
72.30000000000007; 0.2812056185511626
72.40000000000006; 0.28225237369688183
72.50000000000006; 0.28329738928109177
72.60000000000007; 0.2843406560130285
72.70000000000006; 0.28538216477898926
72.80000000000007; 0.28642190664066075
72.90000000000006; 0.28745987283346586
73.00000000000006; 0.2884960547649117
73.10000000000007; 0.2895304440129438
73.20000000000006; 0.2905630323243137
73.30000000000007; 0.2915938116129433
73.40000000000006; 0.2926227739583071
73.50000000000007; 0.29364991160381304
73.60000000000007; 0.29467521695519316
73.70000000000006; 0.29569868257890874
73.80000000000007; 0.2967203012005512
73.90000000000006; 0.2977400657032621
74.00000000000007; 0.29875796912615327
74.10000000000007; 0.2997740046627358
74.20000000000006; 0.30078816565936467
74.30000000000007; 0.30180044561368014
74.40000000000006; 0.3028108381730702
74.50000000000007; 0.3038193371331259
74.60000000000007; 0.3048259364361222
74.70000000000006; 0.30583063016949646
74.80000000000007; 0.30683341256433344
74.90000000000006; 0.3078342779938712
75.00000000000007; 0.3088332209720072
75.10000000000007; 0.3098302361518101
75.20000000000006; 0.3108253183240504
75.30000000000007; 0.3118184624157309
75.40000000000006; 0.31280966348863354
75.50000000000007; 0.3137989167378702
75.60000000000007; 0.3147862174904443
75.70000000000006; 0.3157715612038215
75.80000000000007; 0.316754943464514
75.90000000000006; 0.31773635998666094
76.00000000000007; 0.31871580661064114
76.10000000000007; 0.3196932793016656
76.20000000000007; 0.3206687741484105
76.30000000000007; 0.32164228736163086
76.40000000000006; 0.32261381527280975
76.50000000000007; 0.3235833543327945
76.60000000000007; 0.3245509011104565
76.70000000000007; 0.32551645229135745
76.80000000000007; 0.3264800046764221
76.90000000000006; 0.327441555180624
77.00000000000007; 0.3284011008316807
77.10000000000007; 0.32935863876874977
77.20000000000007; 0.33031416624115373
77.30000000000007; 0.3312676806070948
77.40000000000006; 0.3322191793323865
77.50000000000007; 0.33316865998920303
77.60000000000007; 0.33411612025482096
77.70000000000007; 0.33506155791038994
77.80000000000007; 0.33600497083969494
77.90000000000006; 0.33694635702794334
78.00000000000007; 0.33788571456054955
78.10000000000007; 0.33882304162194016
78.20000000000007; 0.3397583364943556
78.30000000000007; 0.34069159755667494
78.40000000000006; 0.341622823283242
78.50000000000007; 0.3425520122427017
78.60000000000007; 0.3434791630968485
78.70000000000007; 0.34440427459948086
78.80000000000007; 0.3453273455952728
78.90000000000006; 0.3462483750186398
79.00000000000007; 0.34716736189263353
79.10000000000007; 0.3480843053278293
79.20000000000007; 0.34899920452123284
79.30000000000007; 0.34991205875519027
79.40000000000006; 0.35082286739631435
79.50000000000007; 0.3517316298944129
79.60000000000007; 0.35263834578142783
79.70000000000007; 0.3535430146703911
79.80000000000007; 0.3544456362543776
79.90000000000008; 0.35534621030547275
80.00000000000007; 0.3562447366737585
80.10000000000007; 0.3571414349174926
80.20000000000007; 0.35803608745850607
80.30000000000007; 0.35892869079329065
80.40000000000008; 0.35981924472590154
80.50000000000007; 0.360707749135577
80.60000000000007; 0.36159420397577324
80.70000000000007; 0.3624786092732153
80.80000000000007; 0.36336096512694516
80.90000000000008; 0.3642412717073872
81.00000000000007; 0.3651195292554165
81.10000000000007; 0.36599573808143665
81.20000000000007; 0.3668698985644699
81.30000000000007; 0.3677420111512479
81.40000000000008; 0.36861207635531634
81.50000000000007; 0.36948009475615035
81.60000000000007; 0.37034606699826517
81.70000000000007; 0.37120999379034925
81.80000000000007; 0.37207187590439683
81.90000000000008; 0.37293171417485665
82.00000000000007; 0.373789509497773
82.10000000000007; 0.3746452628299523
82.20000000000007; 0.37549897518812975
82.30000000000007; 0.3763506476481373
82.40000000000008; 0.3772002813440943
82.50000000000007; 0.3780478774675908
82.60000000000008; 0.3788934372668888
82.70000000000007; 0.3797369620461265
82.80000000000007; 0.38057845316453076
82.90000000000008; 0.38141791203563613
83.00000000000007; 0.3822553401265144
83.10000000000008; 0.3830907389570127
83.20000000000007; 0.38392411009898775
83.30000000000007; 0.3847554551755653
83.40000000000008; 0.38558477586038836
83.50000000000007; 0.38641207387688925
83.60000000000008; 0.38723735099755857
83.70000000000007; 0.3880606090432226
83.80000000000007; 0.3888818498823298
83.90000000000008; 0.38970107543024585
84.00000000000007; 0.3905182876485523
84.10000000000008; 0.3913334885443529
84.20000000000007; 0.3921466801695882
84.30000000000007; 0.39295786462036003
84.40000000000008; 0.3937670440362511
84.50000000000007; 0.39457422059966685
84.60000000000008; 0.395379396535175
84.70000000000007; 0.3961825741088521
84.80000000000007; 0.396983755627638
84.90000000000008; 0.3977829434386985
85.00000000000007; 0.39858013992879127
85.10000000000008; 0.3993753475236467
85.20000000000007; 0.40016856868733575
85.30000000000007; 0.4009598059216711
85.40000000000008; 0.40174906176559105
85.50000000000007; 0.40253633879456346
85.60000000000008; 0.4033216396199947
85.70000000000007; 0.40410496688863334
85.80000000000007; 0.4048863232819973
85.90000000000008; 0.40566571151579445
86.00000000000007; 0.40644313433935547
86.10000000000008; 0.40721859453506826
86.20000000000007; 0.40799209491782285
86.30000000000008; 0.40876363833445883
86.40000000000008; 0.4095332276632225
86.50000000000007; 0.4103008658132232
86.60000000000008; 0.41106655572390305
86.70000000000007; 0.4118303003645094
86.80000000000008; 0.412592102733572
86.90000000000008; 0.4133519658583813
87.00000000000007; 0.41410989279448757
87.10000000000008; 0.4148658866251878
87.20000000000007; 0.4156199504610302
87.30000000000008; 0.41637208743931764
87.40000000000008; 0.41712230072361783
87.50000000000007; 0.4178705935032845
87.60000000000008; 0.41861696899297646
87.70000000000007; 0.41936143043218077
87.80000000000008; 0.4201039810847541
87.90000000000008; 0.42084462423845487
88.00000000000007; 0.4215833632044849
88.10000000000008; 0.42232020131704334
88.20000000000007; 0.4230551419328734
88.30000000000008; 0.42378818843082283
88.40000000000008; 0.42451934421141213
88.50000000000007; 0.4252486126963923
88.60000000000008; 0.42597599732832864
88.70000000000007; 0.4267015015701711
88.80000000000008; 0.4274251289048423
88.90000000000008; 0.4281468828348188
89.00000000000009; 0.428866766881732
89.10000000000008; 0.42958478458595534
89.20000000000007; 0.43030093950621673
89.30000000000008; 0.43101523521919444
89.40000000000008; 0.4317276753191344
89.50000000000009; 0.4324382634174642
89.60000000000008; 0.4331470031424113
89.70000000000007; 0.43385389813862996
89.80000000000008; 0.4345589520668282
89.90000000000008; 0.4352621686034004
90.00000000000009; 0.4359635514400696
90.10000000000008; 0.43666310428351895
90.20000000000007; 0.4373608308550516
90.30000000000008; 0.43805673489022656
90.40000000000008; 0.4387508201385247
90.50000000000009; 0.4394430903630008
90.60000000000008; 0.44013354933994847
90.70000000000007; 0.44082220085856616
90.80000000000008; 0.44150904872062846
90.90000000000008; 0.4421940967401578
91.00000000000009; 0.4428773487431108
91.10000000000008; 0.44355880856704977
91.20000000000007; 0.44423848006083944
91.30000000000008; 0.44491636708433135
91.40000000000008; 0.4455924735080576
91.50000000000009; 0.4462668032129318
91.60000000000008; 0.44693936008994956
91.70000000000007; 0.4476101480398923
91.80000000000008; 0.4482791709730378
91.90000000000008; 0.4489464328088702
92.00000000000009; 0.4496119374757998
92.10000000000008; 0.45027568891087827
92.20000000000007; 0.45093769105952713
92.30000000000008; 0.45159794787525825
92.40000000000008; 0.45225646331940883
92.50000000000009; 0.45291324136087263
92.60000000000008; 0.45356828597583704
92.70000000000009; 0.4542216011475221
92.80000000000008; 0.4548731908659259
92.90000000000008; 0.45552305912757085
93.00000000000009; 0.4561712099352524
93.10000000000008; 0.4568176472977952
93.20000000000009; 0.45746237522980543
93.30000000000008; 0.4581053977514321
93.40000000000008; 0.4587467188881312
93.50000000000009; 0.4593863426704296
93.60000000000008; 0.4600242731336943
93.70000000000009; 0.4606605143179032
93.80000000000008; 0.4612950702674233
93.90000000000008; 0.46192794503078227
94.00000000000009; 0.4625591426604567
94.10000000000008; 0.46318866721264923
94.20000000000009; 0.4638165227470795
94.30000000000008; 0.4644427133267684
94.40000000000008; 0.4650672430178351
94.50000000000009; 0.46569011588929204
94.60000000000008; 0.466311336012835
94.70000000000009; 0.4669309074626552
94.80000000000008; 0.4675488343152307
94.90000000000008; 0.46816512064914084
95.00000000000009; 0.46877977054486847
95.10000000000008; 0.469392788084617
95.20000000000009; 0.47000417735211586
95.30000000000008; 0.47061394243244653
95.40000000000009; 0.471222087411851
95.50000000000009; 0.47182861637755974
95.60000000000008; 0.47243353341761324
95.70000000000009; 0.4730368426206882
95.80000000000008; 0.47363854807592537
95.90000000000009; 0.474238653872762
96.00000000000009; 0.4748371641007609
96.10000000000008; 0.4754340828494517
96.20000000000009; 0.4760294142081668
96.30000000000008; 0.4766231622658784
96.40000000000009; 0.47721533111104397
96.50000000000009; 0.4778059248314529
96.60000000000008; 0.4783949475140666
96.70000000000009; 0.478982403244877
96.80000000000008; 0.47956829610874985
96.90000000000009; 0.4801526301892809
97.00000000000009; 0.4807354095686542
97.10000000000008; 0.48131663832749405
97.20000000000009; 0.48189632054473197
97.30000000000008; 0.48247446029746155
97.40000000000009; 0.4830510616608083
97.50000000000009; 0.4836261287077911
97.60000000000008; 0.48419966550919047
97.70000000000009; 0.48477167613342365
97.80000000000008; 0.4853421646464089
97.90000000000009; 0.48591113511144385
98.00000000000009; 0.486478591589081
98.10000000000008; 0.4870445381370045
98.20000000000009; 0.4876089788099075
98.30000000000008; 0.488171917659376
98.40000000000009; 0.4887333587337735
98.50000000000009; 0.4892933060781201
98.60000000000008; 0.4898517637339848
98.70000000000009; 0.4904087357393717
98.80000000000008; 0.49096422612860935
98.90000000000009; 0.4915182389322429
99.00000000000009; 0.49207077817692846
99.1000000000001; 0.49262184788533026
99.20000000000009; 0.49317145207601204
99.30000000000008; 0.49371959476334243
99.40000000000009; 0.49426627995738776
99.50000000000009; 0.49481151166381987
99.6000000000001; 0.49535529388381716
99.70000000000009; 0.4958976306139708
99.80000000000008; 0.496438525846189
99.90000000000009; 0.4969779835676054
100.00000000000009; 0.49751600410183183
100.1000000000001; 0.4980524554361141
100.20000000000009; 0.4985874819693273
100.30000000000008; 0.4991210877556432
100.40000000000009; 0.49965327684355904
100.50000000000009; 0.500184053275816
100.6000000000001; 0.5007134210893134
100.70000000000009; 0.5012413843150353
100.80000000000008; 0.5017679469779714
100.90000000000009; 0.5022931130970365
101.00000000000009; 0.502816886685004
101.1000000000001; 0.5033392717484224
101.20000000000009; 0.5038602722875488
101.30000000000008; 0.5043798922962787
101.40000000000009; 0.5048981357620714
101.50000000000009; 0.505415006665886
101.6000000000001; 0.5059305089821137
101.70000000000009; 0.5064446466785086
101.8000000000001; 0.5069574237161257
101.90000000000009; 0.5074688440492596
102.00000000000009; 0.5079789116253751
102.1000000000001; 0.5084876303850557
102.20000000000009; 0.5089950042619358
102.3000000000001; 0.5095010371826456
102.40000000000009; 0.5100057330667535
102.50000000000009; 0.5105090958267079
102.6000000000001; 0.5110111293677841
102.70000000000009; 0.5115118375880305
102.8000000000001; 0.5120112243782126
102.90000000000009; 0.5125092936217612
103.00000000000009; 0.5130060491947276
103.1000000000001; 0.5135014949657238
103.20000000000009; 0.5139956347958824
103.3000000000001; 0.5144884725388039
103.40000000000009; 0.5149800120405124
103.50000000000009; 0.5154702571394073
103.6000000000001; 0.5159592116662224
103.70000000000009; 0.5164468794439778
103.8000000000001; 0.5169332642879402
103.90000000000009; 0.5174183700055784
104.00000000000009; 0.5179022003965253
104.1000000000001; 0.5183847592525364
104.20000000000009; 0.5188660503574503
104.3000000000001; 0.5193460774871513
104.40000000000009; 0.5198248444095308
104.50000000000009; 0.5203023548844556
104.6000000000001; 0.5207786126637235
104.70000000000009; 0.5212536214910397
104.8000000000001; 0.5217273851019714
104.90000000000009; 0.5221999072239265
105.00000000000009; 0.5226711915761112
105.1000000000001; 0.5231412418695067
105.20000000000009; 0.5236100618068327
105.3000000000001; 0.5240776550825215
105.40000000000009; 0.5245440253826879
105.5000000000001; 0.5250091763851018
105.6000000000001; 0.5254731117591587
105.70000000000009; 0.5259358351658563
105.8000000000001; 0.5263973502577644
105.90000000000009; 0.5268576606790061
106.0000000000001; 0.5273167700652256
106.1000000000001; 0.527774682043572
106.20000000000009; 0.528231400232672
106.3000000000001; 0.5286869282426074
106.40000000000009; 0.5291412696748972
106.5000000000001; 0.5295944281224726
106.6000000000001; 0.5300464071696586
106.70000000000009; 0.5304972103921555
106.8000000000001; 0.5309468413570197
106.90000000000009; 0.5313953036226422
107.0000000000001; 0.5318426007387366
107.1000000000001; 0.5322887362463179
107.20000000000009; 0.5327337136776875
107.3000000000001; 0.5331775365564164
107.40000000000009; 0.5336202083973348
107.5000000000001; 0.5340617327065086
107.6000000000001; 0.5345021129812368
107.70000000000009; 0.5349413527100267
107.8000000000001; 0.5353794553725914
107.90000000000009; 0.5358164244398292
108.0000000000001; 0.5362522633738191
108.1000000000001; 0.5366869756278022
108.2000000000001; 0.5371205646461784
108.3000000000001; 0.5375530338644923
108.40000000000009; 0.5379843867094238
108.5000000000001; 0.5384146265987814
108.6000000000001; 0.5388437569414912
108.7000000000001; 0.5392717811375897
108.8000000000001; 0.5396987025782177
108.90000000000009; 0.540124524645613
109.0000000000001; 0.5405492507131003
109.1000000000001; 0.5409728841450906
109.2000000000001; 0.5413954282970738
109.3000000000001; 0.5418168865156107
109.40000000000009; 0.542237262138332
109.5000000000001; 0.542656558493933
109.6000000000001; 0.5430747789021703
109.7000000000001; 0.5434919266738573
109.8000000000001; 0.5439080051108621
109.90000000000009; 0.5443230175061056
110.0000000000001; 0.5447369671435587
110.1000000000001; 0.5451498572982406
110.2000000000001; 0.5455616912362186
110.3000000000001; 0.5459724722146073
110.40000000000009; 0.5463822034815661
110.5000000000001; 0.546790888276303
110.6000000000001; 0.5471985298290721
110.7000000000001; 0.5476051313611735
110.8000000000001; 0.5480106960849582
110.90000000000009; 0.5484152272038266
111.0000000000001; 0.548818727912231
111.1000000000001; 0.5492212013956792
111.2000000000001; 0.5496226508307358
111.3000000000001; 0.5500230793850244
111.40000000000009; 0.5504224902172327
111.5000000000001; 0.5508208864771149
111.6000000000001; 0.5512182713054955
111.7000000000001; 0.5516146478342762
111.8000000000001; 0.5520100191864361
111.9000000000001; 0.5524043884760396
112.0000000000001; 0.5527977588082407
112.1000000000001; 0.5531901332792906
112.2000000000001; 0.553581514976538
112.3000000000001; 0.5539719069784422
112.4000000000001; 0.5543613123545745
112.5000000000001; 0.5547497341656275
112.6000000000001; 0.5551371754634205
112.7000000000001; 0.5555236392909069
112.8000000000001; 0.5559091286821837
112.9000000000001; 0.5562936466624967
113.0000000000001; 0.5566771962482502
113.1000000000001; 0.5570597804470138
113.2000000000001; 0.5574414022575346
113.3000000000001; 0.5578220646697405
113.4000000000001; 0.5582017706647538
113.5000000000001; 0.5585805232148995
113.6000000000001; 0.5589583252837119
113.7000000000001; 0.5593351798259503
113.8000000000001; 0.5597110897876024
113.9000000000001; 0.5600860581058988
114.0000000000001; 0.5604600877093242
114.1000000000001; 0.5608331815176237
114.2000000000001; 0.5612053424418175
114.3000000000001; 0.5615765733842104
114.4000000000001; 0.5619468772384049
114.5000000000001; 0.5623162568893106
114.60000000000011; 0.5626847152131565
114.7000000000001; 0.5630522550775032
114.8000000000001; 0.563418879341256
114.9000000000001; 0.5637845908546766
115.0000000000001; 0.5641493924593943
115.10000000000011; 0.5645132869884202
115.2000000000001; 0.5648762772661597
115.3000000000001; 0.5652383661084257
115.4000000000001; 0.5655995563224521
115.5000000000001; 0.565959850706906
115.60000000000011; 0.5663192520519027
115.7000000000001; 0.5666777631390195
115.8000000000001; 0.5670353867413069
115.9000000000001; 0.5673921256233085
116.0000000000001; 0.5677479825410668
116.10000000000011; 0.5681029602421463
116.2000000000001; 0.5684570614656427
116.3000000000001; 0.5688102889421978
116.4000000000001; 0.5691626453940163
116.5000000000001; 0.5695141335348811
116.60000000000011; 0.5698647560701662
116.7000000000001; 0.5702145156968516
116.8000000000001; 0.5705634151035432
116.9000000000001; 0.5709114569704825
117.0000000000001; 0.5712586439695672
117.10000000000011; 0.5716049787643616
117.2000000000001; 0.5719504640101183
117.3000000000001; 0.5722951023537917
117.4000000000001; 0.5726388964340517
117.5000000000001; 0.5729818488813041
117.60000000000011; 0.5733239623177036
117.7000000000001; 0.5736652393571738
117.8000000000001; 0.5740056826054195
117.9000000000001; 0.5743452946599464
118.0000000000001; 0.5746840781100782
118.10000000000011; 0.5750220355369703
118.2000000000001; 0.5753591695136306
118.30000000000011; 0.5756954826049346
118.4000000000001; 0.576030977367641
118.5000000000001; 0.5763656563504135
118.60000000000011; 0.5766995220938343
118.7000000000001; 0.5770325771304224
118.80000000000011; 0.5773648239846514
118.9000000000001; 0.5776962651729679
119.0000000000001; 0.5780269032038086
119.10000000000011; 0.5783567405776167
119.2000000000001; 0.5786857797868632
119.30000000000011; 0.57901402331606
119.4000000000001; 0.5793414736417831
119.5000000000001; 0.5796681332326863
119.60000000000011; 0.5799940045495233
119.7000000000001; 0.5803190900451627
119.80000000000011; 0.5806433921646069
119.9000000000001; 0.5809669133450116
120.0000000000001; 0.5812896560157046
120.10000000000011; 0.5816116225982025
120.2000000000001; 0.5819328155062292
120.30000000000011; 0.5822532371457382
120.4000000000001; 0.5825728899149246
120.5000000000001; 0.5828917762042517
120.60000000000011; 0.5832098983964628
120.7000000000001; 0.5835272588666036
120.80000000000011; 0.5838438599820422
120.9000000000001; 0.5841597041024833
121.00000000000011; 0.5844747935799939
121.10000000000011; 0.5847891307590136
121.2000000000001; 0.5851027179763839
121.30000000000011; 0.5854155575613578
121.4000000000001; 0.585727651835625
121.50000000000011; 0.5860390031133288
121.60000000000011; 0.5863496137010864
121.7000000000001; 0.5866594858980059
121.80000000000011; 0.5869686219957089
121.9000000000001; 0.5872770242783466
122.00000000000011; 0.5875846950226207
122.10000000000011; 0.5878916364978038
122.2000000000001; 0.5881978509657563
122.30000000000011; 0.5885033406809482
122.4000000000001; 0.5888081078904767
122.50000000000011; 0.5891121548340875
122.60000000000011; 0.5894154837441926
122.7000000000001; 0.5897180968458906
122.80000000000011; 0.5900199963569862
122.9000000000001; 0.5903211844880109
123.00000000000011; 0.5906216634422402
123.10000000000011; 0.5909214354157158
123.2000000000001; 0.5912205025972616
123.30000000000011; 0.591518867168508
123.4000000000001; 0.5918165313039097
123.50000000000011; 0.5921134971707616
123.60000000000011; 0.5924097669292253
123.7000000000001; 0.5927053427323443
123.80000000000011; 0.5930002267260647
123.9000000000001; 0.5932944210492537
124.00000000000011; 0.593587927833722
124.10000000000011; 0.5938807492042425
124.2000000000001; 0.5941728872785682
124.30000000000011; 0.5944643441674546
124.4000000000001; 0.5947551219746783
124.50000000000011; 0.5950452227970554
124.60000000000011; 0.5953346487244638
124.70000000000012; 0.5956234018398622
124.80000000000011; 0.5959114842193084
124.9000000000001; 0.5961988979319793
125.00000000000011; 0.596485645040194
125.10000000000011; 0.5967717275994289
125.20000000000012; 0.5970571476583402
125.30000000000011; 0.5973419072587824
125.4000000000001; 0.5976260084358306
125.50000000000011; 0.5979094532177957
125.60000000000011; 0.5981922436262483
125.70000000000012; 0.598474381676037
125.80000000000011; 0.5987558693753076
125.9000000000001; 0.5990367087255227
126.00000000000011; 0.5993169017214822
126.10000000000011; 0.5995964503513432
126.20000000000012; 0.5998753565966396
126.30000000000011; 0.6001536224322999
126.4000000000001; 0.6004312498266691
126.50000000000011; 0.6007082407415275
126.60000000000011; 0.6009845971321105
126.70000000000012; 0.601260320947129
126.80000000000011; 0.6015354141287856
126.9000000000001; 0.6018098786128007
127.00000000000011; 0.6020837163284243
127.10000000000011; 0.6023569291984606
127.20000000000012; 0.6026295191392881
127.30000000000011; 0.6029014880608751
127.40000000000012; 0.603172837866802
127.50000000000011; 0.6034435704542813
127.60000000000011; 0.6037136877141747
127.70000000000012; 0.6039831915310144
127.80000000000011; 0.6042520837830213
127.90000000000012; 0.604520366342127
128.0000000000001; 0.6047880410739892
128.1000000000001; 0.6050551098380146
128.2000000000001; 0.6053215744873754
128.30000000000013; 0.6055874368690303
128.40000000000012; 0.605852698823745
128.5000000000001; 0.6061173621861082
128.6000000000001; 0.606381428784553
128.7000000000001; 0.6066449004413762
128.80000000000013; 0.6069077789727566
128.90000000000012; 0.6071700661887743
129.0000000000001; 0.6074317638934307
129.1000000000001; 0.6076928738846666
129.2000000000001; 0.6079533979543816
129.30000000000013; 0.608213337888453
129.40000000000012; 0.6084726954667565
129.5000000000001; 0.6087314724631815
129.6000000000001; 0.6089896706456539
129.7000000000001; 0.6092472917761538
129.80000000000013; 0.6095043376107322
129.90000000000012; 0.609760809899533
130.0000000000001; 0.61001671038681
130.1000000000001; 0.6102720408109481
130.2000000000001; 0.6105268029044776
130.30000000000013; 0.6107809983940972
130.40000000000012; 0.6110346290006908
130.5000000000001; 0.6112876964393461
130.6000000000001; 0.6115402024193745
130.7000000000001; 0.611792148644328
130.80000000000013; 0.6120435368120202
130.90000000000012; 0.6122943686145408
131.0000000000001; 0.6125446457382785
131.1000000000001; 0.6127943698639375
131.2000000000001; 0.613043542666555
131.30000000000013; 0.6132921658155223
131.40000000000012; 0.6135402409746
131.5000000000001; 0.6137877698019384
131.6000000000001; 0.6140347539500959
131.7000000000001; 0.6142811950660549
131.80000000000013; 0.6145270947912443
131.90000000000012; 0.6147724547615535
132.0000000000001; 0.6150172766073518
132.1000000000001; 0.6152615619535083
132.2000000000001; 0.6155053124194073
132.30000000000013; 0.6157485296189689
132.40000000000012; 0.615991215160665
132.5000000000001; 0.6162333706475384
132.6000000000001; 0.6164749976772191
132.70000000000013; 0.6167160978419458
132.80000000000013; 0.6169566727285792
132.90000000000012; 0.617196723918623
133.0000000000001; 0.6174362529882399
133.1000000000001; 0.6176752615082709
133.20000000000013; 0.6179137510442524
133.30000000000013; 0.6181517231564325
133.40000000000012; 0.6183891793997905
133.5000000000001; 0.6186261213240533
133.6000000000001; 0.6188625504737135
133.70000000000013; 0.6190984683880474
133.80000000000013; 0.61933387660113
133.90000000000012; 0.619568776641856
134.0000000000001; 0.6198031700339544
134.1000000000001; 0.6200370582960064
134.20000000000013; 0.6202704429414645
134.30000000000013; 0.6205033254786657
134.40000000000012; 0.6207357074108539
134.5000000000001; 0.6209675902361932
134.6000000000001; 0.6211989754477865
134.70000000000013; 0.6214298645336913
134.80000000000013; 0.6216602589769391
134.90000000000012; 0.6218901602555506
135.0000000000001; 0.6221195698425526
135.1000000000001; 0.6223484892059955
135.20000000000013; 0.6225769198089707
135.30000000000013; 0.6228048631096251
135.40000000000012; 0.6230323205611816
135.5000000000001; 0.623259293611952
135.6000000000001; 0.6234857837053559
135.70000000000013; 0.623711792279938
135.80000000000013; 0.623937320769381
135.90000000000012; 0.6241623706025274
136.0000000000001; 0.6243869432033919
136.1000000000001; 0.6246110399911792
136.20000000000013; 0.6248346623803006
136.30000000000013; 0.6250578117803913
136.40000000000012; 0.6252804895963235
136.5000000000001; 0.6255026972282269
136.6000000000001; 0.625724436071503
136.70000000000013; 0.625945707516839
136.80000000000013; 0.6261665129502294
136.90000000000012; 0.6263868537529861
137.0000000000001; 0.6266067313017586
137.1000000000001; 0.6268261469685489
137.20000000000013; 0.6270451021207274
137.30000000000013; 0.6272635981210473
137.40000000000012; 0.6274816363276635
137.5000000000001; 0.627699218094146
137.6000000000001; 0.6279163447694975
137.70000000000013; 0.6281330176981673
137.80000000000013; 0.6283492382200684
137.90000000000012; 0.6285650076705929
138.0000000000001; 0.6287803273806265
138.1000000000001; 0.6289951986765663
138.20000000000013; 0.6292096228803346
138.30000000000013; 0.6294236013093945
138.40000000000012; 0.629637135276766
138.5000000000001; 0.6298502260910418
138.60000000000014; 0.630062875056401
138.70000000000013; 0.6302750834726248
138.80000000000013; 0.6304868526351148
138.90000000000012; 0.6306981838349033
139.0000000000001; 0.6309090783586719
139.10000000000014; 0.6311195374887659
139.20000000000013; 0.6313295625032094
139.30000000000013; 0.6315391546757192
139.40000000000012; 0.6317483152757216
139.5000000000001; 0.6319570455683662
139.60000000000014; 0.6321653468145406
139.70000000000013; 0.6323732202708867
139.80000000000013; 0.6325806671898141
139.90000000000012; 0.6327876888195154
140.0000000000001; 0.6329942864039806
140.10000000000014; 0.6332004611830128
140.20000000000013; 0.633406214392241
140.30000000000013; 0.6336115472631375
140.40000000000012; 0.6338164610230286
140.5000000000001; 0.6340209568951141
140.60000000000014; 0.6342250360984762
140.70000000000013; 0.6344286998480977
140.80000000000013; 0.6346319493548764
140.90000000000012; 0.6348347858256368
141.0000000000001; 0.6350372104631471
141.10000000000014; 0.6352392244661315
141.20000000000013; 0.6354408290292853
141.30000000000013; 0.6356420253432901
141.40000000000012; 0.6358428145948251
141.5000000000001; 0.6360431979665849
141.60000000000014; 0.6362431766372886
141.70000000000013; 0.6364427517816995
141.80000000000013; 0.6366419245706343
141.90000000000012; 0.6368406961709798
142.0000000000001; 0.6370390677457054
142.10000000000014; 0.6372370404538777
142.20000000000013; 0.6374346154506735
142.30000000000013; 0.6376317938873943
142.40000000000012; 0.6378285769114785
142.5000000000001; 0.6380249656665183
142.60000000000014; 0.638220961292268
142.70000000000013; 0.6384165649246629
142.80000000000013; 0.6386117776958304
142.90000000000012; 0.6388066007341026
143.0000000000001; 0.6390010351640307
143.10000000000014; 0.6391950821063991
143.20000000000013; 0.6393887426782376
143.30000000000013; 0.6395820179928349
143.40000000000012; 0.639774909159752
143.5000000000001; 0.639967417284836
143.60000000000014; 0.6401595434702314
143.70000000000013; 0.6403512888143951
143.80000000000013; 0.6405426544121092
143.90000000000012; 0.6407336413544928
144.0000000000001; 0.6409242507290159
144.10000000000014; 0.6411144836195134
144.20000000000013; 0.6413043411061954
144.30000000000013; 0.6414938242656618
144.40000000000012; 0.6416829341709152
144.5000000000001; 0.6418716718913732
144.60000000000014; 0.6420600384928802
144.70000000000013; 0.6422480350377224
144.80000000000013; 0.642435662584638
144.90000000000012; 0.6426229221888324
145.0000000000001; 0.6428098149019873
145.10000000000014; 0.6429963417722764
145.20000000000013; 0.6431825038443758
145.30000000000013; 0.6433683021594788
145.40000000000012; 0.6435537377553048
145.50000000000014; 0.6437388116661151
145.60000000000014; 0.6439235249227223
145.70000000000013; 0.6441078785525056
145.80000000000013; 0.6442918735794202
145.90000000000012; 0.6444755110240111
146.00000000000014; 0.6446587919034246
146.10000000000014; 0.6448417172314206
146.20000000000013; 0.6450242880183845
146.30000000000013; 0.6452065052713402
146.40000000000012; 0.6453883699939609
146.50000000000014; 0.64556988318658
146.60000000000014; 0.6457510458462069
146.70000000000013; 0.6459318589665343
146.80000000000013; 0.646112323537953
146.90000000000012; 0.6462924405475624
147.00000000000014; 0.646472210979183
147.10000000000014; 0.6466516358133663
147.20000000000013; 0.6468307160274096
147.30000000000013; 0.6470094525953648
147.40000000000012; 0.6471878464880515
147.50000000000014; 0.6473658986730674
147.60000000000014; 0.6475436101148004
147.70000000000013; 0.6477209817744415
147.80000000000013; 0.6478980146099923
147.90000000000012; 0.6480747095762813
148.00000000000014; 0.6482510676249713
148.10000000000014; 0.6484270897045725
148.20000000000013; 0.6486027767604541
148.30000000000013; 0.6487781297348537
148.40000000000012; 0.6489531495668911
148.50000000000014; 0.6491278371925763
148.60000000000014; 0.6493021935448232
148.70000000000013; 0.6494762195534604
148.80000000000013; 0.6496499161452406
148.90000000000012; 0.649823284243852
149.00000000000014; 0.6499963247699319
149.10000000000014; 0.6501690386410733
149.20000000000013; 0.6503414267718388
149.30000000000013; 0.6505134900737719
149.40000000000012; 0.6506852294554041
149.50000000000014; 0.6508566458222695
149.60000000000014; 0.6510277400769144
149.70000000000013; 0.6511985131189063
149.80000000000013; 0.6513689658448476
149.90000000000012; 0.651539099148383
150.00000000000014; 0.6517089139202126
150.10000000000014; 0.6518784103418547
150.20000000000013; 0.6520475899676372
150.30000000000013; 0.6522164536773587
150.40000000000012; 0.652385002337977
150.50000000000014; 0.652553236813614
150.60000000000014; 0.6527211579655682
150.70000000000013; 0.6528887666523236
150.80000000000013; 0.6530560637295596
150.90000000000012; 0.6532230500501619
151.00000000000014; 0.6533897264642312
151.10000000000014; 0.653556093819094
151.20000000000013; 0.6537221529593111
151.30000000000013; 0.6538879047266901
151.40000000000015; 0.6540533499602919
151.50000000000014; 0.6542184894964433
151.60000000000014; 0.6543833241687451
151.70000000000013; 0.6545478548080809
151.80000000000013; 0.6547120822426294
151.90000000000015; 0.6548760072978732
152.00000000000014; 0.6550396307966055
152.10000000000014; 0.6552029535589433
152.20000000000013; 0.6553659764023365
152.30000000000013; 0.6555287001415745
152.40000000000015; 0.655691125588798
152.50000000000014; 0.6558532535535089
152.60000000000014; 0.6560150848425776
152.70000000000013; 0.6561766202602548
152.80000000000013; 0.6563378606081778
152.90000000000015; 0.6564988066853827
153.00000000000014; 0.6566594592883123
153.10000000000014; 0.6568198192108243
153.20000000000013; 0.6569798872442032
153.30000000000013; 0.6571396641771666
153.40000000000015; 0.657299150795876
153.50000000000014; 0.6574583478839454
153.60000000000014; 0.6576172562224502
153.70000000000013; 0.6577758765899372
153.80000000000013; 0.6579342097624308
153.90000000000015; 0.6580922565134469
154.00000000000014; 0.6582500176139955
154.10000000000014; 0.6584074938325959
154.20000000000013; 0.6585646859352802
154.30000000000013; 0.6587215946856062
154.40000000000015; 0.6588782208446633
154.50000000000014; 0.6590345651710836
154.60000000000014; 0.6591906284210485
154.70000000000013; 0.6593464113482982
154.80000000000013; 0.659501914704142
154.90000000000015; 0.6596571392374638
155.00000000000014; 0.6598120856947339
155.10000000000014; 0.6599667548200144
155.20000000000013; 0.660121147354971
155.30000000000013; 0.6602752640388787
155.40000000000015; 0.6604291056086321
155.50000000000014; 0.6605826727987527
155.60000000000014; 0.6607359663413992
155.70000000000013; 0.6608889869663725
155.80000000000013; 0.6610417354011282
155.90000000000015; 0.6611942123707808
156.00000000000014; 0.6613464185981158
156.10000000000014; 0.661498354803595
156.20000000000013; 0.6616500217053667
156.30000000000013; 0.6618014200192723
156.40000000000015; 0.6619525504588566
156.50000000000014; 0.6621034137353728
156.60000000000014; 0.6622540105577949
156.70000000000013; 0.6624043416328211
156.80000000000013; 0.6625544076648854
156.90000000000015; 0.6627042093561641
157.00000000000014; 0.662853747406584
157.10000000000014; 0.6630030225138304
157.20000000000013; 0.6631520353733555
157.30000000000013; 0.6633007866783852
157.40000000000015; 0.6634492771199283
157.50000000000014; 0.6635975073867837
157.60000000000014; 0.6637454781655477
157.70000000000013; 0.6638931901406229
157.80000000000013; 0.6640406439942257
157.90000000000015; 0.6641878404063926
158.00000000000014; 0.6643347800549909
158.10000000000014; 0.6644814636157235
158.20000000000013; 0.664627891762137
158.30000000000015; 0.6647740651656313
158.40000000000015; 0.6649199844954659
158.50000000000014; 0.665065650418766
158.60000000000014; 0.6652110636005331
158.70000000000013; 0.66535622470365
158.80000000000015; 0.6655011343888894
158.90000000000015; 0.6656457933149219
159.00000000000014; 0.6657902021383215
159.10000000000014; 0.6659343615135752
159.20000000000013; 0.6660782720930889
159.30000000000015; 0.6662219345271962
159.40000000000015; 0.6663653494641629
159.50000000000014; 0.6665085175501987
159.60000000000014; 0.6666514394294603
159.70000000000013; 0.6667941157440601
159.80000000000015; 0.666936547134075
159.90000000000015; 0.6670787342375518
160.00000000000014; 0.6672206776905144
