energy (keV); transmission
1.0; 0.0
1.1; 0.0
1.2000000000000002; 0.0
1.3000000000000003; 0.0
1.4000000000000004; 0.0
1.5000000000000004; 0.0
1.6000000000000005; 0.0
1.7000000000000006; 0.0
1.8000000000000007; 0.0
1.9000000000000008; 0.0
2.000000000000001; 0.0
2.100000000000001; 0.0
2.200000000000001; 0.0
2.300000000000001; 0.0
2.4000000000000012; 0.0
2.5000000000000013; 0.0
2.6000000000000014; 0.0
2.7000000000000015; 0.0
2.8000000000000016; 0.0
2.9000000000000017; 0.0
3.0000000000000018; 0.0
3.100000000000002; 0.0
3.200000000000002; 0.0
3.300000000000002; 0.0
3.400000000000002; 0.0
3.500000000000002; 4.7446977e-317
3.6000000000000023; 1.072671438122952e-293
3.7000000000000024; 1.224247007658777e-272
3.8000000000000025; 1.3440947937606588e-253
3.9000000000000026; 2.4644792282874587e-236
4.000000000000003; 1.2122653842508466e-220
4.100000000000003; 3.401586041429141e-206
4.200000000000003; 5.200111001036995e-193
4.3000000000000025; 5.927953450442439e-181
4.400000000000003; 6.627102945241836e-170
4.5000000000000036; 9.23455175686224e-160
4.600000000000003; 1.9798152475609296e-150
4.700000000000003; 7.860823983771797e-142
4.800000000000003; 6.808257095872712e-134
4.900000000000004; 1.486816571802036e-126
5.0000000000000036; 0.0
5.100000000000003; 0.0
5.200000000000004; 0.0
5.300000000000004; 0.0
5.400000000000004; 0.0
5.5000000000000036; 0.0
5.600000000000004; 0.0
5.700000000000005; 0.0
5.800000000000004; 0.0
5.900000000000004; 0.0
6.000000000000004; 0.0
6.100000000000005; 0.0
6.200000000000005; 0.0
6.300000000000004; 0.0
6.400000000000005; 0.0
6.500000000000005; 0.0
6.600000000000005; 0.0
6.700000000000005; 0.0
6.800000000000005; 0.0
6.900000000000006; 0.0
7.000000000000005; 0.0
7.100000000000005; 0.0
7.2000000000000055; 0.0
7.300000000000006; 0.0
7.400000000000006; 1.00957801497e-313
7.500000000000005; 2.269208936104115e-303
7.600000000000006; 1.7743946428679817e-293
7.700000000000006; 5.302672907098146e-284
7.800000000000006; 6.580033479382963e-275
7.900000000000006; 3.648000552890154e-266
8.000000000000007; 9.639995169234033e-258
8.100000000000007; 1.2793432570498185e-249
8.200000000000006; 8.720717124310429e-242
8.300000000000006; 3.1078757819590347e-234
8.400000000000006; 5.897184733839463e-227
8.500000000000007; 6.069806209519058e-220
8.600000000000007; 3.453218826544689e-213
8.700000000000006; 1.1066170841898143e-206
8.800000000000008; 2.0355703794970712e-200
8.900000000000007; 2.1899176033630442e-194
9.000000000000007; 1.4036904588460917e-188
9.100000000000007; 5.459448659769136e-183
9.200000000000006; 1.3117505275007997e-177
9.300000000000008; 1.9815715473163005e-172
9.400000000000007; 1.9146071708967922e-167
9.500000000000007; 1.203174220053442e-162
9.600000000000009; 4.998349201845805e-158
9.700000000000008; 1.3945698061816183e-153
9.800000000000008; 2.653549764806715e-149
9.900000000000007; 3.494892736201715e-145
10.000000000000007; 3.2321671593335515e-141
10.100000000000009; 2.1287809726765204e-137
10.200000000000008; 1.0144378713684425e-133
10.300000000000008; 3.5511446987816574e-130
10.40000000000001; 9.263501658656742e-127
10.500000000000009; 1.825201509882604e-123
10.600000000000009; 2.7511411279055145e-120
10.700000000000008; 3.210798490228518e-117
10.800000000000008; 2.9346549342035204e-114
10.90000000000001; 2.1233562364724215e-111
11.000000000000009; 1.2286774052829233e-108
11.100000000000009; 5.741092771014833e-106
11.20000000000001; 2.1860757224162125e-103
11.30000000000001; 6.842509434122658e-101
11.40000000000001; 1.7750753599142785e-98
11.500000000000009; 3.846438005238264e-96
11.600000000000009; 7.013895165741879e-94
11.70000000000001; 1.0838652529337339e-91
11.80000000000001; 1.428933607514456e-89
11.90000000000001; 1.6174541428338667e-87
12.00000000000001; 1.5814772689491675e-85
12.10000000000001; 1.3434020915039923e-83
12.20000000000001; 9.968792774048697e-82
12.30000000000001; 6.4959261720819466e-80
12.40000000000001; 3.735626306564339e-78
12.50000000000001; 1.9048937281471193e-76
12.60000000000001; 8.652249061760691e-75
12.70000000000001; 3.5157188206189545e-73
12.800000000000011; 1.283266537296069e-71
12.900000000000011; 4.224227995866888e-70
13.00000000000001; 1.258749630297239e-68
13.10000000000001; 3.407644858164224e-67
13.20000000000001; 8.409789659364206e-66
13.300000000000011; 1.8982771632589353e-64
13.400000000000011; 3.931370280292805e-63
13.50000000000001; 7.492827195759298e-62
13.600000000000012; 1.318004597834957e-60
13.700000000000012; 2.1456395342084874e-59
13.800000000000011; 3.241262634727554e-58
13.900000000000011; 4.555023062416718e-57
14.00000000000001; 5.969551782867538e-56
14.100000000000012; 7.31274381049406e-55
14.200000000000012; 8.392243700118184e-54
14.300000000000011; 9.042059677971807e-53
14.400000000000013; 9.165230356721954e-52
14.500000000000012; 8.757210430334846e-51
14.600000000000012; 7.902424509393244e-50
14.700000000000012; 6.747153394545067e-49
14.800000000000011; 5.46020753469367e-48
14.900000000000013; 4.195264378612109e-47
15.000000000000012; 3.065323770677648e-46
15.100000000000012; 2.1332506154020642e-45
15.200000000000014; 1.416079688778589e-44
15.300000000000013; 8.978968253628686e-44
15.400000000000013; 5.445643215703892e-43
15.500000000000012; 3.163197575371615e-42
15.600000000000012; 1.762009959425853e-41
15.700000000000014; 9.42381501389986e-41
15.800000000000013; 4.84500956878964e-40
15.900000000000013; 2.397218235801462e-39
16.000000000000014; 1.1427315411580486e-38
16.100000000000016; 5.253720876467051e-38
16.200000000000014; 2.3319688621580035e-37
16.30000000000001; 1.0003300331164609e-36
16.400000000000013; 4.150936604973877e-36
16.500000000000014; 1.6677643496848674e-35
16.600000000000016; 6.493805723331287e-35
16.700000000000014; 2.4525468828138666e-34
16.800000000000015; 8.991948780835322e-34
16.900000000000013; 3.203037266823349e-33
17.000000000000014; 1.109388263796158e-32
17.100000000000016; 3.7389468417208844e-32
17.200000000000014; 1.2270981504504494e-31
17.300000000000015; 3.9244927386510143e-31
17.400000000000013; 1.2239454742430954e-30
17.500000000000014; 3.724822168819044e-30
17.600000000000016; 1.1068669883823708e-29
17.700000000000014; 3.2136933300350486e-29
17.800000000000015; 9.122139994497766e-29
17.900000000000016; 2.532960159076383e-28
18.000000000000014; 6.884104249383366e-28
18.100000000000016; 1.832291179868411e-27
18.200000000000017; 4.778622178090646e-27
18.300000000000015; 1.2217944346884953e-26
18.400000000000016; 3.0640799555278455e-26
18.500000000000014; 7.540865731530594e-26
18.600000000000016; 1.8220814041468806e-25
18.700000000000017; 4.324540189739217e-25
18.800000000000015; 1.0086300311232822e-24
18.900000000000016; 2.312768230427176e-24
19.000000000000014; 5.2158310643663065e-24
19.100000000000016; 1.157400529109672e-23
19.200000000000017; 2.5280461092815086e-23
19.300000000000015; 5.437444757140872e-23
19.400000000000016; 1.1520619758978915e-22
19.500000000000018; 2.4053918775820423e-22
19.600000000000016; 4.950832416709107e-22
19.700000000000017; 1.00485178464725e-21
19.80000000000002; 2.011879519402766e-21
19.900000000000016; 3.974832258809927e-21
20.000000000000018; 7.751562587528605e-21
20.100000000000016; 1.4925091641053548e-20
20.200000000000017; 2.838328491143145e-20
20.30000000000002; 5.3327707313937886e-20
20.400000000000016; 9.901725824627135e-20
20.500000000000018; 1.8174240904020653e-19
20.600000000000016; 3.2984157682065905e-19
20.700000000000017; 5.920676793134144e-19
20.80000000000002; 1.051390690631743e-18
20.900000000000016; 1.8475264858790217e-18
21.000000000000018; 3.2133277002650937e-18
21.10000000000002; 5.532970485768722e-18
21.200000000000017; 9.434070720215222e-18
21.30000000000002; 1.5932103850989432e-17
21.40000000000002; 2.665468603256282e-17
21.500000000000018; 4.418666005665798e-17
21.60000000000002; 7.259625969675136e-17
21.700000000000017; 1.1823028674469965e-16
21.80000000000002; 1.909054647221641e-16
21.90000000000002; 3.0567828708347216e-16
22.000000000000018; 4.85452559868566e-16
22.10000000000002; 7.647901166945093e-16
22.200000000000017; 1.1954358992020815e-15
22.30000000000002; 1.8542667877313633e-15
22.40000000000002; 2.854641025516362e-15
22.500000000000018; 4.3624832488705784e-15
22.60000000000002; 6.618916181612358e-15
22.70000000000002; 9.971878116055131e-15
22.80000000000002; 1.491998795841901e-14
22.90000000000002; 2.2172989541033682e-14
23.00000000000002; 3.2734488781332764e-14
23.10000000000002; 4.801446992978249e-14
23.20000000000002; 6.998133595514262e-14
23.30000000000002; 1.0136607757281642e-13
23.40000000000002; 1.4593477203168102e-13
23.50000000000002; 2.0885010808231545e-13
23.60000000000002; 2.9714821737931117e-13
23.70000000000002; 4.2036398638617396e-13
23.80000000000002; 5.913464832098531e-13
23.90000000000002; 8.273164558085178e-13
24.00000000000002; 1.1512303787712016e-12
24.10000000000002; 1.593530627664574e-12
24.20000000000002; 2.194379473323293e-12
24.300000000000022; 3.0064961948158963e-12
24.40000000000002; 4.098742243606363e-12
24.50000000000002; 5.560629641619497e-12
24.600000000000023; 7.507963306889263e-12
24.70000000000002; 1.0089869471810405e-11
24.800000000000022; 1.3497510544481414e-11
24.90000000000002; 1.7974842468877395e-11
25.00000000000002; 2.3831834718529326e-11
25.100000000000023; 3.1460646408452376e-11
25.20000000000002; 4.135533556572085e-11
25.300000000000022; 5.413577332378186e-11
25.40000000000002; 7.057654168278176e-11
25.50000000000002; 9.164171349914986e-11
25.600000000000023; 1.1852654752079853e-10
25.70000000000002; 1.5270728053791324e-10
25.800000000000022; 1.9600036400985544e-10
25.900000000000023; 2.506326747394487e-10
26.00000000000002; 3.1932442911343917e-10
26.100000000000023; 4.053867488382121e-10
26.200000000000024; 5.128360635940723e-10
26.300000000000022; 6.465277930983564e-10
26.400000000000023; 8.12312028050828e-10
26.50000000000002; 1.017214226511365e-09
26.600000000000023; 1.2696442594042245e-09
26.700000000000024; 1.579637475847427e-09
26.800000000000022; 1.9591318154055145e-09
26.900000000000023; 2.4222853694814105e-09
27.00000000000002; 2.9858391869411084e-09
27.100000000000023; 3.6695305284983747e-09
27.200000000000024; 4.496562198875094e-09
27.300000000000022; 5.494134023515744e-09
27.400000000000023; 6.694042985631704e-09
27.500000000000025; 8.133358997176215e-09
27.600000000000023; 9.855183741439325e-09
27.700000000000024; 1.1909500492313502e-08
27.800000000000026; 1.4354123282778394e-08
27.900000000000023; 1.725575425937356e-08
28.000000000000025; 2.0691158516584716e-08
28.100000000000023; 2.4748466151481374e-08
28.200000000000024; 2.952861171032931e-08
28.300000000000026; 3.5146921611198284e-08
28.400000000000023; 4.173486051537056e-08
28.500000000000025; 4.9441947981167463e-08
28.600000000000023; 5.8437857062295575e-08
28.700000000000024; 6.891470680418974e-08
28.800000000000026; 8.108956084196038e-08
28.900000000000023; 9.52071445078262e-08
29.000000000000025; 1.1154279300988114e-07
29.100000000000026; 1.3040564334401408e-07
29.200000000000024; 1.5214208264229277e-07
29.300000000000026; 1.771394656410871e-07
29.400000000000027; 2.0583011386593192e-07
29.500000000000025; 2.386956089769197e-07
29.600000000000026; 2.7627139249196017e-07
29.700000000000024; 3.191516838073948e-07
29.800000000000026; 3.679947280599741e-07
29.900000000000027; 4.235283849234726e-07
30.000000000000025; 4.865560689033935e-07
30.100000000000026; 5.579921408160744e-07
30.200000000000024; 6.387893853444857e-07
30.300000000000026; 7.300180610559622e-07
30.400000000000027; 8.328519496332645e-07
30.500000000000025; 9.485758250072992e-07
30.600000000000026; 1.0785936910018315e-06
30.700000000000028; 1.2244374222098942e-06
30.800000000000026; 1.3877758114677573e-06
30.900000000000027; 1.5704240260824673e-06
31.00000000000003; 1.774353473700337e-06
31.100000000000026; 2.0017020773756003e-06
31.200000000000028; 2.2547849580274064e-06
31.300000000000026; 2.5361055210487037e-06
31.400000000000027; 2.848366942374403e-06
31.50000000000003; 3.194484047822879e-06
31.600000000000026; 3.577595578005805e-06
31.700000000000028; 4.001076829565029e-06
31.800000000000026; 4.468552661944644e-06
31.900000000000027; 4.983910857343719e-06
32.00000000000003; 5.551315819949483e-06
32.10000000000002; 6.1752225989972405e-06
32.20000000000003; 6.8603912186708345e-06
32.300000000000026; 7.611901296356692e-06
32.40000000000003; 8.435166929277994e-06
32.50000000000003; 9.335951828102507e-06
32.60000000000003; 1.0320384674708505e-05
32.70000000000003; 1.1394974679960798e-05
32.800000000000026; 1.2566627316049234e-05
32.90000000000003; 1.384266019671327e-05
33.00000000000003; 1.52308190775269e-05
33.10000000000003; 1.6739293947322233e-05
33.20000000000003; 1.8376735180836424e-05
33.300000000000026; 2.0152269721730112e-05
33.40000000000003; 2.2075517264315078e-05
33.50000000000003; 2.415660640155164e-05
33.60000000000003; 2.640619070628319e-05
33.70000000000003; 2.8835464712054215e-05
33.800000000000026; 3.145617975949327e-05
33.90000000000003; 3.428065967382095e-05
34.00000000000003; 3.7321816238873235e-05
34.10000000000003; 4.059316443281186e-05
34.20000000000003; 4.410883739075505e-05
34.30000000000003; 4.788360105956645e-05
34.40000000000003; 5.19328685102414e-05
34.50000000000003; 5.627271387363679e-05
34.60000000000003; 6.0919885865630116e-05
34.70000000000003; 6.589182086835044e-05
34.80000000000003; 7.120665553460652e-05
34.90000000000003; 7.688323888347264e-05
35.00000000000003; 8.294114385558626e-05
35.10000000000003; 8.940067829773553e-05
35.20000000000003; 9.628289534721039e-05
35.30000000000003; 0.00010360960318735181
35.400000000000034; 0.00011140337414703745
35.50000000000003; 0.00011968755311777983
35.60000000000003; 0.00012848626526363894
35.70000000000003; 0.00013782442300023414
35.80000000000003; 0.00014772773222068836
35.900000000000034; 0.0001582226977477379
36.00000000000003; 0.0001693366279926294
36.10000000000003; 0.00018109763880315883
36.20000000000003; 0.00019353465648454276
36.30000000000003; 0.00020667741997861726
36.400000000000034; 0.0002205564821883664
36.50000000000003; 0.0002352032104365191
36.60000000000003; 0.00025064978604853115
36.70000000000003; 0.00026692920305209934
36.80000000000003; 0.00028407526598690726
36.900000000000034; 0.0003021225868199808
37.00000000000003; 0.00032110658096402774
37.10000000000003; 0.000341063462397275
37.20000000000003; 0.0003620302378855847
37.30000000000003; 0.00038404470030881246
37.400000000000034; 0.0004071454210953232
37.500000000000036; 0.00043137174176984005
37.60000000000003; 0.0004567637646220086
37.70000000000003; 0.00048336234250368507
37.80000000000003; 0.0005112090677654087
37.900000000000034; 0.0005403462603432255
38.000000000000036; 0.0005708169550089941
38.10000000000003; 0.0006026648877984046
38.20000000000003; 0.0006359344816322318
38.30000000000003; 0.0006706708311479501
38.400000000000034; 0.0007069196867594581
38.500000000000036; 0.0007447274379647208
38.60000000000004; 0.0007841410959211248
38.70000000000003; 0.0008252082753106955
38.80000000000003; 0.000867977175516842
38.900000000000034; 0.0009124965611366974
39.000000000000036; 0.0009588157418528706
39.10000000000004; 0.001006984551689877
39.20000000000003; 0.0010570533276808127
39.30000000000003; 0.0011090728879711094
39.400000000000034; 0.0011630945093860229
39.500000000000036; 0.0012191699044897992
39.60000000000004; 0.0012773511981646537
39.70000000000003; 0.0013376909037376805
39.80000000000003; 0.0014002418986854314
39.900000000000034; 0.001465057399944503
40.000000000000036; 0.0015321904314387679
40.10000000000004; 0.0016016579712258205
40.20000000000003; 0.001673548799729814
40.30000000000003; 0.0017479172107423958
40.400000000000034; 0.0018248177169557045
40.500000000000036; 0.0019043050240268617
40.60000000000004; 0.0019864340044585746
40.70000000000004; 0.0020712596713239207
40.80000000000003; 0.0021588371518649813
40.900000000000034; 0.0022492216609921113
41.000000000000036; 0.002342468474713454
41.10000000000004; 0.002438632903521414
41.20000000000004; 0.0025377702657631866
41.30000000000003; 0.0026399358610233225
41.400000000000034; 0.0027451849435439954
41.500000000000036; 0.0028535726957087983
41.60000000000004; 0.0029651542016170453
41.70000000000004; 0.0030799844207713978
41.80000000000004; 0.0031981181619050534
41.900000000000034; 0.003319610056972027
42.000000000000036; 0.0034445145353225307
42.10000000000004; 0.0035728857980878758
42.20000000000004; 0.0037047777927959797
42.30000000000004; 0.003840244188237794
42.400000000000034; 0.003979338349608352
42.500000000000036; 0.004122113313937837
42.60000000000004; 0.004268621765836526
42.70000000000004; 0.004418916013569089
42.80000000000004; 0.004573047965476403
42.900000000000034; 0.004731069106763622
43.000000000000036; 0.004893030476668367
43.10000000000004; 0.005058982646026698
43.20000000000004; 0.005228975695250056
43.30000000000004; 0.005403059192728284
43.400000000000034; 0.00558128217367163
43.500000000000036; 0.005763693119403382
43.60000000000004; 0.005950339937117053
43.70000000000004; 0.006141269940107
43.80000000000004; 0.006336529828483413
43.90000000000004; 0.006536165670381279
44.000000000000036; 0.006740222883673532
44.10000000000004; 0.006948746218193363
44.20000000000004; 0.007161779738475345
44.30000000000004; 0.007379366807022535
44.40000000000004; 0.007601550068103425
44.500000000000036; 0.00782837143208498
44.60000000000004; 0.00805987206030754
44.70000000000004; 0.00829609235050386
44.80000000000004; 0.008537071922765906
44.90000000000004; 0.008782849606063264
45.00000000000004; 0.009033463425313665
45.10000000000004; 0.009288950589008518
45.20000000000004; 0.009549347477392773
45.30000000000004; 0.009814689631201278
45.40000000000004; 0.01008501174094951
45.50000000000004; 0.010360347636778637
45.60000000000004; 0.01064073027885517
45.70000000000004; 0.010926191748320614
45.80000000000004; 0.011216763238789345
45.90000000000004; 0.011512475048395816
46.00000000000004; 0.011813356572380501
46.10000000000004; 0.012119436296219232
46.20000000000004; 0.012430741789285096
46.30000000000004; 0.012747299699042453
46.40000000000004; 0.013069135745765627
46.50000000000004; 0.01339627471777909
46.60000000000004; 0.013728740467212674
46.70000000000004; 0.014066555906265842
46.80000000000004; 0.014409743003973975
46.90000000000004; 0.014758322783471703
47.00000000000004; 0.01511231531974537
47.100000000000044; 0.015471739737868563
47.20000000000004; 0.015836614211710332
47.30000000000004; 0.016206955963114517
47.40000000000004; 0.01658278126153441
47.50000000000004; 0.016964105424121582
47.600000000000044; 0.017350942816257934
47.70000000000004; 0.017743306852520575
47.80000000000004; 0.018141209998075575
47.90000000000004; 0.018544663770487822
48.00000000000004; 0.018953678741940014
48.100000000000044; 0.019368264541850075
48.200000000000045; 0.019788429859882238
48.30000000000004; 0.020214182449337564
48.40000000000004; 0.020645529130916773
48.50000000000004; 0.021082475796845995
48.600000000000044; 0.02152502741535741
48.700000000000045; 0.021973188035512792
48.80000000000004; 0.022426960792362595
48.90000000000004; 0.02288634791242893
49.00000000000004; 0.023351350719504782
49.100000000000044; 0.023821969640761463
49.200000000000045; 0.024298204213148267
49.30000000000004; 0.024780053090083975
49.40000000000004; 0.025267514048423863
49.50000000000004; 0.025760583995692473
49.600000000000044; 0.026259258977582075
49.700000000000045; 0.026763534185691457
49.80000000000004; 0.027273403965513008
49.90000000000004; 0.027788861824646894
50.00000000000004; 0.028309900441234683
50.100000000000044; 0.028836706204154225
50.200000000000045; 0.029369081820391836
50.30000000000005; 0.029907014994660464
50.40000000000004; 0.030450494732829698
50.50000000000004; 0.030999509239746734
50.600000000000044; 0.03155404592898044
50.700000000000045; 0.03211409143273539
50.80000000000005; 0.032679631611929
50.90000000000004; 0.03325065156642153
51.00000000000004; 0.03382713564539016
51.100000000000044; 0.03440906745783909
51.200000000000045; 0.03499642988323753
51.30000000000005; 0.035589205082276525
51.40000000000005; 0.03618737450774076
51.50000000000004; 0.0367909189154766
51.600000000000044; 0.037399818375464605
51.700000000000045; 0.03801405228297408
51.80000000000005; 0.03863359936979982
51.90000000000005; 0.039258437715574857
52.00000000000004; 0.039888544759142795
52.100000000000044; 0.0405238973099971
52.200000000000045; 0.04116447155976628
52.30000000000005; 0.04181024309374693
52.40000000000005; 0.04246118690247463
52.50000000000004; 0.043117277393328955
52.600000000000044; 0.043778488402159976
52.700000000000045; 0.04444479320493665
52.80000000000005; 0.04511616452941267
52.90000000000005; 0.04579257456679234
53.00000000000004; 0.04647399498340372
53.100000000000044; 0.047160396932366906
53.200000000000045; 0.047851751065252336
53.30000000000005; 0.04854802754372575
53.40000000000005; 0.04924919605117272
53.50000000000005; 0.049955225804298654
53.600000000000044; 0.050666085564702854
53.700000000000045; 0.051381743650410365
53.80000000000005; 0.0521021679473745
53.90000000000005; 0.052827325920930805
54.00000000000005; 0.053557184627205975
54.100000000000044; 0.054291710724472086
54.200000000000045; 0.0550308704844514
54.30000000000005; 0.055774629803556276
54.40000000000005; 0.05652295421406758
54.50000000000005; 0.05727580889525125
54.60000000000005; 0.058033158684395306
54.700000000000045; 0.058794968087783936
54.80000000000005; 0.059561201291589316
54.90000000000005; 0.06033182217268346
55.00000000000005; 0.06110679430937349
55.10000000000005; 0.06188608099204238
55.200000000000045; 0.06266964523371131
55.30000000000005; 0.06345744978050726
55.40000000000005; 0.06424945712203432
55.50000000000005; 0.06504562950165746
55.60000000000005; 0.06584592892668523
55.700000000000045; 0.06665031717844964
55.80000000000005; 0.06745875582228975
55.90000000000005; 0.06827120621743146
56.00000000000005; 0.06908762952675677
56.10000000000005; 0.06990798672647654
56.200000000000045; 0.07073223861568208
56.30000000000005; 0.07156034582580001
56.40000000000005; 0.07239226882992507
56.50000000000005; 0.07322796795204865
56.60000000000005; 0.074067403376167
56.70000000000005; 0.07491053515528324
56.80000000000005; 0.07575732322028543
56.90000000000005; 0.07660772738870932
57.00000000000005; 0.0774617073733916
57.10000000000005; 0.07831922279099615
57.20000000000005; 0.07918023317042269
57.30000000000005; 0.08004469796110353
57.40000000000005; 0.08091257654117125
57.50000000000005; 0.08178382822550744
57.60000000000005; 0.08265841227368109
57.70000000000005; 0.08353628789775003
57.800000000000054; 0.08441741426995376
57.90000000000005; 0.08530175053028076
58.00000000000005; 0.0861892557939096
58.10000000000005; 0.0870798891585396
58.20000000000005; 0.08797360971158731
58.300000000000054; 0.08887037653727016
58.40000000000005; 0.0897701487235676
58.50000000000005; 0.09067288536905921
58.60000000000005; 0.0915785455896384
58.70000000000005; 0.09248708852511925
58.800000000000054; 0.09339847334570284
58.90000000000005; 0.09431265925834306
59.00000000000005; 0.09522960551297904
59.10000000000005; 0.09614927140865825
59.20000000000005; 0.0970716162995345
59.300000000000054; 0.09799659960075263
59.40000000000005; 0.09892418079421134
59.50000000000005; 0.09985431943421537
59.60000000000005; 0.1007869751530066
59.70000000000005; 0.10172210766618103
59.800000000000054; 0.10265967677799369
59.900000000000055; 0.10359964238654976
60.00000000000005; 0.10454196448887408
60.10000000000005; 0.10548643369054846
60.20000000000005; 0.10643317908266989
60.300000000000054; 0.1073821614986572
60.400000000000055; 0.10833334187830734
60.50000000000005; 0.10928668128825376
60.60000000000005; 0.11024214092620081
60.70000000000005; 0.11119968212506251
60.800000000000054; 0.11215926635698929
60.900000000000055; 0.11312085523729914
61.00000000000006; 0.11408441052830025
61.10000000000005; 0.11504989414301649
61.20000000000005; 0.11601726814881264
61.300000000000054; 0.11698649477092123
61.400000000000055; 0.11795753639586652
61.50000000000006; 0.11893035557480466
61.60000000000005; 0.11990491502675314
61.70000000000005; 0.1208811776417352
61.800000000000054; 0.1218591064838299
61.900000000000055; 0.12283866479413359
62.00000000000006; 0.12381981599361733
62.10000000000005; 0.12480252368591441
62.20000000000005; 0.12578675166000367
62.300000000000054; 0.1267724638928112
62.400000000000055; 0.1277596245517305
62.50000000000006; 0.1287481979970469
62.60000000000005; 0.1297381487842918
62.70000000000005; 0.1307294416665028
62.800000000000054; 0.13172204159640757
62.900000000000055; 0.13271591372853228
63.00000000000006; 0.1337110234212183
63.10000000000006; 0.13470733623857553
63.20000000000005; 0.13570481795234968
63.300000000000054; 0.1367034345437162
63.400000000000055; 0.13770315220500473
63.50000000000006; 0.13870393734134476
63.60000000000006; 0.13970575657223683
63.70000000000005; 0.14070857673306628
63.800000000000054; 0.14171236487653247
63.900000000000055; 0.14271708827401489
64.00000000000006; 0.14372271441687914
64.10000000000005; 0.14472921101770483
64.20000000000006; 0.14573654601145414
64.30000000000005; 0.14674468755658143
64.40000000000006; 0.14775360403607082
64.50000000000006; 0.14876326405841628
64.60000000000005; 0.14977363645854508
64.70000000000006; 0.1507846902986734
64.80000000000005; 0.15179639486911017
64.90000000000006; 0.15280871968900678
65.00000000000006; 0.1538216345070329
65.10000000000005; 0.15483510930202476
65.20000000000006; 0.15584911428355272
65.30000000000005; 0.15686361989245115
65.40000000000006; 0.15787859680129737
65.50000000000006; 0.1588940159148248
65.60000000000005; 0.15990984837030447
65.70000000000006; 0.16092606553786792
65.80000000000005; 0.16194263902077743
65.90000000000006; 0.16295954065566104
66.00000000000006; 0.1639767425126964
66.10000000000005; 0.16499421689574229
66.20000000000006; 0.16601193634243971
66.30000000000005; 0.1670298736242593
66.40000000000006; 0.1680480017465104
66.50000000000006; 0.16906629394830727
66.60000000000005; 0.17008472370249791
66.70000000000006; 0.17110326471555273
66.80000000000005; 0.17212189092740868
66.90000000000006; 0.17314057651128759
67.00000000000006; 0.17415929587346007
67.10000000000007; 0.17517802365299812
67.20000000000006; 0.17619673472146358
67.30000000000005; 0.17721540418259038
67.40000000000006; 0.1782340073719085
67.50000000000006; 0.1792525198563574
67.60000000000007; 0.18027091743384915
67.70000000000006; 0.18128917613281142
67.80000000000005; 0.18230727221169846
67.90000000000006; 0.18332518215847182
68.00000000000006; 0.1843428826900474
68.10000000000007; 0.18536035075172402
68.20000000000006; 0.1863775635165783
68.30000000000005; 0.18739449838483227
68.40000000000006; 0.18841113298320192
68.50000000000006; 0.18942744516421264
68.60000000000007; 0.19044341300549567
68.70000000000006; 0.19145901480905753
68.80000000000005; 0.19247422910052878
68.90000000000006; 0.1934890346283919
69.00000000000006; 0.19450341036318064
69.10000000000007; 0.19551733549666575
69.20000000000006; 0.19653078944101715
69.30000000000005; 0.197543751827948
69.40000000000006; 0.19855620250783276
69.50000000000006; 0.1995681215488183
69.60000000000007; 0.20057948923590802
69.70000000000006; 0.20159028607003165
69.80000000000007; 0.202600492767097
69.90000000000006; 0.2036100902570281
70.00000000000006; 0.20461905968278501
70.10000000000007; 0.20562738239936715
70.20000000000006; 0.20663503997280905
70.30000000000007; 0.20764201417915473
70.40000000000006; 0.2086482870034171
70.50000000000006; 0.20965384063853518
70.60000000000007; 0.21065865748430523
70.70000000000006; 0.2116627201463142
70.80000000000007; 0.21266601143484118
70.90000000000006; 0.21366851436377343
71.00000000000006; 0.2146702121494893
71.10000000000007; 0.2156710882097442
71.20000000000006; 0.21667112616254214
71.30000000000007; 0.21767030982499674
71.40000000000006; 0.21866862321218578
71.50000000000006; 0.21966605053599808
71.60000000000007; 0.2206625762039682
71.70000000000006; 0.2216581848181087
71.80000000000007; 0.2226528611737304
71.90000000000006; 0.2236465902582568
72.00000000000006; 0.22463935725003445
72.10000000000007; 0.2256311475171376
72.20000000000006; 0.22662194661616034
72.30000000000007; 0.2276117402910135
72.40000000000006; 0.22860051447170304
72.50000000000006; 0.22958825527312354
72.60000000000007; 0.23057494899382208
72.70000000000006; 0.2315605821147831
72.80000000000007; 0.2325451412981897
72.90000000000006; 0.23352861338619385
73.00000000000006; 0.23451098539967793
73.10000000000007; 0.2354922445370131
73.20000000000006; 0.23647237817282107
73.30000000000007; 0.23745137385672427
73.40000000000006; 0.23842921931210384
73.50000000000007; 0.23940590243484777
73.60000000000007; 0.24038141129209972
73.70000000000006; 0.24135573412101383
73.80000000000007; 0.24232885932749618
73.90000000000006; 0.2433007754849573
74.00000000000007; 0.24427147133305632
74.10000000000007; 0.24524093577644582
74.20000000000006; 0.24620915788352396
74.30000000000007; 0.24717612688517562
74.40000000000006; 0.24814183217352653
74.50000000000007; 0.24910626330068306
74.60000000000007; 0.2500694099774889
74.70000000000006; 0.2510312620722734
74.80000000000007; 0.25199180960959755
74.90000000000006; 0.2529510427690144
75.00000000000007; 0.25390895188382234
75.10000000000007; 0.25486552743981733
75.20000000000006; 0.2558207600740566
75.30000000000007; 0.25677464057361565
75.40000000000006; 0.2577271598743551
75.50000000000007; 0.25867830905968464
75.60000000000007; 0.2596280793593315
75.70000000000006; 0.2605764621481115
75.80000000000007; 0.26152344894470747
75.90000000000006; 0.2624690314104383
76.00000000000007; 0.26341320134805307
76.10000000000007; 0.26435595070049994
76.20000000000007; 0.26529727154972976
76.30000000000007; 0.26623715611547366
76.40000000000006; 0.26717559675405184
76.50000000000007; 0.268112585957163
76.60000000000007; 0.26904811635069187
76.70000000000007; 0.2699821806935189
76.80000000000007; 0.2709147718763295
76.90000000000006; 0.27184588292043305
77.00000000000007; 0.2727755069765842
77.10000000000007; 0.2737036373238027
77.20000000000007; 0.2746302673682145
77.30000000000007; 0.27555539064187984
77.40000000000006; 0.27647900080163246
77.50000000000007; 0.2774010916279329
77.60000000000007; 0.2783216570237085
77.70000000000007; 0.27924069101321886
77.80000000000007; 0.28015818774090806
77.90000000000006; 0.2810741414702778
78.00000000000007; 0.28198854658275346
78.10000000000007; 0.2829013975765666
78.20000000000007; 0.28381268906563106
78.30000000000007; 0.28472241577843604
78.40000000000006; 0.2856305725569392
78.50000000000007; 0.28653715435546395
78.60000000000007; 0.28744215623960667
78.70000000000007; 0.2883455733851459
78.80000000000007; 0.2892474010769641
78.90000000000006; 0.29014763470796207
79.00000000000007; 0.2910462697779969
79.10000000000007; 0.291943301892811
79.20000000000007; 0.29283872676297545
79.30000000000007; 0.2937325402028347
79.40000000000006; 0.2946247381294639
79.50000000000007; 0.2955153165616252
79.60000000000007; 0.2964042716187317
79.70000000000007; 0.2972915995198253
79.80000000000007; 0.29817729658254905
79.90000000000008; 0.2990613592221306
80.00000000000007; 0.29994378395038196
80.10000000000007; 0.3008247832058645
80.20000000000007; 0.30170414005475216
80.30000000000007; 0.30258184777145336
80.40000000000008; 0.3034579028987329
80.50000000000007; 0.3043323020725822
80.60000000000007; 0.30520504202126264
80.70000000000007; 0.3060761195643616
80.80000000000007; 0.3069455316118445
80.90000000000008; 0.30781327516312107
81.00000000000007; 0.30867934730611213
81.10000000000007; 0.30954374521632416
81.20000000000007; 0.3104064661559338
81.30000000000007; 0.31126750747287
81.40000000000008; 0.31212686659990907
81.50000000000007; 0.31298454105377777
81.60000000000007; 0.31384052843425014
81.70000000000007; 0.314694826423264
81.80000000000007; 0.3155474327840357
81.90000000000008; 0.3163983453601888
82.00000000000007; 0.31724756207487376
82.10000000000007; 0.3180950809299101
82.20000000000007; 0.31894090000492875
82.30000000000007; 0.31978501745651217
82.40000000000008; 0.3206274315173565
82.50000000000007; 0.32146814049542494
82.60000000000008; 0.3223071427731165
82.70000000000007; 0.3231444368064373
82.80000000000007; 0.32398002112417734
82.90000000000008; 0.3248138943270941
83.00000000000007; 0.32564605508710337
83.10000000000008; 0.32647650214647855
83.20000000000007; 0.32730523431704395
83.30000000000007; 0.32813225047939254
83.40000000000008; 0.3289575495820906
83.50000000000007; 0.32978113064090603
83.60000000000008; 0.33060299273803034
83.70000000000007; 0.3314231350213106
83.80000000000007; 0.33224155670348676
83.90000000000008; 0.3330582570614379
84.00000000000007; 0.3338732354354309
84.10000000000008; 0.33468649122837496
84.20000000000007; 0.3354980239050843
84.30000000000007; 0.3363078329915488
84.40000000000008; 0.3371159180741998
84.50000000000007; 0.3379222787991961
84.60000000000008; 0.33872691487170825
84.70000000000007; 0.3395298260552067
84.80000000000007; 0.34033101217075984
84.90000000000008; 0.3411304730963367
85.00000000000007; 0.34192820876611435
85.10000000000008; 0.3427242191697972
85.20000000000007; 0.34351850435192516
85.30000000000007; 0.3443110644112122
85.40000000000008; 0.34510189949986764
85.50000000000007; 0.34589100982293736
85.60000000000008; 0.34667839563764846
85.70000000000007; 0.3474640572527495
85.80000000000007; 0.348247995027871
85.90000000000008; 0.3490302093728817
86.00000000000007; 0.34981070074725473
86.10000000000008; 0.35058946965943516
86.20000000000007; 0.35136651666621777
86.30000000000008; 0.3521418423721269
86.40000000000008; 0.3529154474288049
86.50000000000007; 0.35368733253440027
86.60000000000008; 0.3544574984329676
86.70000000000007; 0.355225945913871
86.80000000000008; 0.3559926758111913
86.90000000000008; 0.35675768900313337
87.00000000000007; 0.3575209864114553
87.10000000000008; 0.3582825690008836
87.20000000000007; 0.35904243777854666
87.30000000000008; 0.35980059379340634
87.40000000000008; 0.36055703813569595
87.50000000000007; 0.36131177193636976
87.60000000000008; 0.36206479636654854
87.70000000000007; 0.36281611263697083
87.80000000000008; 0.3635657219974604
87.90000000000008; 0.3643136257363858
88.00000000000007; 0.36505982518012836
88.10000000000008; 0.3658043216925622
88.20000000000007; 0.36654711667452744
88.30000000000008; 0.3672882115633164
88.40000000000008; 0.36802760783216787
88.50000000000007; 0.3687653069897503
88.60000000000008; 0.3695013105796716
88.70000000000007; 0.3702356201799745
88.80000000000008; 0.3709682374026504
88.90000000000008; 0.3716991638931453
89.00000000000009; 0.3724284013298868
89.10000000000008; 0.3731559514237956
89.20000000000007; 0.3738818159178235
89.30000000000008; 0.37460599658647414
89.40000000000008; 0.3753284952353457
89.50000000000009; 0.37604931370066924
89.60000000000008; 0.3767684538488525
89.70000000000007; 0.3774859175760317
89.80000000000008; 0.37820170680762344
89.90000000000008; 0.37891582349788205
90.00000000000009; 0.37962826962946755
90.10000000000008; 0.38033904721300166
90.20000000000007; 0.3810481582866534
90.30000000000008; 0.3817556049156994
90.40000000000008; 0.3824613891921157
90.50000000000009; 0.3831655132341553
90.60000000000008; 0.38386797918593807
90.70000000000007; 0.3845687892170423
90.80000000000008; 0.38526794552210186
90.90000000000008; 0.38596545032040364
91.00000000000009; 0.3866613058554992
91.10000000000008; 0.3873555143948032
91.20000000000007; 0.38804807822921517
91.30000000000008; 0.3887389996727307
91.40000000000008; 0.3894282810620613
91.50000000000009; 0.39011592475626206
91.60000000000008; 0.39080193313635864
91.70000000000007; 0.39148630860497785
91.80000000000008; 0.3921690535859852
91.90000000000008; 0.39285017052412197
92.00000000000009; 0.3935296618846526
92.10000000000008; 0.3942075301530071
92.20000000000007; 0.39488377783443707
92.30000000000008; 0.3955584074536648
92.40000000000008; 0.39623142155454544
92.50000000000009; 0.3969028226997268
92.60000000000008; 0.3975726134703155
92.70000000000009; 0.39824079646554356
92.80000000000008; 0.39890737430244355
92.90000000000008; 0.3995723496155237
93.00000000000009; 0.40023572505644606
93.10000000000008; 0.4008975032937121
93.20000000000009; 0.4015576870123447
93.30000000000008; 0.40221627891358014
93.40000000000008; 0.40287328171456166
93.50000000000009; 0.40352869814803455
93.60000000000008; 0.40418253096204587
93.70000000000009; 0.4048347829196462
93.80000000000008; 0.40548545679859926
93.90000000000008; 0.40613455539108484
94.00000000000009; 0.4067820815034194
94.10000000000008; 0.407428037955764
94.20000000000009; 0.4080724275818492
94.30000000000008; 0.40871525322869035
94.40000000000008; 0.4093565177563186
94.50000000000009; 0.40999622403750846
94.60000000000008; 0.41063437495750127
94.70000000000009; 0.4112709734137513
94.80000000000008; 0.41190602231565077
94.90000000000008; 0.4125395245842786
95.00000000000009; 0.41317148315213736
95.10000000000008; 0.41380190096290487
95.20000000000009; 0.4144307809711749
95.30000000000008; 0.4150581261422186
95.40000000000009; 0.41568393945172855
95.50000000000009; 0.4163082238855827
95.60000000000008; 0.41693098243960214
95.70000000000009; 0.41755221811931403
95.80000000000008; 0.41817193393971624
95.90000000000009; 0.4187901329250467
96.00000000000009; 0.4194068181085502
96.10000000000008; 0.42002199253225725
96.20000000000009; 0.4206356592467582
96.30000000000008; 0.42124782131097865
96.40000000000009; 0.4218584817919632
96.50000000000009; 0.4224676437646619
96.60000000000008; 0.4230753103117084
96.70000000000009; 0.4236814845232194
96.80000000000008; 0.42428616949657677
96.90000000000009; 0.4248893683362243
97.00000000000009; 0.4254910841534669
97.10000000000008; 0.42609132006626266
97.20000000000009; 0.42669007919903135
97.30000000000008; 0.4272873646824506
97.40000000000009; 0.4278831796532677
97.50000000000009; 0.4284775272541029
97.60000000000008; 0.42907041063325974
97.70000000000009; 0.4296618329445437
97.80000000000008; 0.4302517973470687
97.90000000000009; 0.4308403070050788
98.00000000000009; 0.4314273650877679
98.10000000000008; 0.4320129747690998
98.20000000000009; 0.43259713922763027
98.30000000000008; 0.433179861646335
98.40000000000009; 0.4337611452124396
98.50000000000009; 0.4343409931172434
98.60000000000008; 0.4349194085559577
98.70000000000009; 0.4354963947275375
98.80000000000008; 0.43607195483451694
98.90000000000009; 0.4366460920828478
99.00000000000009; 0.43721880968174115
99.1000000000001; 0.4377901108435109
99.20000000000009; 0.43835999878341264
99.30000000000008; 0.4389284767194972
99.40000000000009; 0.43949554787245065
99.50000000000009; 0.44006121546545124
99.6000000000001; 0.4406254827240183
99.70000000000009; 0.44118835287586794
99.80000000000008; 0.4417498291507661
99.90000000000009; 0.44230991478038656
100.00000000000009; 0.4428686091985841
100.1000000000001; 0.4434257743846775
100.20000000000009; 0.4439815593854117
100.30000000000008; 0.44453596752984587
100.40000000000009; 0.44508900214784103
100.50000000000009; 0.44564066656992807
100.6000000000001; 0.44619096412717313
100.70000000000009; 0.4467398981510553
100.80000000000008; 0.44728747197333846
100.90000000000009; 0.4478336889259429
101.00000000000009; 0.44837855234083057
101.1000000000001; 0.44892206554987385
101.20000000000009; 0.4494642318847417
101.30000000000008; 0.45000505467678237
101.40000000000009; 0.4505445372569023
101.50000000000009; 0.45108268295545484
101.6000000000001; 0.45161949510212723
101.70000000000009; 0.4521549770258252
101.8000000000001; 0.4526891320545654
101.90000000000009; 0.4532219635153684
102.00000000000009; 0.4537534747341455
102.1000000000001; 0.4542836690356011
102.20000000000009; 0.4548125497431216
102.3000000000001; 0.4553401201786756
102.40000000000009; 0.455866383662713
102.50000000000009; 0.45639134351406285
102.6000000000001; 0.4569150030498374
102.70000000000009; 0.4574373655853352
102.8000000000001; 0.4579584344339424
102.90000000000009; 0.458478212907039
103.00000000000009; 0.4589967043139116
103.1000000000001; 0.45951391196165203
103.20000000000009; 0.46002983915507584
103.3000000000001; 0.4605444891966283
103.40000000000009; 0.46105786538629906
103.50000000000009; 0.46156997102153385
103.6000000000001; 0.462080809397152
103.70000000000009; 0.46259038380526013
103.8000000000001; 0.4630986975351706
103.90000000000009; 0.46360575387331915
104.00000000000009; 0.46411155610318666
104.1000000000001; 0.464616107505219
104.20000000000009; 0.46511941135674945
104.3000000000001; 0.4656214709319218
104.40000000000009; 0.46612228950161383
104.50000000000009; 0.4666218703333691
104.6000000000001; 0.46712021669131265
104.70000000000009; 0.46761733183609205
104.8000000000001; 0.46811321902479364
104.90000000000009; 0.4686078815108855
105.00000000000009; 0.4691013225441371
105.1000000000001; 0.4695935453705613
105.20000000000009; 0.4700845532323402
105.3000000000001; 0.47057434936776477
105.40000000000009; 0.47106293701116864
105.5000000000001; 0.4715503193928654
105.6000000000001; 0.47203649973908424
105.70000000000009; 0.47252148127191157
105.8000000000001; 0.47300526720922664
105.90000000000009; 0.47348786076464855
106.0000000000001; 0.4739692651474696
106.1000000000001; 0.47444948356260586
106.20000000000009; 0.4749285192105357
106.3000000000001; 0.47540637528724466
106.40000000000009; 0.475883054984174
106.5000000000001; 0.4763585614881635
106.6000000000001; 0.47683289798139966
106.70000000000009; 0.47730606764136563
106.8000000000001; 0.4777780736407896
106.90000000000009; 0.478248919147591
107.0000000000001; 0.4787186073248381
107.1000000000001; 0.47918714133069423
107.20000000000009; 0.47965452431837224
107.3000000000001; 0.48012075943608656
107.40000000000009; 0.48058584982701213
107.5000000000001; 0.4810497986292302
107.6000000000001; 0.48151260897569664
107.70000000000009; 0.4819742839941852
107.8000000000001; 0.48243482680725674
107.90000000000009; 0.48289424053220875
108.0000000000001; 0.48335252828104086
108.1000000000001; 0.4838096931604078
108.2000000000001; 0.4842657382715871
108.3000000000001; 0.4847206667104359
108.40000000000009; 0.48517448156735354
108.5000000000001; 0.4856271859272459
108.6000000000001; 0.48607878286948775
108.7000000000001; 0.4865292754678854
108.8000000000001; 0.4869786667906456
108.90000000000009; 0.4874269599003388
109.0000000000001; 0.48787415785386284
109.1000000000001; 0.48832026370241494
109.2000000000001; 0.4887652804914577
109.3000000000001; 0.48920921126068434
109.40000000000009; 0.4896520590439914
109.5000000000001; 0.4900938268694472
109.6000000000001; 0.4905345177592623
109.7000000000001; 0.49097413472976
109.8000000000001; 0.49141268079134753
109.90000000000009; 0.4918501589484892
110.0000000000001; 0.4922865721996789
110.1000000000001; 0.4927219235374125
110.2000000000001; 0.4931562159481635
110.3000000000001; 0.4935894524123571
110.40000000000009; 0.4940216359043432
110.5000000000001; 0.4944527693923771
110.6000000000001; 0.49488285583859104
110.7000000000001; 0.49531189819897137
110.8000000000001; 0.4957398994233399
110.90000000000009; 0.4961668624553281
111.0000000000001; 0.4965927902323568
111.1000000000001; 0.4970176856856166
111.2000000000001; 0.4974415517400458
111.3000000000001; 0.49786439131431
111.40000000000009; 0.4982862073207849
111.5000000000001; 0.49870700266553575
111.6000000000001; 0.499126780248299
111.7000000000001; 0.4995455429624672
111.8000000000001; 0.4999632936950675
111.9000000000001; 0.5003800353267466
112.0000000000001; 0.5007957707317556
112.1000000000001; 0.501210502777934
112.2000000000001; 0.5016242343266898
112.3000000000001; 0.5020369682329916
112.4000000000001; 0.5024487073453484
112.5000000000001; 0.5028594545057988
112.6000000000001; 0.5032692125498957
112.7000000000001; 0.503677984306693
112.8000000000001; 0.5040857725987345
112.9000000000001; 0.50449258024204
113.0000000000001; 0.5048984100460938
113.1000000000001; 0.5053032648138328
113.2000000000001; 0.5057071473416386
113.3000000000001; 0.5061100604193206
113.4000000000001; 0.5065120068301117
113.5000000000001; 0.5069129893506558
113.6000000000001; 0.5073130107509971
113.7000000000001; 0.5077120737945752
113.8000000000001; 0.508110181238211
113.9000000000001; 0.5085073358321018
114.0000000000001; 0.5089035403198149
114.1000000000001; 0.5092987974382747
114.2000000000001; 0.5096931099177595
114.3000000000001; 0.5100864804818938
114.4000000000001; 0.5104789118476419
114.5000000000001; 0.5108704067253018
114.60000000000011; 0.5112609678184975
114.7000000000001; 0.5116505978241754
114.8000000000001; 0.5120392994326
114.9000000000001; 0.512427075327347
115.0000000000001; 0.5128139281852998
115.10000000000011; 0.5131998606766445
115.2000000000001; 0.5135848754648671
115.3000000000001; 0.5139689752067496
115.4000000000001; 0.5143521625523669
115.5000000000001; 0.5147344401450832
115.60000000000011; 0.5151158106215498
115.7000000000001; 0.5154962766117036
115.8000000000001; 0.5158758407387624
115.9000000000001; 0.5162545056192278
116.0000000000001; 0.516632273862877
116.10000000000011; 0.517009148072769
116.2000000000001; 0.5173851308452387
116.3000000000001; 0.5177602247698969
116.4000000000001; 0.5181344324296313
116.5000000000001; 0.5185077564006069
116.60000000000011; 0.5188801992522639
116.7000000000001; 0.5192517635473178
116.8000000000001; 0.5196224518417649
116.9000000000001; 0.5199922666848765
117.0000000000001; 0.5203612106192061
117.10000000000011; 0.5207292861805846
117.2000000000001; 0.521096495898128
117.3000000000001; 0.521462842294237
117.4000000000001; 0.5218283278845962
117.5000000000001; 0.5221929551781809
117.60000000000011; 0.5225567266772564
117.7000000000001; 0.5229196448773842
117.8000000000001; 0.5232817122674199
117.9000000000001; 0.5236429313295213
118.0000000000001; 0.5240033045391501
118.10000000000011; 0.524362834365074
118.2000000000001; 0.5247215232693732
118.30000000000011; 0.5250793737074427
118.4000000000001; 0.5254363881279956
118.5000000000001; 0.5257925689730716
118.60000000000011; 0.5261479186780375
118.7000000000001; 0.5265024396715933
118.80000000000011; 0.5268561343757772
118.9000000000001; 0.5272090052059726
119.0000000000001; 0.527561054570911
119.10000000000011; 0.5279122848726777
119.2000000000001; 0.5282626985067206
119.30000000000011; 0.5286122978618512
119.4000000000001; 0.5289610853202555
119.5000000000001; 0.5293090632574968
119.60000000000011; 0.5296562340425255
119.7000000000001; 0.5300026000376822
119.80000000000011; 0.5303481635987055
119.9000000000001; 0.5306929270747404
120.0000000000001; 0.5310368928083448
120.10000000000011; 0.5313800631354959
120.2000000000001; 0.5317224403855968
120.30000000000011; 0.5320640268814885
120.4000000000001; 0.53240482493945
120.5000000000001; 0.5327448368692147
120.60000000000011; 0.5330840649739716
120.7000000000001; 0.5334225115503761
120.80000000000011; 0.5337601788885603
120.9000000000001; 0.534097069272136
121.00000000000011; 0.5344331849782105
121.10000000000011; 0.534768528277386
121.2000000000001; 0.5351031014337791
121.30000000000011; 0.5354369067050202
121.4000000000001; 0.5357699463422684
121.50000000000011; 0.5361022225902179
121.60000000000011; 0.5364337376871094
121.7000000000001; 0.5367644938647368
121.80000000000011; 0.5370944933484597
121.9000000000001; 0.5374237383572102
122.00000000000011; 0.5377522311035041
122.10000000000011; 0.5380799737934516
122.2000000000001; 0.5384069686267648
122.30000000000011; 0.538733217796771
122.4000000000001; 0.5390587234904188
122.50000000000011; 0.5393834878882932
122.60000000000011; 0.5397075131646216
122.7000000000001; 0.5400308014872863
122.80000000000011; 0.5403533550178351
122.9000000000001; 0.5406751759114925
123.00000000000011; 0.5409962663171687
123.10000000000011; 0.5413166283774727
123.2000000000001; 0.5416362642287189
123.30000000000011; 0.5419551760009443
123.4000000000001; 0.5422733658179167
123.50000000000011; 0.5425908357971422
123.60000000000011; 0.5429075880498836
123.7000000000001; 0.543223624681167
123.80000000000011; 0.5435389477897945
123.9000000000001; 0.543853559468354
124.00000000000011; 0.5441674618032346
124.10000000000011; 0.5444806568746355
124.2000000000001; 0.5447931467565774
124.30000000000011; 0.5451049335169166
124.4000000000001; 0.5454160192173549
124.50000000000011; 0.5457264059134517
124.60000000000011; 0.5460360956546372
124.70000000000012; 0.5463450904842243
124.80000000000011; 0.5466533924394198
124.9000000000001; 0.5469610035513356
125.00000000000011; 0.5472679258450056
125.10000000000011; 0.5475741613393927
125.20000000000012; 0.5478797120474044
125.30000000000011; 0.5481845799759033
125.4000000000001; 0.5484887671257225
125.50000000000011; 0.5487922754916742
125.60000000000011; 0.5490951070625659
125.70000000000012; 0.5493972638212118
125.80000000000011; 0.5496987477444448
125.9000000000001; 0.5499995608031297
126.00000000000011; 0.550299704962176
126.10000000000011; 0.550599182180552
126.20000000000012; 0.5508979944112969
126.30000000000011; 0.5511961436015322
126.4000000000001; 0.5514936316924772
126.50000000000011; 0.5517904606194602
126.60000000000011; 0.5520866323119333
126.70000000000012; 0.5523821486934848
126.80000000000011; 0.5526770116818503
126.9000000000001; 0.5529712231889315
127.00000000000011; 0.5532647851208023
127.10000000000011; 0.5535576993777267
127.20000000000012; 0.5538499678541725
127.30000000000011; 0.5541415924388219
127.40000000000012; 0.554432575014586
127.50000000000011; 0.5547229174586201
127.60000000000011; 0.5550126216423339
127.70000000000012; 0.5553016894314076
127.80000000000011; 0.5555901226858034
127.90000000000012; 0.5558779232597826
128.0000000000001; 0.5561650930019141
128.1000000000001; 0.5564516337550927
128.2000000000001; 0.5567375473565492
128.30000000000013; 0.5570228356378657
128.40000000000012; 0.557307500424991
128.5000000000001; 0.5575915435382506
128.6000000000001; 0.5578749667923626
128.7000000000001; 0.5581577719964519
128.80000000000013; 0.5584399609540629
128.90000000000012; 0.5587215354631733
129.0000000000001; 0.5590024973162089
129.1000000000001; 0.5592828483000566
129.2000000000001; 0.5595625901960779
129.30000000000013; 0.5598417247801235
129.40000000000012; 0.5601202538225488
129.5000000000001; 0.560398179088223
129.6000000000001; 0.560675502336548
129.7000000000001; 0.5609522253214705
129.80000000000013; 0.5612283497914945
129.90000000000012; 0.5615038774896971
130.0000000000001; 0.5617788101537419
130.1000000000001; 0.5620531495158941
130.2000000000001; 0.5623268973030314
130.30000000000013; 0.5626000552366612
130.40000000000012; 0.5628726250329331
130.5000000000001; 0.5631446084026526
130.6000000000001; 0.5634160070512965
130.7000000000001; 0.5636868226790254
130.80000000000013; 0.5639570569806996
130.90000000000012; 0.56422671164589
131.0000000000001; 0.5644957883588954
131.1000000000001; 0.5647642887987552
131.2000000000001; 0.5650322146392626
131.30000000000013; 0.5652995675489809
131.40000000000012; 0.565566349191255
131.5000000000001; 0.5658325612242266
131.6000000000001; 0.5660982053008494
131.7000000000001; 0.5663632830688998
131.80000000000013; 0.566627796170996
131.90000000000012; 0.566891746244607
132.0000000000001; 0.5671551349220695
132.1000000000001; 0.5674179638306013
132.2000000000001; 0.5676802345923151
132.30000000000013; 0.5679419488242333
132.40000000000012; 0.5682031081383013
132.5000000000001; 0.5684637141414016
132.6000000000001; 0.5687237684353673
132.70000000000013; 0.5689832726169982
132.80000000000013; 0.5692422282780725
132.90000000000012; 0.5695006370053615
133.0000000000001; 0.5697585003806438
133.1000000000001; 0.5700158199807198
133.20000000000013; 0.5702725973774255
133.30000000000013; 0.5705288341376452
133.40000000000012; 0.570784531823327
133.5000000000001; 0.5710396919914957
133.6000000000001; 0.571294316194268
133.70000000000013; 0.5715484059788655
133.80000000000013; 0.571801962887628
133.90000000000012; 0.5720549884580294
134.0000000000001; 0.5723074842226898
134.1000000000001; 0.5725594517093902
134.20000000000013; 0.5728108924410867
134.30000000000013; 0.5730618079359222
134.40000000000012; 0.5733121997072446
134.5000000000001; 0.5735620692636164
134.6000000000001; 0.5738114181088307
134.70000000000013; 0.5740602477419239
134.80000000000013; 0.5743085596571905
134.90000000000012; 0.5745563553441975
135.0000000000001; 0.5748036362877955
135.1000000000001; 0.575050403968135
135.20000000000013; 0.5752966598606801
135.30000000000013; 0.5755424054362193
135.40000000000012; 0.5757876421608839
135.5000000000001; 0.5760323714961574
135.6000000000001; 0.5762765948988913
135.70000000000013; 0.57652031382132
135.80000000000013; 0.5767635297110698
135.90000000000012; 0.5770062440111787
136.0000000000001; 0.5772484581601057
136.1000000000001; 0.577490173591745
136.20000000000013; 0.5777313917354409
136.30000000000013; 0.5779721140160012
136.40000000000012; 0.5782123418537087
136.5000000000001; 0.5784520766643373
136.6000000000001; 0.5786913198591654
136.70000000000013; 0.5789300728449858
136.80000000000013; 0.5791683370241252
136.90000000000012; 0.5794061137944507
137.0000000000001; 0.5796434045493891
137.1000000000001; 0.5798802106779375
137.20000000000013; 0.5801165335646773
137.30000000000013; 0.5803523745897863
137.40000000000012; 0.5805877351290544
137.5000000000001; 0.5808226165538947
137.6000000000001; 0.581057020231359
137.70000000000013; 0.5812909475241488
137.80000000000013; 0.5815243997906298
137.90000000000012; 0.5817573783848452
138.0000000000001; 0.5819898846565278
138.1000000000001; 0.582221919951115
138.20000000000013; 0.5824534856097606
138.30000000000013; 0.5826845829693481
138.40000000000012; 0.5829152133625038
138.5000000000001; 0.5831453781176114
138.60000000000014; 0.583375078558822
138.70000000000013; 0.5836043160060689
138.80000000000013; 0.583833091775083
138.90000000000012; 0.5840614071774004
139.0000000000001; 0.58428926352038
139.10000000000014; 0.5845166621072144
139.20000000000013; 0.5847436042369437
139.30000000000013; 0.5849700912044672
139.40000000000012; 0.5851961243005573
139.5000000000001; 0.5854217048118721
139.60000000000014; 0.5856468340209674
139.70000000000013; 0.5858715132063113
139.80000000000013; 0.5860957436422952
139.90000000000012; 0.5863195265992477
140.0000000000001; 0.5865428633434457
140.10000000000014; 0.5867657551371299
140.20000000000013; 0.5869882032385138
140.30000000000013; 0.5872102089018003
140.40000000000012; 0.5874317733771902
140.5000000000001; 0.5876528979108994
140.60000000000014; 0.5878735837451665
140.70000000000013; 0.5880938321182684
140.80000000000013; 0.5883136442645335
140.90000000000012; 0.5885330214143509
141.0000000000001; 0.5887519647941865
141.10000000000014; 0.5889704756265917
141.20000000000013; 0.5891885551302191
141.30000000000013; 0.5894062045198336
141.40000000000012; 0.5896234250063237
141.5000000000001; 0.5898402177967165
141.60000000000014; 0.5900565840941848
141.70000000000013; 0.5902725250980669
141.80000000000013; 0.5904880420038713
141.90000000000012; 0.5907031360032943
142.0000000000001; 0.590917808284229
142.10000000000014; 0.5911320600307797
142.20000000000013; 0.5913458924232712
142.30000000000013; 0.5915593066382647
142.40000000000012; 0.5917723038485649
142.5000000000001; 0.591984885223238
142.60000000000014; 0.5921970519276172
142.70000000000013; 0.5924088051233202
142.80000000000013; 0.5926201459682587
142.90000000000012; 0.5928310756166496
143.0000000000001; 0.5930415952190279
143.10000000000014; 0.5932517059222586
143.20000000000013; 0.5934614088695489
143.30000000000013; 0.5936707052004583
143.40000000000012; 0.593879596050912
143.5000000000001; 0.5940880825532127
143.60000000000014; 0.59429616583605
143.70000000000013; 0.5945038470245152
143.80000000000013; 0.594711127240111
143.90000000000012; 0.5949180076007635
144.0000000000001; 0.5951244892208337
144.10000000000014; 0.5953305732111301
144.20000000000013; 0.5955362606789185
144.30000000000013; 0.5957415527279342
144.40000000000012; 0.5959464504583939
144.5000000000001; 0.5961509549670074
144.60000000000014; 0.5963550673469868
144.70000000000013; 0.5965587886880613
144.80000000000013; 0.5967621200764851
144.90000000000012; 0.5969650625950524
145.0000000000001; 0.5971676173231044
145.10000000000014; 0.5973697853365438
145.20000000000013; 0.5975715677078448
145.30000000000013; 0.5977729655060653
145.40000000000012; 0.5979739797968557
145.50000000000014; 0.5981746116424732
145.60000000000014; 0.5983748621017895
145.70000000000013; 0.5985747322303052
145.80000000000013; 0.5987742230801589
145.90000000000012; 0.5989733357001381
146.00000000000014; 0.5991720711356909
146.10000000000014; 0.5993704304289368
146.20000000000013; 0.5995684146186774
146.30000000000013; 0.5997660247404076
146.40000000000012; 0.599963261826327
146.50000000000014; 0.600160126905348
146.60000000000014; 0.6003566210031109
146.70000000000013; 0.6005527451419912
146.80000000000013; 0.6007485003411118
146.90000000000012; 0.6009438876163533
147.00000000000014; 0.6011389079803653
147.10000000000014; 0.6013335624425752
147.20000000000013; 0.6015278520092022
147.30000000000013; 0.6017217776832645
147.40000000000012; 0.6019153404645919
147.50000000000014; 0.6021085413498354
147.60000000000014; 0.6023013813324773
147.70000000000013; 0.6024938614028443
147.80000000000013; 0.6026859825481133
147.90000000000012; 0.6028777457523273
148.00000000000014; 0.6030691519964009
148.10000000000014; 0.603260202258133
148.20000000000013; 0.6034508975122184
148.30000000000013; 0.6036412387302543
148.40000000000012; 0.603831226880755
148.50000000000014; 0.6040208629291578
148.60000000000014; 0.6042101478378363
148.70000000000013; 0.6043990825661105
148.80000000000013; 0.604587668070255
148.90000000000012; 0.6047759053035092
149.00000000000014; 0.6049637952160908
149.10000000000014; 0.6051513387552012
149.20000000000013; 0.6053385368650385
149.30000000000013; 0.6055253904868074
149.40000000000012; 0.6057119005587267
149.50000000000014; 0.6058980680160424
149.60000000000014; 0.6060838937910361
149.70000000000013; 0.6062693788130338
149.80000000000013; 0.6064545240084186
149.90000000000012; 0.6066393303006373
150.00000000000014; 0.6068237986102126
150.10000000000014; 0.6070079290875128
150.20000000000013; 0.6071917233744771
150.30000000000013; 0.6073751823805955
150.40000000000012; 0.6075583070016745
150.50000000000014; 0.6077410981307035
150.60000000000014; 0.6079235566578689
150.70000000000013; 0.6081056834705597
150.80000000000013; 0.608287479453378
150.90000000000012; 0.6084689454881494
151.00000000000014; 0.6086500824539302
151.10000000000014; 0.6088308912270177
151.20000000000013; 0.6090113726809585
151.30000000000013; 0.6091915276865599
151.40000000000015; 0.6093713571118956
151.50000000000014; 0.6095508618223183
151.60000000000014; 0.6097300426804658
151.70000000000013; 0.6099089005462708
151.80000000000013; 0.6100874362769713
151.90000000000015; 0.6102656507271192
152.00000000000014; 0.6104435447485869
152.10000000000014; 0.6106211191905784
152.20000000000013; 0.6107983748996392
152.30000000000013; 0.6109753127196621
152.40000000000015; 0.6111519334918972
152.50000000000014; 0.6113282380549627
152.60000000000014; 0.6115042272448507
152.70000000000013; 0.6116799018949387
152.80000000000013; 0.6118552628359951
152.90000000000015; 0.6120303108961913
153.00000000000014; 0.6122050469011082
153.10000000000014; 0.6123794716737448
153.20000000000013; 0.6125535860345287
153.30000000000013; 0.6127273908013223
153.40000000000015; 0.6129008867894329
153.50000000000014; 0.6130740748116209
153.60000000000014; 0.6132469556781078
153.70000000000013; 0.6134195301965865
153.80000000000013; 0.6135917991722252
153.90000000000015; 0.6137637634076831
154.00000000000014; 0.6139354237031109
154.10000000000014; 0.6141067808561658
154.20000000000013; 0.6142778356620147
154.30000000000013; 0.6144485889133462
154.40000000000015; 0.6146190414003769
154.50000000000014; 0.6147891939108611
154.60000000000014; 0.6149590472300968
154.70000000000013; 0.6151286021409357
154.80000000000013; 0.6152978594237922
154.90000000000015; 0.6154668198566488
155.00000000000014; 0.615635484215067
155.10000000000014; 0.6158038532721927
155.20000000000013; 0.6159719277987674
155.30000000000013; 0.6161397085631338
155.40000000000015; 0.6163071963312448
155.50000000000014; 0.6164743918666706
155.60000000000014; 0.6166412959306095
155.70000000000013; 0.6168079092818913
155.80000000000013; 0.6169742326769899
155.90000000000015; 0.617140266870027
156.00000000000014; 0.6173060126127841
156.10000000000014; 0.6174714706547065
156.20000000000013; 0.6176366417429142
156.30000000000013; 0.6178015266222072
156.40000000000015; 0.6179661260350758
156.50000000000014; 0.6181304407217055
156.60000000000014; 0.6182944714199881
156.70000000000013; 0.6184582188655258
156.80000000000013; 0.6186216837916413
156.90000000000015; 0.6187848669293852
157.00000000000014; 0.6189477690075427
157.10000000000014; 0.6191103907526416
157.20000000000013; 0.6192727328889608
157.30000000000013; 0.6194347961385358
157.40000000000015; 0.6195965812211687
157.50000000000014; 0.6197580888544335
157.60000000000014; 0.6199193197536851
157.70000000000013; 0.6200802746320656
157.80000000000013; 0.6202409542005135
157.90000000000015; 0.6204013591677682
158.00000000000014; 0.6205614902403811
158.10000000000014; 0.6207213481227196
158.20000000000013; 0.6208809335169756
158.30000000000015; 0.621040247123174
158.40000000000015; 0.6211992896391789
158.50000000000014; 0.6213580617606997
158.60000000000014; 0.6215165641813012
158.70000000000013; 0.6216747975924081
158.80000000000015; 0.6218327626833134
158.90000000000015; 0.6219904601411865
159.00000000000014; 0.6221478906510775
159.10000000000014; 0.6223050548959275
159.20000000000013; 0.6224619535565735
159.30000000000015; 0.6226185873117577
159.40000000000015; 0.6227749568381304
159.50000000000014; 0.6229310628102627
159.60000000000014; 0.6230869059006489
159.70000000000013; 0.6232424867797145
159.80000000000015; 0.6233978061158254
159.90000000000015; 0.6235528645752926
160.00000000000014; 0.6237076628223791
