energy (keV); transmission
1.0; 0.0
1.1; 0.0
1.2000000000000002; 0.0
1.3000000000000003; 0.0
1.4000000000000004; 0.0
1.5000000000000004; 0.0
1.6000000000000005; 0.0
1.7000000000000006; 0.0
1.8000000000000007; 0.0
1.9000000000000008; 0.0
2.000000000000001; 0.0
2.100000000000001; 0.0
2.200000000000001; 0.0
2.300000000000001; 0.0
2.4000000000000012; 0.0
2.5000000000000013; 0.0
2.6000000000000014; 0.0
2.7000000000000015; 0.0
2.8000000000000016; 0.0
2.9000000000000017; 0.0
3.0000000000000018; 0.0
3.100000000000002; 0.0
3.200000000000002; 0.0
3.300000000000002; 0.0
3.400000000000002; 0.0
3.500000000000002; 0.0
3.6000000000000023; 0.0
3.7000000000000024; 1.7509708483077e-311
3.8000000000000025; 1.0090667234684994e-289
3.9000000000000026; 5.412528363713967e-270
4.000000000000003; 4.644819105169515e-252
4.100000000000003; 1.5103045351994408e-235
4.200000000000003; 1.7655155987713922e-220
4.3000000000000025; 1.0621280949506394e-206
4.400000000000003; 4.497191600111843e-194
4.5000000000000036; 1.762745068106113e-182
4.600000000000003; 8.136323132391614e-172
4.700000000000003; 5.466102815935566e-162
4.800000000000003; 6.444421529244542e-153
4.900000000000004; 1.5734958144941433e-144
5.0000000000000036; 0.0
5.100000000000003; 0.0
5.200000000000004; 0.0
5.300000000000004; 0.0
5.400000000000004; 0.0
5.5000000000000036; 0.0
5.600000000000004; 0.0
5.700000000000005; 0.0
5.800000000000004; 0.0
5.900000000000004; 0.0
6.000000000000004; 0.0
6.100000000000005; 0.0
6.200000000000005; 0.0
6.300000000000004; 0.0
6.400000000000005; 0.0
6.500000000000005; 0.0
6.600000000000005; 0.0
6.700000000000005; 0.0
6.800000000000005; 0.0
6.900000000000006; 0.0
7.000000000000005; 0.0
7.100000000000005; 0.0
7.2000000000000055; 0.0
7.300000000000006; 0.0
7.400000000000006; 0.0
7.500000000000005; 0.0
7.600000000000006; 0.0
7.700000000000006; 0.0
7.800000000000006; 4.4607054484e-314
7.900000000000006; 4.388826898264026e-304
8.000000000000007; 1.8514686444463262e-294
8.100000000000007; 3.5550227332019296e-285
8.200000000000006; 3.187779165805265e-276
8.300000000000006; 1.3622103446519571e-267
8.400000000000006; 2.832470586579346e-259
8.500000000000007; 2.9274232313049977e-251
8.600000000000007; 1.536532775456314e-243
8.700000000000006; 4.18515243416409e-236
8.800000000000008; 6.0444330104392104e-229
8.900000000000007; 4.7290575543337016e-222
9.000000000000007; 2.0472329119471785e-215
9.100000000000007; 5.007242363493856e-209
9.200000000000006; 7.062734070686854e-203
9.300000000000008; 5.861532154164977e-197
9.400000000000007; 2.918998832851776e-191
9.500000000000007; 8.890923584270595e-186
9.600000000000009; 1.6874479795113893e-180
9.700000000000008; 2.0320375242353618e-175
9.800000000000008; 1.580009503692126e-170
9.900000000000007; 8.068290824273245e-166
10.000000000000007; 2.750562393430853e-161
10.100000000000009; 6.3617743769566e-157
10.200000000000008; 1.0165173711932532e-152
10.300000000000008; 1.1417311500951099e-148
10.40000000000001; 9.162812112793284e-145
10.500000000000009; 5.335957538714975e-141
10.600000000000009; 2.287932878276664e-137
10.700000000000008; 7.323195507778689e-134
10.800000000000008; 1.7727056155589646e-130
10.90000000000001; 3.2854703835230463e-127
11.000000000000009; 4.716754605566833e-124
11.100000000000009; 5.303532283837515e-121
11.20000000000001; 4.719577120267438e-118
11.30000000000001; 3.357070507579651e-115
11.40000000000001; 1.9267226146899835e-112
11.500000000000009; 9.002286750016434e-110
11.600000000000009; 3.453338624479295e-107
11.70000000000001; 1.0964069106166152e-104
11.80000000000001; 2.903159622618779e-102
11.90000000000001; 6.457935269394036e-100
12.00000000000001; 1.2151877309559862e-97
12.10000000000001; 1.9470553996268517e-95
12.20000000000001; 2.6731299878088756e-93
12.30000000000001; 3.163451894856636e-91
12.40000000000001; 3.245431789301411e-89
12.50000000000001; 2.9020803375695037e-87
12.60000000000001; 2.2736251853935485e-85
12.70000000000001; 1.568356269787541e-83
12.800000000000011; 9.570476591092107e-82
12.900000000000011; 5.189671030923335e-80
13.00000000000001; 2.5114856009972068e-78
13.10000000000001; 1.0891574313663007e-76
13.20000000000001; 4.249382910575414e-75
13.300000000000011; 1.4971597422867195e-73
13.400000000000011; 4.780560296630326e-72
13.50000000000001; 1.3882006637148134e-70
13.600000000000012; 3.6780645191235445e-69
13.700000000000012; 8.91970694271998e-68
13.800000000000011; 1.985907937524292e-66
13.900000000000011; 4.0710226643356105e-65
14.00000000000001; 7.705317550848664e-64
14.100000000000012; 1.3501361107269048e-62
14.200000000000012; 2.1957098809736935e-61
14.300000000000011; 3.322373252970249e-60
14.400000000000013; 4.688360640316415e-59
14.500000000000012; 6.18408120235825e-58
14.600000000000012; 7.641079044200526e-57
14.700000000000012; 8.862706789688813e-56
14.800000000000011; 9.669007244703993e-55
14.900000000000013; 9.941209804698621e-54
15.000000000000012; 9.650379749364733e-53
15.100000000000012; 8.860871404840276e-52
15.200000000000014; 7.708277911111145e-51
15.300000000000013; 6.36337262775556e-50
15.400000000000013; 4.992774192036894e-49
15.500000000000012; 3.7288330228499764e-48
15.600000000000012; 2.654663954726531e-47
15.700000000000014; 1.8040939316340498e-46
15.800000000000013; 1.1719475055429091e-45
15.900000000000013; 7.28656662559285e-45
16.000000000000014; 4.341607223431363e-44
16.100000000000016; 2.482100851054112e-43
16.200000000000014; 1.3631394367450803e-42
16.30000000000001; 7.199571309488675e-42
16.400000000000013; 3.660964719549537e-41
16.500000000000014; 1.7941890947081413e-40
16.600000000000016; 8.483413167813454e-40
16.700000000000014; 3.8737721972266606e-39
16.800000000000015; 1.7099200288008118e-38
16.900000000000013; 7.302968359083516e-38
17.000000000000014; 3.020615908504874e-37
17.100000000000016; 1.2109941535168814e-36
17.200000000000014; 4.709826576788563e-36
17.300000000000015; 1.7784363229002505e-35
17.400000000000013; 6.525070731193066e-35
17.500000000000014; 2.3279720612238286e-34
17.600000000000016; 8.082349754031281e-34
17.700000000000014; 2.7326026995495738e-33
17.800000000000015; 9.003186906486524e-33
17.900000000000016; 2.892607799933143e-32
18.000000000000014; 9.06859338676277e-32
18.100000000000016; 2.776017985075819e-31
18.200000000000017; 8.302389025540116e-31
18.300000000000015; 2.4273965724652665e-30
18.400000000000016; 6.942019375529069e-30
18.500000000000014; 1.943038386768922e-29
18.600000000000016; 5.325534130508868e-29
18.700000000000017; 1.4300786684838339e-28
18.800000000000015; 3.764381184585659e-28
18.900000000000016; 9.718059587907745e-28
19.000000000000014; 2.461653239675161e-27
19.100000000000016; 6.121227032430067e-27
19.200000000000017; 1.4948975085574392e-26
19.300000000000015; 3.587046281933081e-26
19.400000000000016; 8.460596109494619e-26
19.500000000000018; 1.9623832003678699e-25
19.600000000000016; 4.477760177052537e-25
19.700000000000017; 1.0055468156993933e-24
19.80000000000002; 2.223175150903025e-24
19.900000000000016; 4.841007751617355e-24
20.000000000000018; 1.0385917446402429e-23
20.100000000000016; 2.1959347729993796e-23
20.200000000000017; 4.577654765018721e-23
20.30000000000002; 9.411535217454564e-23
20.400000000000016; 1.9090286816233687e-22
20.500000000000018; 3.8215165880648632e-22
20.600000000000016; 7.552023139122732e-22
20.700000000000017; 1.4737519893853527e-21
20.80000000000002; 2.840826541837066e-21
20.900000000000016; 5.4106131480249194e-21
21.000000000000018; 1.018470822810699e-20
21.10000000000002; 1.8952508051590616e-20
21.200000000000017; 3.4874925502923755e-20
21.30000000000002; 6.347429139945195e-20
21.40000000000002; 1.142949228016474e-19
21.500000000000018; 2.0365927848150511e-19
21.60000000000002; 3.5919523464767396e-19
21.700000000000017; 6.271974407788424e-19
21.80000000000002; 1.084478591945168e-18
21.90000000000002; 1.8572647595529815e-18
22.000000000000018; 3.15103683927395e-18
22.10000000000002; 5.297223598310777e-18
22.200000000000017; 8.825601939554069e-18
22.30000000000002; 1.457556484270834e-17
22.40000000000002; 2.386564335252446e-17
22.500000000000018; 3.874959505982549e-17
22.60000000000002; 6.240006001441879e-17
22.70000000000002; 9.96786716509662e-17
22.80000000000002; 1.5797651907093984e-16
22.90000000000002; 2.484435445651237e-16
23.00000000000002; 3.877731960468045e-16
23.10000000000002; 6.007738429055221e-16
23.20000000000002; 9.240468182536417e-16
23.30000000000002; 1.4112098213949616e-15
23.40000000000002; 2.1402631877663893e-15
23.50000000000002; 3.2239071041809546e-15
23.60000000000002; 4.823895176302711e-15
23.70000000000002; 7.170872523846546e-15
23.80000000000002; 1.059161794396846e-14
23.90000000000002; 1.5546218145816413e-14
24.00000000000002; 2.2678482451509247e-14
24.10000000000002; 3.288390095554508e-14
24.20000000000002; 4.7400708891766306e-14
24.300000000000022; 6.793120587764596e-14
24.40000000000002; 9.680246333310714e-14
24.50000000000002; 1.3717802239639369e-13
24.600000000000023; 1.9333523864063606e-13
24.70000000000002; 2.71026686060991e-13
24.800000000000022; 3.7794862693163564e-13
24.90000000000002; 5.24345142468387e-13
25.00000000000002; 7.237832804064363e-13
25.100000000000023; 9.941427125276619e-13
25.20000000000002; 1.3588731368557814e-12
25.300000000000022; 1.8485842624605137e-12
25.40000000000002; 2.5030469656410207e-12
25.50000000000002; 3.373700421259471e-12
25.600000000000023; 4.526779040233229e-12
25.70000000000002; 6.0471952636851596e-12
25.800000000000022; 8.043340088202309e-12
25.900000000000023; 1.0652993068883749e-11
26.00000000000002; 1.4050567941979819e-11
26.100000000000023; 1.8455959430491287e-11
26.200000000000024; 2.4145301774492077e-11
26.300000000000022; 3.1464000616927194e-11
26.400000000000023; 4.0842457648789014e-11
26.50000000000002; 5.2814972463553764e-11
26.600000000000023; 6.804237898679927e-11
26.700000000000024; 8.733905523453894e-11
26.800000000000022; 1.1170503560849363e-10
26.900000000000023; 1.4236405504287495e-10
27.00000000000002; 1.8080846463735767e-10
27.100000000000023; 2.2885207947723693e-10
27.200000000000024; 2.886921516449409e-10
27.300000000000022; 3.629818054062569e-10
27.400000000000023; 4.5491442758876564e-10
27.500000000000025; 5.683216745585628e-10
27.600000000000023; 7.077869381678142e-10
27.700000000000024; 8.787763067064998e-10
27.800000000000026; 1.0877892632644967e-09
27.900000000000023; 1.342531582893137e-09
28.000000000000025; 1.6521131213068451e-09
28.100000000000023; 2.0272734312327398e-09
28.200000000000024; 2.4806383973658526e-09
28.300000000000026; 3.0270113465654844e-09
28.400000000000023; 3.6837023656011056e-09
28.500000000000025; 4.470899843431081e-09
28.600000000000023; 5.412088547531916e-09
28.700000000000024; 6.534518842839142e-09
28.800000000000026; 7.86973196595557e-09
28.900000000000023; 9.454146574758953e-09
29.000000000000025; 1.132971210256377e-08
29.100000000000026; 1.3544634754648363e-08
29.200000000000024; 1.6154182291078275e-08
29.300000000000026; 1.9221574041173496e-08
29.400000000000027; 2.2818962889163776e-08
29.500000000000025; 2.7028516255373e-08
29.600000000000026; 3.194360336967847e-08
29.700000000000024; 3.767009639189059e-08
29.800000000000026; 4.43277931738672e-08
29.900000000000027; 5.205196967839515e-08
30.000000000000025; 6.099507026704135e-08
30.100000000000026; 7.1332794262872e-08
30.200000000000024; 8.325470563955353e-08
30.300000000000026; 9.697660522442929e-08
30.400000000000027; 1.1273986057587771e-07
30.500000000000025; 1.3081386395578962e-07
30.600000000000026; 1.514987329787051e-07
30.700000000000028; 1.7512820964508322e-07
30.800000000000026; 2.0207276636073533e-07
30.900000000000027; 2.327429274144958e-07
31.00000000000003; 2.67592814210289e-07
31.100000000000026; 3.071239223256468e-07
31.200000000000028; 3.518891381973298e-07
31.300000000000026; 4.024970029125384e-07
31.400000000000027; 4.5961623021343374e-07
31.50000000000003; 5.239804854012113e-07
31.600000000000026; 5.963934313546453e-07
31.700000000000028; 6.777340473576235e-07
31.800000000000026; 7.689622258607866e-07
31.900000000000027; 8.711246516839546e-07
32.00000000000003; 9.853609675041257e-07
32.10000000000002; 1.112910228764067e-06
32.20000000000003; 1.25511765038484e-06
32.300000000000026; 1.413441646875031e-06
32.40000000000003; 1.5894611665976787e-06
32.50000000000003; 1.7848833200920643e-06
32.60000000000003; 2.001551301447242e-06
32.70000000000003; 2.2414526008002526e-06
32.800000000000026; 2.5067275050776016e-06
32.90000000000003; 2.7996778831235804e-06
33.00000000000003; 3.1227762503684234e-06
33.10000000000003; 3.4786751071801366e-06
33.20000000000003; 3.8702165440294205e-06
33.300000000000026; 4.300442105571028e-06
33.40000000000003; 4.772602904726098e-06
33.50000000000003; 5.290169976819817e-06
33.60000000000003; 5.856844862827112e-06
33.70000000000003; 6.476570409758481e-06
33.800000000000026; 7.153541775250622e-06
33.90000000000003; 7.892217622440737e-06
34.00000000000003; 8.697331490277925e-06
34.10000000000003; 9.573903323489123e-06
34.20000000000003; 1.0527251145558366e-05
34.30000000000003; 1.1563002857213404e-05
34.40000000000003; 1.2687108142112077e-05
34.50000000000003; 1.3905850460663849e-05
34.60000000000003; 1.5225859112191576e-05
34.70000000000003; 1.665412134499046e-05
34.80000000000003; 1.8197994493196305e-05
34.90000000000003; 1.986521811885849e-05
35.00000000000003; 2.1663926137057966e-05
35.10000000000003; 2.3602658901511635e-05
35.20000000000003; 2.5690375227707337e-05
35.30000000000003; 2.7936464330270215e-05
35.400000000000034; 3.0350757651063923e-05
35.50000000000003; 3.294354055426284e-05
35.60000000000003; 3.572556386459029e-05
35.70000000000003; 3.87080552247847e-05
35.80000000000003; 4.19027302484145e-05
35.900000000000034; 4.532180344422803e-05
36.00000000000003; 4.897799888832989e-05
36.10000000000003; 5.288456062075037e-05
36.20000000000003; 5.7055262743164175e-05
36.30000000000003; 6.150441919491744e-05
36.400000000000034; 6.624689318487368e-05
36.50000000000003; 7.129810625707425e-05
36.60000000000003; 7.667404696869019e-05
36.70000000000003; 8.239127915936338e-05
36.80000000000003; 8.846694979161358e-05
36.900000000000034; 9.49187963426576e-05
37.00000000000003; 0.0001017651537288246
37.10000000000003; 0.00010902496074433132
37.20000000000003; 0.00011671776599721214
37.30000000000003; 0.00012486373332589265
37.400000000000034; 0.00013348364668090568
37.500000000000036; 0.0001425989144570583
37.60000000000003; 0.00015223157326255699
37.70000000000003; 0.00016240429111225087
37.80000000000003; 0.00017314037003352957
37.900000000000034; 0.00018446374807416693
38.000000000000036; 0.00019639900070267578
38.10000000000003; 0.00020897134159270395
38.20000000000003; 0.0002222066227840902
38.30000000000003; 0.00023613133421441964
38.400000000000034; 0.0002507726026157978
38.500000000000036; 0.0002661581897730216
38.60000000000004; 0.0002823164901399975
38.70000000000003; 0.0002992765278128871
38.80000000000003; 0.00031706795285896684
38.900000000000034; 0.0003357210370018894
39.000000000000036; 0.00035526666866465817
39.10000000000004; 0.00037573634737296616
39.20000000000003; 0.00039716217752242157
39.30000000000003; 0.0004195768615144696
39.400000000000034; 0.00044301369226649946
39.500000000000036; 0.00046750654510292874
39.60000000000004; 0.0004930898690349178
39.70000000000003; 0.0005197986774370825
39.80000000000003; 0.0005476685381310733
39.900000000000034; 0.0005767355628860053
40.000000000000036; 0.0006070361665943885
40.10000000000004; 0.0006385907230230736
40.20000000000003; 0.0006714524953911204
40.30000000000003; 0.0007056596208535612
40.400000000000034; 0.0007412507231549588
40.500000000000036; 0.0007782648992391267
40.60000000000004; 0.0008167417053782328
40.70000000000004; 0.0008567211428366701
40.80000000000003; 0.0008982436430864775
40.900000000000034; 0.0009413500525903236
41.000000000000036; 0.0009860816171700284
41.10000000000004; 0.001032479965977767
41.20000000000004; 0.0010805870950878673
41.30000000000003; 0.0011304453507280543
41.400000000000034; 0.001182097412168427
41.500000000000036; 0.0012355862742869721
41.60000000000004; 0.0012909552298315584
41.70000000000004; 0.0013482478513966428
41.80000000000004; 0.0014075079731351626
41.900000000000034; 0.0014687796722250913
42.000000000000036; 0.0015321072501097686
42.10000000000004; 0.0015975352135327546
42.20000000000004; 0.0016651082553865368
42.30000000000004; 0.001734871235394448
42.400000000000034; 0.0018068691606471065
42.500000000000036; 0.0018811471660107896
42.60000000000004; 0.0019577504944296963
42.70000000000004; 0.0020367244771400538
42.80000000000004; 0.0021181145138155287
42.900000000000034; 0.002201966052664016
43.000000000000036; 0.0022883245704934043
43.10000000000004; 0.002377235552766141
43.20000000000004; 0.0024687444736601815
43.30000000000004; 0.002562896776154988
43.400000000000034; 0.0026597378521602713
43.500000000000036; 0.002759313022704473
43.60000000000004; 0.002861667518201339
43.70000000000004; 0.0029668464588102324
43.80000000000004; 0.003074894834906975
43.90000000000004; 0.0031858574876812984
44.000000000000036; 0.0032997790898773006
44.10000000000004; 0.0034167041266904437
44.20000000000004; 0.0035366768768371015
44.30000000000004; 0.0036597413938113214
44.40000000000004; 0.003785941487341501
44.500000000000036; 0.003915320705060959
44.60000000000004; 0.004047922314406032
44.70000000000004; 0.004183789284753213
44.80000000000004; 0.004322964269807579
44.90000000000004; 0.004465489590254639
45.00000000000004; 0.004611407216685842
45.10000000000004; 0.004760758752809032
45.20000000000004; 0.004913585418953117
45.30000000000004; 0.0050699280358775115
45.40000000000004; 0.005229827008894413
45.50000000000004; 0.005393322312312927
45.60000000000004; 0.005560453474213986
45.70000000000004; 0.005731259561562185
45.80000000000004; 0.005905779165661816
45.90000000000004; 0.006084050387966164
46.00000000000004; 0.006266110826241752
46.10000000000004; 0.006451997561098312
46.20000000000004; 0.006641747142885496
46.30000000000004; 0.006835395578963748
46.40000000000004; 0.00703297832135186
46.50000000000004; 0.007234530254756448
46.60000000000004; 0.007440085684986281
46.70000000000004; 0.007649678327754211
46.80000000000004; 0.007863341297869067
46.90000000000004; 0.00808110709882033
47.00000000000004; 0.008303007612756829
47.100000000000044; 0.008529074090861417
47.20000000000004; 0.00875933714412059
47.30000000000004; 0.008993826734493447
47.40000000000004; 0.009232572166475177
47.50000000000004; 0.00947560207905909
47.600000000000044; 0.009722944438095217
47.70000000000004; 0.009974626529042923
47.80000000000004; 0.010230674950119692
47.90000000000004; 0.010491115605841674
48.00000000000004; 0.010755973700955459
48.100000000000044; 0.011025273734757781
48.200000000000045; 0.011299039495803628
48.30000000000004; 0.011577294056996599
48.40000000000004; 0.01186005977106008
48.50000000000004; 0.012147358266385903
48.600000000000044; 0.01243921044325787
48.700000000000045; 0.01273563647044484
48.80000000000004; 0.013036655782160771
48.90000000000004; 0.0133422870753862
49.00000000000004; 0.013652548307548003
49.100000000000044; 0.013967456694553891
49.200000000000045; 0.014287028709172672
49.30000000000004; 0.014611280079761346
49.40000000000004; 0.014940225789329522
49.50000000000004; 0.015273880074935643
49.600000000000044; 0.015612256427416003
49.700000000000045; 0.015955367591430288
49.80000000000004; 0.016303225565829606
49.90000000000004; 0.01665584160433339
50.00000000000004; 0.017013226216510094
50.100000000000044; 0.017375523128711868
50.200000000000045; 0.017742612383576883
50.30000000000005; 0.018114500538209368
50.40000000000004; 0.018491194847835943
50.50000000000004; 0.018872701817845384
50.600000000000044; 0.01925902720648729
50.700000000000045; 0.019650176027843993
50.80000000000005; 0.020046152555070466
50.90000000000004; 0.020446960323894457
51.00000000000004; 0.02085260213637022
51.100000000000044; 0.021263080064879206
51.200000000000045; 0.021678395456371496
51.30000000000005; 0.022098548936840254
51.40000000000005; 0.022523540416025813
51.50000000000004; 0.022953369092334877
51.600000000000044; 0.023388033457979424
51.700000000000045; 0.023827531304318337
51.80000000000005; 0.02427185972740022
51.90000000000005; 0.024721015133701934
52.00000000000004; 0.02517499324604934
52.100000000000044; 0.025633789109724196
52.200000000000045; 0.026097397098740427
52.30000000000005; 0.02656581092228952
52.40000000000005; 0.027039023631346203
52.50000000000004; 0.027517027625429877
52.600000000000044; 0.027999814659510916
52.700000000000045; 0.02848737585106034
52.80000000000005; 0.02897970168723764
52.90000000000005; 0.029476782032202352
53.00000000000004; 0.02997860613455241
53.100000000000044; 0.030485162634878826
53.200000000000045; 0.030996439573430592
53.30000000000005; 0.03151242439788555
53.40000000000005; 0.03203310397121983
53.50000000000005; 0.03255846457967078
53.600000000000044; 0.03308849194079037
53.700000000000045; 0.03362317121157471
53.80000000000005; 0.03416248699667734
53.90000000000005; 0.03470642335668975
54.00000000000005; 0.03525496381648953
54.100000000000044; 0.0358080913736471
54.200000000000045; 0.036365788506892344
54.30000000000005; 0.036928037184627935
54.40000000000005; 0.037494818873489266
54.50000000000005; 0.038066114546948804
54.60000000000005; 0.038641904693949465
54.700000000000045; 0.03922216932757713
54.80000000000005; 0.03980688799375573
54.90000000000005; 0.040396039779964386
55.00000000000005; 0.040989603323977254
55.10000000000005; 0.04158755682260991
55.200000000000045; 0.04218987804048281
55.30000000000005; 0.04279654431878709
55.40000000000005; 0.04340753258404944
55.50000000000005; 0.04402281935690062
55.60000000000005; 0.04464238076083525
55.700000000000045; 0.04526619253095957
55.80000000000005; 0.04589423002272979
55.90000000000005; 0.046526468220673786
56.00000000000005; 0.04716288174708834
56.10000000000005; 0.047803444870721294
56.200000000000045; 0.04844813151541726
56.30000000000005; 0.04909691526874404
56.40000000000005; 0.04974976939057793
56.50000000000005; 0.050406666821660284
56.60000000000005; 0.05106758019211052
56.70000000000005; 0.05173248182990492
56.80000000000005; 0.05240134376930553
56.90000000000005; 0.05307413775924413
57.00000000000005; 0.05375083527166394
57.10000000000005; 0.054431407509803666
57.20000000000005; 0.05511582541642952
57.30000000000005; 0.055804059682017945
57.40000000000005; 0.056496080752873885
57.50000000000005; 0.057191858839191
57.60000000000005; 0.057891363923058735
57.70000000000005; 0.05859456576639388
57.800000000000054; 0.05930143391881738
57.90000000000005; 0.060011937725461394
58.00000000000005; 0.060726046334704464
58.10000000000005; 0.06144372870584625
58.20000000000005; 0.06216495361670073
58.300000000000054; 0.06288968967112406
58.40000000000005; 0.06361790530646788
58.50000000000005; 0.0643495688009558
58.60000000000005; 0.06508464828098122
58.70000000000005; 0.06582311172833867
58.800000000000054; 0.06656492698736094
58.90000000000005; 0.06731006177199206
59.00000000000005; 0.0680584836727692
59.10000000000005; 0.06881016016373126
59.20000000000005; 0.06956505860924032
59.300000000000054; 0.07032314627072411
59.40000000000005; 0.07108439031333186
59.50000000000005; 0.07184875781251075
59.60000000000005; 0.07261621576049451
59.70000000000005; 0.07338673107270743
59.800000000000054; 0.07416027059408564
59.900000000000055; 0.07493680110531217
60.00000000000005; 0.07571628932895941
60.10000000000005; 0.07649856145817473
60.20000000000005; 0.07728372372647344
60.300000000000054; 0.07807174314301754
60.400000000000055; 0.0788625866749579
60.50000000000005; 0.07965622126633153
60.60000000000005; 0.08045261384353097
60.70000000000005; 0.08125173132069423
60.800000000000054; 0.08205354060500118
60.900000000000055; 0.08285800860188941
61.00000000000006; 0.08366510222017771
61.10000000000005; 0.08447478837710654
61.20000000000005; 0.08528703400329116
61.300000000000054; 0.08610180604758959
61.400000000000055; 0.08691907148187986
61.50000000000006; 0.08773879730576263
61.60000000000005; 0.08856095055116563
61.70000000000005; 0.08938549828687085
61.800000000000054; 0.09021240762295647
61.900000000000055; 0.09104164571515747
62.00000000000006; 0.091873179769131
62.10000000000005; 0.0927069770446558
62.20000000000005; 0.09354300485973549
62.300000000000054; 0.09438123059462379
62.400000000000055; 0.09522162169577317
62.50000000000006; 0.09606414567969176
62.60000000000005; 0.09690877013673242
62.70000000000005; 0.09775546273479123
62.800000000000054; 0.09860419122293111
62.900000000000055; 0.09945492343493118
63.00000000000006; 0.10030762729274612
63.10000000000006; 0.10116227080990159
63.20000000000005; 0.10201882209480359
63.300000000000054; 0.10287724935397431
63.400000000000055; 0.10373752089521628
63.50000000000006; 0.10459960513069666
63.60000000000006; 0.10546347057995575
63.70000000000005; 0.1063290858728533
63.800000000000054; 0.10719641975242936
63.900000000000055; 0.10806544107769776
64.00000000000006; 0.10893611882637513
64.10000000000005; 0.10980842209752852
64.20000000000006; 0.11068232011415888
64.30000000000005; 0.11155778222571973
64.40000000000006; 0.11243477791055957
64.50000000000006; 0.11331327677830098
64.60000000000005; 0.1141932485721563
64.70000000000006; 0.11507466317117028
64.80000000000005; 0.11595749059240355
64.90000000000006; 0.11684170099305492
65.00000000000006; 0.11772726467250433
65.10000000000005; 0.11861415207431797
65.20000000000006; 0.11950233378816791
65.30000000000005; 0.12039178055170431
65.40000000000006; 0.1212824632523686
65.50000000000006; 0.12217435292913396
65.60000000000005; 0.12306742077420357
65.70000000000006; 0.12396163813464262
65.80000000000005; 0.12485697651394898
65.90000000000006; 0.12575340757357847
66.00000000000006; 0.12665090313440974
66.10000000000005; 0.1275494351781486
66.20000000000006; 0.12844897584869036
66.30000000000005; 0.1293494974534199
66.40000000000006; 0.1302509724644632
66.50000000000006; 0.1311533735198858
66.60000000000005; 0.1320566734248434
66.70000000000006; 0.13296084515268225
66.80000000000005; 0.13386586184598478
66.90000000000006; 0.13477169681757797
67.00000000000006; 0.1356783235514783
67.10000000000007; 0.1365857157038119
67.20000000000006; 0.1374938471036634
67.30000000000005; 0.13840269175390388
67.40000000000006; 0.1393122238319526
67.50000000000006; 0.14022241769051505
67.60000000000007; 0.14113324785826115
67.70000000000006; 0.14204468904047096
67.80000000000005; 0.14295671611963792
67.90000000000006; 0.1438693041560302
68.00000000000006; 0.14478242838820757
68.10000000000007; 0.14569606423350792
68.20000000000006; 0.14661018728848904
68.30000000000005; 0.14752477332933225
68.40000000000006; 0.1484397983122144
68.50000000000006; 0.14935523837363673
68.60000000000007; 0.15027106983072258
68.70000000000006; 0.15118726918147685
68.80000000000005; 0.1521038131050137
68.90000000000006; 0.15302067846175144
69.00000000000006; 0.15393784229356805
69.10000000000007; 0.15485528182393168
69.20000000000006; 0.15577297445799596
69.30000000000005; 0.15669089778266587
69.40000000000006; 0.15760902956662726
69.50000000000006; 0.15852734776035662
69.60000000000007; 0.15944583049609395
69.70000000000006; 0.16036445608778951
69.80000000000007; 0.16128320303102153
69.90000000000006; 0.16220205000288912
70.00000000000006; 0.16312097586187593
70.10000000000007; 0.16403995964768614
70.20000000000006; 0.16495898058106212
70.30000000000007; 0.16587801806356928
70.40000000000006; 0.166797051677356
70.50000000000006; 0.16771606118489962
70.60000000000007; 0.1686350265287161
70.70000000000006; 0.16955392783106074
70.80000000000007; 0.17047274539358784
70.90000000000006; 0.17139145969701183
71.00000000000006; 0.17231005140072705
71.10000000000007; 0.17322850134241893
71.20000000000006; 0.17414679053765073
71.30000000000007; 0.17506490017942936
71.40000000000006; 0.1759828116377546
71.50000000000006; 0.17690050645915026
71.60000000000007; 0.17781796636617345
71.70000000000006; 0.17873517325691085
71.80000000000007; 0.17965210920445343
71.90000000000006; 0.18056875645635562
72.00000000000006; 0.18148509743408012
72.10000000000007; 0.18240111473242748
72.20000000000006; 0.18331679111894386
72.30000000000007; 0.18423210953332347
72.40000000000006; 0.18514705308678375
72.50000000000006; 0.18606160506144495
72.60000000000007; 0.18697574890967278
72.70000000000006; 0.18788946825343059
72.80000000000007; 0.18880274688360082
72.90000000000006; 0.18971556875930476
73.00000000000006; 0.19062791800720585
73.10000000000007; 0.1915397789208002
73.20000000000006; 0.1924511359597017
73.30000000000007; 0.19336197374890757
73.40000000000006; 0.19427227707806188
73.50000000000007; 0.19518203090070194
73.60000000000007; 0.19609122033349627
73.70000000000006; 0.19699983065547985
73.80000000000007; 0.19790784730726854
73.90000000000006; 0.19881525589027582
74.00000000000007; 0.1997220421659131
74.10000000000007; 0.2006281920547832
74.20000000000006; 0.20153369163587218
74.30000000000007; 0.20243852714572352
74.40000000000006; 0.20334268497761643
74.50000000000007; 0.2042461516807232
74.60000000000007; 0.20514891395927487
74.70000000000006; 0.20605095867171153
74.80000000000007; 0.20695227282982326
74.90000000000006; 0.20785284359789732
75.00000000000007; 0.20875265829185127
75.10000000000007; 0.20965170437835845
75.20000000000006; 0.21054996947397703
75.30000000000007; 0.21144744134426607
75.40000000000006; 0.21234410790290367
75.50000000000007; 0.21323995721079647
75.60000000000007; 0.21413497747518614
75.70000000000006; 0.2150291570487521
75.80000000000007; 0.21592248442871498
75.90000000000006; 0.21681494825592443
76.00000000000007; 0.2177065373139648
76.10000000000007; 0.21859724052823118
76.20000000000007; 0.2194870469650308
76.30000000000007; 0.22037594583065612
76.40000000000006; 0.2212639264704791
76.50000000000007; 0.22215097836802344
76.60000000000007; 0.2230370911440469
76.70000000000007; 0.2239222545556207
76.80000000000007; 0.22480645849520273
76.90000000000006; 0.22568969298971475
77.00000000000007; 0.22657194819961632
77.10000000000007; 0.22745321441797167
77.20000000000007; 0.22833348206953227
77.30000000000007; 0.2292127417098013
77.40000000000006; 0.230090984024104
77.50000000000007; 0.23096819982666614
77.60000000000007; 0.23184438005967514
77.70000000000007; 0.23271951579236072
77.80000000000007; 0.2335935982200577
77.90000000000006; 0.23446661866328466
78.00000000000007; 0.23533856856681065
78.10000000000007; 0.23620943949873377
78.20000000000007; 0.23707922314954807
78.30000000000007; 0.23794791133122367
78.40000000000006; 0.23881549597628118
78.50000000000007; 0.23968196913686715
78.60000000000007; 0.24054732298383355
78.70000000000007; 0.24141154980581614
78.80000000000007; 0.24227464200832005
78.90000000000006; 0.24313659211279462
79.00000000000007; 0.24399739275572718
79.10000000000007; 0.24485703668772332
79.20000000000007; 0.24571551677259867
79.30000000000007; 0.24657282598646688
79.40000000000006; 0.24742895741683665
79.50000000000007; 0.24828390426170419
79.60000000000007; 0.24913765982864905
79.70000000000007; 0.24999021753394057
79.80000000000007; 0.2508415709016345
79.90000000000008; 0.25169171356267817
80.00000000000007; 0.2525406392540268
80.10000000000007; 0.25338854958613743
80.20000000000007; 0.2542352330244552
80.30000000000007; 0.25508068022769054
80.40000000000008; 0.25592488501232175
80.50000000000007; 0.2567678412974312
80.60000000000007; 0.257609543103854
80.70000000000007; 0.2584499845533365
80.80000000000007; 0.25928915986768786
80.90000000000008; 0.26012706336794195
81.00000000000007; 0.26096368947351745
81.10000000000007; 0.26179903270138244
81.20000000000007; 0.2626330876652257
81.30000000000007; 0.2634658490746235
81.40000000000008; 0.2642973117342153
81.50000000000007; 0.2651274705428859
81.60000000000007; 0.26595632049293716
81.70000000000007; 0.2667838566692784
81.80000000000007; 0.2676100742486107
81.90000000000008; 0.26843496849862347
82.00000000000007; 0.2692585347771792
82.10000000000007; 0.270080768531518
82.20000000000007; 0.27090166529746007
82.30000000000007; 0.27172122069860327
82.40000000000008; 0.27253943044554063
82.50000000000007; 0.2733562903350662
82.60000000000008; 0.27417179624939436
82.70000000000007; 0.27498594415537925
82.80000000000007; 0.2757987301037376
82.90000000000008; 0.2766101502282759
83.00000000000007; 0.2774202007451227
83.10000000000008; 0.27822887795196716
83.20000000000007; 0.27903617822729054
83.30000000000007; 0.27984209802961785
83.40000000000008; 0.28064663389675726
83.50000000000007; 0.28144978244505836
83.60000000000008; 0.2822515403686646
83.70000000000007; 0.28305190443877193
83.80000000000007; 0.2838508715028922
83.90000000000008; 0.2846484384841228
84.00000000000007; 0.28544460238041786
84.10000000000008; 0.2862393602638625
84.20000000000007; 0.287032709279954
84.30000000000007; 0.28782464664688984
84.40000000000008; 0.28861516965484796
84.50000000000007; 0.2894042756652868
84.60000000000008; 0.290191962110241
84.70000000000007; 0.29097822649162086
84.80000000000007; 0.291763066380518
84.90000000000008; 0.29254647941651646
85.00000000000007; 0.2933284633070052
85.10000000000008; 0.2941090158265026
85.20000000000007; 0.2948881348159671
85.30000000000007; 0.29566581818213744
85.40000000000008; 0.2964420638968546
85.50000000000007; 0.29721686999640173
85.60000000000008; 0.2979902345808468
85.70000000000007; 0.2987621558133784
85.80000000000007; 0.29953263191966273
85.90000000000008; 0.3003016611871929
86.00000000000007; 0.30106924196464807
86.10000000000008; 0.30183537266125293
86.20000000000007; 0.3026000517461455
86.30000000000008; 0.3033632777477466
86.40000000000008; 0.30412504925313666
86.50000000000007; 0.30488536490743096
86.60000000000008; 0.3056442234131658
86.70000000000007; 0.30640162352968725
86.80000000000008; 0.3071575640725419
86.90000000000008; 0.3079120439128685
87.00000000000007; 0.30866506197680843
87.10000000000008; 0.30941661724490266
87.20000000000007; 0.3101667087515056
87.30000000000008; 0.3109153355841963
87.40000000000008; 0.3116624968831952
87.50000000000007; 0.31240819184079105
87.60000000000008; 0.3131524197007641
87.70000000000007; 0.3138951797578133
87.80000000000008; 0.31463647135699935
87.90000000000008; 0.3153762938931789
88.00000000000007; 0.3161146468104463
88.10000000000008; 0.31685152960158747
88.20000000000007; 0.3175869418075249
88.30000000000008; 0.3183208830167763
88.40000000000008; 0.3190533528649196
88.50000000000007; 0.3197843510340474
88.60000000000008; 0.32051387725224584
88.70000000000007; 0.32124193129305983
88.80000000000008; 0.3219685129749752
88.90000000000008; 0.32269362216089337
89.00000000000009; 0.3234172587576252
89.10000000000008; 0.3241394227153699
89.20000000000007; 0.3248601140272195
89.30000000000008; 0.3255793327286455
89.40000000000008; 0.32629707889700676
89.50000000000009; 0.3270133526510534
89.60000000000008; 0.32772815415043455
89.70000000000007; 0.32844148359521436
89.80000000000008; 0.32915334122538764
89.90000000000008; 0.32986372732040015
90.00000000000009; 0.33057264219867943
90.10000000000008; 0.3312800862171532
90.20000000000007; 0.3319860597707967
90.30000000000008; 0.3326905632921547
90.40000000000008; 0.3333935972508946
90.50000000000009; 0.3340951621533448
90.60000000000008; 0.3347952585420446
90.70000000000007; 0.33549388699529703
90.80000000000008; 0.3361910481267247
90.90000000000008; 0.33688674258482765
91.00000000000009; 0.3375809710525539
91.10000000000008; 0.33827373424685675
91.20000000000007; 0.3389650329182754
91.30000000000008; 0.3396548678505049
91.40000000000008; 0.34034323985997367
91.50000000000009; 0.34103014979542934
91.60000000000008; 0.3417155985375237
91.70000000000007; 0.3423995869984003
91.80000000000008; 0.3430821161212899
91.90000000000008; 0.343763186880104
92.00000000000009; 0.3444428002790397
92.10000000000008; 0.34512095735217835
92.20000000000007; 0.3457976591630987
92.30000000000008; 0.3464729068044816
92.40000000000008; 0.3471467013977292
92.50000000000009; 0.34781904409258024
92.60000000000008; 0.34848993606673245
92.70000000000009; 0.349159378525465
92.80000000000008; 0.3498273727012691
92.90000000000008; 0.3504939198534788
93.00000000000009; 0.3511590212679046
93.10000000000008; 0.35182267825647456
93.20000000000009; 0.35248489215687134
93.30000000000008; 0.3531456643321797
93.40000000000008; 0.3538049961705346
93.50000000000009; 0.35446288908477214
93.60000000000008; 0.3551193445120835
93.70000000000009; 0.35577436391367206
93.80000000000008; 0.35642794877441797
93.90000000000008; 0.3570801006025354
94.00000000000009; 0.3577308209292484
94.10000000000008; 0.35838011130845354
94.20000000000009; 0.35902797331639924
94.30000000000008; 0.3596744085513561
94.40000000000008; 0.3603194186333026
94.50000000000009; 0.3609630052036069
94.60000000000008; 0.3616051699247057
94.70000000000009; 0.3622459144798046
94.80000000000008; 0.36288524057255767
94.90000000000008; 0.36352314992677137
95.00000000000009; 0.3641596442860958
95.10000000000008; 0.3647947254137315
95.20000000000009; 0.3654283950921245
95.30000000000008; 0.3660606551226827
95.40000000000009; 0.3666915073254749
95.50000000000009; 0.36732095353894945
95.60000000000008; 0.36794899561964717
95.70000000000009; 0.368575635441919
95.80000000000008; 0.3692008748976459
95.90000000000009; 0.3698247158959633
96.00000000000009; 0.37044716036298264
96.10000000000008; 0.3710682102415262
96.20000000000009; 0.3716878674908559
96.30000000000008; 0.37230613408640434
96.40000000000009; 0.37292301201951394
96.50000000000009; 0.3735385032971788
96.60000000000008; 0.3741526099417789
96.70000000000009; 0.37476533399083467
96.80000000000008; 0.37537667749674525
96.90000000000009; 0.37598664252654124
97.00000000000009; 0.3765952311616393
97.10000000000008; 0.377202445497591
97.20000000000009; 0.3778082876438471
97.30000000000008; 0.37841275972351013
97.40000000000009; 0.37901586387310254
97.50000000000009; 0.3796176022423265
97.60000000000008; 0.38021797699383114
97.70000000000009; 0.38081699030298743
97.80000000000008; 0.381414644357652
97.90000000000009; 0.38201094135794555
98.00000000000009; 0.38260588351602975
98.10000000000008; 0.3831994730558847
98.20000000000009; 0.38379171221308794
98.30000000000008; 0.38438260323460033
98.40000000000009; 0.38497214837855354
98.50000000000009; 0.38556034991403143
98.60000000000008; 0.38614721012086645
98.70000000000009; 0.38673273128942925
98.80000000000008; 0.3873169157204223
98.90000000000009; 0.387899765724677
99.00000000000009; 0.38848128362295314
99.1000000000001; 0.3890614717457418
99.20000000000009; 0.3896403324330626
99.30000000000008; 0.39021786803427594
99.40000000000009; 0.39079408090788265
99.50000000000009; 0.3913689734213394
99.6000000000001; 0.3919425479508677
99.70000000000009; 0.3925148068812685
99.80000000000008; 0.39308575260573536
99.90000000000009; 0.39365538752567203
100.00000000000009; 0.3942237101850972
100.1000000000001; 0.39479057927036465
100.20000000000009; 0.395356145516763
100.30000000000008; 0.39592041145022117
100.40000000000009; 0.39648337960362673
100.50000000000009; 0.3970450525166552
100.6000000000001; 0.39760543273559434
100.70000000000009; 0.3981645228131829
100.80000000000008; 0.39872232530844254
100.90000000000009; 0.39927884278650977
101.00000000000009; 0.3998340778184824
101.1000000000001; 0.4003880329812491
101.20000000000009; 0.40094071085733635
101.30000000000008; 0.40149211403475293
101.40000000000009; 0.40204224510682995
101.50000000000009; 0.4025911066720713
101.6000000000001; 0.4031387013340027
101.70000000000009; 0.4036850317010178
101.8000000000001; 0.40423010038623325
101.90000000000009; 0.40477391000734414
102.00000000000009; 0.4053164631864727
102.1000000000001; 0.4058577625500343
102.20000000000009; 0.40639781072858877
102.3000000000001; 0.40693661035670387
102.40000000000009; 0.40747416407281745
102.50000000000009; 0.4080104745190991
102.6000000000001; 0.4085455443413178
102.70000000000009; 0.4090793761887087
102.8000000000001; 0.4096119727138386
102.90000000000009; 0.4101433365724764
103.00000000000009; 0.4106734704234704
103.1000000000001; 0.41120237692861117
103.20000000000009; 0.4117300587525151
103.3000000000001; 0.41225651856249534
103.40000000000009; 0.4127817590284415
103.50000000000009; 0.4133057828226968
103.6000000000001; 0.4138285926199412
103.70000000000009; 0.41435019109707033
103.8000000000001; 0.4148705809330806
103.90000000000009; 0.41538976480895207
104.00000000000009; 0.41590774540753717
104.1000000000001; 0.4164245254134466
104.20000000000009; 0.41694010751293853
104.3000000000001; 0.4174544943938085
104.40000000000009; 0.4179676887452799
104.50000000000009; 0.41847969325790285
104.6000000000001; 0.41899051062343745
104.70000000000009; 0.4195001435347623
104.8000000000001; 0.4200085946857583
104.90000000000009; 0.42051586677121994
105.00000000000009; 0.4210219624867427
105.1000000000001; 0.42152688452863335
105.20000000000009; 0.4220306355938045
105.3000000000001; 0.42253321837968283
105.40000000000009; 0.4230346355841113
105.5000000000001; 0.42353488990525634
105.6000000000001; 0.4240339840415114
105.70000000000009; 0.4245319206914094
105.8000000000001; 0.42502870255352665
105.90000000000009; 0.4255243323264003
106.0000000000001; 0.4260188127084315
106.1000000000001; 0.42651214639780577
106.20000000000009; 0.4270043360924023
106.3000000000001; 0.42749538448970875
106.40000000000009; 0.42798529428674054
106.5000000000001; 0.4284740681799548
106.6000000000001; 0.42896170886516904
106.70000000000009; 0.4294482190374826
106.8000000000001; 0.42993360139119646
106.90000000000009; 0.4304178586197302
107.0000000000001; 0.4309009934155522
107.1000000000001; 0.4313830084700973
107.20000000000009; 0.431863906473693
107.3000000000001; 0.4323436901154841
107.40000000000009; 0.432822362083364
107.5000000000001; 0.43329992506389287
107.6000000000001; 0.43377638174223865
107.70000000000009; 0.43425173480209306
107.8000000000001; 0.43472598692561454
107.90000000000009; 0.43519914079335004
108.0000000000001; 0.43567119908417457
108.1000000000001; 0.4361421644752175
108.2000000000001; 0.43661203964180373
108.3000000000001; 0.4370808272573852
108.40000000000009; 0.4375485299934762
108.5000000000001; 0.4380151505195934
108.6000000000001; 0.4384806915031912
108.7000000000001; 0.43894515560960007
108.8000000000001; 0.43940854550196945
108.90000000000009; 0.4398708638412059
109.0000000000001; 0.44033211328591226
109.1000000000001; 0.4407922964923344
109.2000000000001; 0.4412514161143028
109.3000000000001; 0.44170947480317313
109.40000000000009; 0.44216647520777475
109.5000000000001; 0.4426224199743548
109.6000000000001; 0.44307731174652504
109.7000000000001; 0.44353115316520786
109.8000000000001; 0.4439839468685845
109.90000000000009; 0.44443569549204404
110.0000000000001; 0.4448864016681327
110.1000000000001; 0.4453360680265032
110.2000000000001; 0.445784697193867
110.3000000000001; 0.4462322917939456
110.40000000000009; 0.4466788544474208
110.5000000000001; 0.44712438777189245
110.6000000000001; 0.44756889438182823
110.7000000000001; 0.44801237688851747
110.8000000000001; 0.4484548379000311
110.90000000000009; 0.4488962800211736
111.0000000000001; 0.44933670585344054
111.1000000000001; 0.4497761179949776
111.2000000000001; 0.45021451904053683
111.3000000000001; 0.4506519115814346
111.40000000000009; 0.4510882982055132
111.5000000000001; 0.4515236814970992
111.6000000000001; 0.45195806403696404
111.7000000000001; 0.45239144840228795
111.8000000000001; 0.4528238371666177
111.9000000000001; 0.4532552328998314
112.0000000000001; 0.4536856381681019
112.1000000000001; 0.4541150555338617
112.2000000000001; 0.4545434875557619
112.3000000000001; 0.45497093678864464
112.4000000000001; 0.4553974057835032
112.5000000000001; 0.4558228970874509
112.6000000000001; 0.45624741324368656
112.7000000000001; 0.4566709567914616
112.8000000000001; 0.4570935302660498
112.9000000000001; 0.4575151361987134
113.0000000000001; 0.4579357771166737
113.1000000000001; 0.4583554555430789
113.2000000000001; 0.4587741739969783
113.3000000000001; 0.4591919349932866
113.4000000000001; 0.45960874104276017
113.5000000000001; 0.46002459465196754
113.6000000000001; 0.46043949832325887
113.7000000000001; 0.46085345455474397
113.8000000000001; 0.4612664658402596
113.9000000000001; 0.46167853466934683
114.0000000000001; 0.4620896635272266
114.1000000000001; 0.4624998548947692
114.2000000000001; 0.4629091112484741
114.3000000000001; 0.46331743506044354
114.4000000000001; 0.46372482879836047
114.5000000000001; 0.4641312949254634
114.60000000000011; 0.46453683590052325
114.7000000000001; 0.46494145417782173
114.8000000000001; 0.4653451522071305
114.9000000000001; 0.4657479324336884
115.0000000000001; 0.46614979729817946
115.10000000000011; 0.46655074923671336
115.2000000000001; 0.4669507906808052
115.3000000000001; 0.4673499240573553
115.4000000000001; 0.4677481517886307
115.5000000000001; 0.4681454762922448
115.60000000000011; 0.4685418999811396
115.7000000000001; 0.46893742526356846
115.8000000000001; 0.4693320545430753
115.9000000000001; 0.4697257902184828
116.0000000000001; 0.47011863468386783
116.10000000000011; 0.47051059032855225
116.2000000000001; 0.4709016595370832
116.3000000000001; 0.47129184468921587
116.4000000000001; 0.4716811481599011
116.5000000000001; 0.4720695723192703
116.60000000000011; 0.4724571195326187
116.7000000000001; 0.4728437921603903
116.8000000000001; 0.47322959255816915
116.9000000000001; 0.47361452307665924
117.0000000000001; 0.4739985860616771
117.10000000000011; 0.4743817838541321
117.2000000000001; 0.4747641187900216
117.3000000000001; 0.47514559320041444
117.4000000000001; 0.475526209411438
117.5000000000001; 0.47590596974426985
117.60000000000011; 0.47628487651512363
117.7000000000001; 0.47666293203524224
117.8000000000001; 0.4770401386108813
117.9000000000001; 0.4774164985433039
118.0000000000001; 0.47779201412876954
118.10000000000011; 0.47816668765852216
118.2000000000001; 0.47854052141878406
118.30000000000011; 0.478913517690745
118.4000000000001; 0.479285678750552
118.5000000000001; 0.47965700686930574
118.60000000000011; 0.4800275043130478
118.7000000000001; 0.48039717334275406
118.80000000000011; 0.48076601621432713
118.9000000000001; 0.4811340351785907
119.0000000000001; 0.4815012324812805
119.10000000000011; 0.48186761036303727
119.2000000000001; 0.482233171059403
119.30000000000011; 0.48259791680081043
119.4000000000001; 0.4829618498125818
119.5000000000001; 0.48332497231491883
119.60000000000011; 0.4836872865229019
119.7000000000001; 0.48404879464648026
119.80000000000011; 0.484409498890469
119.9000000000001; 0.48476940145454483
120.0000000000001; 0.4851285045332421
120.10000000000011; 0.4854868103159469
120.2000000000001; 0.4858443209868927
120.30000000000011; 0.4862010387251608
120.4000000000001; 0.48655696570466983
120.5000000000001; 0.48691210409418023
120.60000000000011; 0.4872664560572848
120.7000000000001; 0.4876200237524086
120.80000000000011; 0.4879728093328083
120.9000000000001; 0.4883248149465641
121.00000000000011; 0.4886760427365855
121.10000000000011; 0.4890264948405993
121.2000000000001; 0.48937617339115913
121.30000000000011; 0.4897250805156338
121.4000000000001; 0.49007321833621215
121.50000000000011; 0.4904205889698995
121.60000000000011; 0.49076719452851814
121.7000000000001; 0.4911130371187038
121.80000000000011; 0.491458118841909
121.9000000000001; 0.4918024417943987
122.00000000000011; 0.492146008067252
122.10000000000011; 0.4924888197463635
122.2000000000001; 0.4928308789124402
122.30000000000011; 0.49317218764100523
122.4000000000001; 0.49351274800239503
122.50000000000011; 0.4938525620617636
122.60000000000011; 0.4941916318790804
122.7000000000001; 0.49452995950913214
122.80000000000011; 0.4948675470015249
122.9000000000001; 0.49520439640068586
123.00000000000011; 0.49554050974586256
123.10000000000011; 0.49587588907112734
123.2000000000001; 0.496210536405375
123.30000000000011; 0.49654445377233053
123.4000000000001; 0.4968776431905486
123.50000000000011; 0.4972101066734119
123.60000000000011; 0.49754184622914144
123.7000000000001; 0.4978728638607935
123.80000000000011; 0.49820316156626415
123.9000000000001; 0.49853274133829073
124.00000000000011; 0.4988616051644576
124.10000000000011; 0.49918975502719787
124.2000000000001; 0.49951719290379554
124.30000000000011; 0.49984392076639145
124.4000000000001; 0.500169940581985
124.50000000000011; 0.5004952543124378
124.60000000000011; 0.500819863914479
124.70000000000012; 0.5011437713397086
124.80000000000011; 0.5014669785346012
124.9000000000001; 0.5017894874405089
125.00000000000011; 0.50211129999367
125.10000000000011; 0.5024324181252087
125.20000000000012; 0.5027528437611423
125.30000000000011; 0.5030725788223847
125.4000000000001; 0.5033916252247536
125.50000000000011; 0.5037099848789709
125.60000000000011; 0.5040276596906729
125.70000000000012; 0.5043446515604125
125.80000000000011; 0.5046609623836651
125.9000000000001; 0.5049765940508333
126.00000000000011; 0.5052915484472531
126.10000000000011; 0.5056058274532004
126.20000000000012; 0.5059194329438961
126.30000000000011; 0.5062323667895098
126.4000000000001; 0.5065446308551687
126.50000000000011; 0.5068562270009619
126.60000000000011; 0.507167157081947
126.70000000000012; 0.5074774229481576
126.80000000000011; 0.507787026444605
126.9000000000001; 0.5080959694112924
127.00000000000011; 0.5084042536832125
127.10000000000011; 0.5087118810903598
127.20000000000012; 0.5090188534577372
127.30000000000011; 0.5093251726053596
127.40000000000012; 0.5096308403482624
127.50000000000011; 0.5099358584965099
127.60000000000011; 0.5102402288551988
127.70000000000012; 0.5105439532244684
127.80000000000011; 0.5108470333995058
127.90000000000012; 0.5111494711705554
128.0000000000001; 0.5114512683229228
128.1000000000001; 0.5117524266369855
128.2000000000001; 0.5120529478881978
128.30000000000013; 0.512352833847099
128.40000000000012; 0.5126520862793232
128.5000000000001; 0.5129507069456037
128.6000000000001; 0.5132486976017822
128.7000000000001; 0.5135460599988168
128.80000000000013; 0.5138427958827895
128.90000000000012; 0.514138906994914
129.0000000000001; 0.5144343950715443
129.1000000000001; 0.5147292618441821
129.2000000000001; 0.5150235090394845
129.30000000000013; 0.5153171383792733
129.40000000000012; 0.515610151580544
129.5000000000001; 0.5159025503554702
129.6000000000001; 0.5161943364114164
129.7000000000001; 0.5164855114509449
129.80000000000013; 0.5167760771718222
129.90000000000012; 0.5170660352670301
130.0000000000001; 0.5173553874247734
130.1000000000001; 0.5176441353284897
130.2000000000001; 0.5179322806568546
130.30000000000013; 0.5182198250837943
130.40000000000012; 0.5185067702784923
130.5000000000001; 0.5187931179053982
130.6000000000001; 0.519078869624238
130.7000000000001; 0.519364027090021
130.80000000000013; 0.5196485919530518
130.90000000000012; 0.5199325658589342
131.0000000000001; 0.5202159504485857
131.1000000000001; 0.5204987473582438
131.2000000000001; 0.5207809582194742
131.30000000000013; 0.5210625846591839
131.40000000000012; 0.5213436282996257
131.5000000000001; 0.5216240907584097
131.6000000000001; 0.521903973648514
131.7000000000001; 0.52218327857829
131.80000000000013; 0.5224620071514774
131.90000000000012; 0.5227401609672079
132.0000000000001; 0.5230177416200176
132.1000000000001; 0.5232947506998568
132.2000000000001; 0.5235711897920978
132.30000000000013; 0.5238470604775461
132.40000000000012; 0.5241223643324492
132.5000000000001; 0.5243971029285058
132.6000000000001; 0.5246712778328751
132.70000000000013; 0.5249448906081889
132.80000000000013; 0.5252179428125583
132.90000000000012; 0.5254904359995847
133.0000000000001; 0.5257623717183693
133.1000000000001; 0.5260337515135234
133.20000000000013; 0.5263045769251784
133.30000000000013; 0.5265748494889939
133.40000000000012; 0.5268445707361692
133.5000000000001; 0.5271137421934522
133.6000000000001; 0.5273823653831502
133.70000000000013; 0.5276504418231392
133.80000000000013; 0.5279179730268733
133.90000000000012; 0.5281849605033959
134.0000000000001; 0.528451405757349
134.1000000000001; 0.5287173102889823
134.20000000000013; 0.5289826755941657
134.30000000000013; 0.5292475031643951
134.40000000000012; 0.529511794486808
134.5000000000001; 0.529775551044189
134.6000000000001; 0.530038774314982
134.70000000000013; 0.5303014657732987
134.80000000000013; 0.5305636268889308
134.90000000000012; 0.5308252591273595
135.0000000000001; 0.5310863639497637
135.1000000000001; 0.5313469428130326
135.20000000000013; 0.5316069971697756
135.30000000000013; 0.5318665284683294
135.40000000000012; 0.5321255381527735
135.5000000000001; 0.5323840276629355
135.6000000000001; 0.5326419984344032
135.70000000000013; 0.5328994518985372
135.80000000000013; 0.533156389482475
135.90000000000012; 0.5334128126091486
136.0000000000001; 0.5336687226972896
136.1000000000001; 0.5339241211614406
136.20000000000013; 0.5341790094119664
136.30000000000013; 0.5344333888550644
136.40000000000012; 0.5346872608927726
136.5000000000001; 0.5349406269229827
136.6000000000001; 0.5351934883394501
136.70000000000013; 0.5354458465318004
136.80000000000013; 0.5356977028855463
136.90000000000012; 0.5359490587820906
137.0000000000001; 0.5361999155987422
137.1000000000001; 0.5364502747087241
137.20000000000013; 0.536700137481184
137.30000000000013; 0.5369495052812029
137.40000000000012; 0.5371983794698091
137.5000000000001; 0.5374467614039852
137.6000000000001; 0.5376946524366807
137.70000000000013; 0.5379420539168205
137.80000000000013; 0.5381889671893161
137.90000000000012; 0.5384353935950765
138.0000000000001; 0.5386813344710165
138.1000000000001; 0.5389267911500699
138.20000000000013; 0.5391717649611978
138.30000000000013; 0.5394162572293991
138.40000000000012; 0.5396602692757214
138.5000000000001; 0.5399038024172719
138.60000000000014; 0.5401468579672257
138.70000000000013; 0.5403894372348368
138.80000000000013; 0.5406315415254517
138.90000000000012; 0.5408731721405139
139.0000000000001; 0.5411143303775787
139.10000000000014; 0.5413550175303218
139.20000000000013; 0.5415952348885505
139.30000000000013; 0.5418349837382125
139.40000000000012; 0.5420742653614071
139.5000000000001; 0.5423130810363959
139.60000000000014; 0.5425514320376118
139.70000000000013; 0.5427893196356711
139.80000000000013; 0.5430267450973821
139.90000000000012; 0.5432637096857563
140.0000000000001; 0.5435002146600176
140.10000000000014; 0.5437362612756146
140.20000000000013; 0.5439718507842278
140.30000000000013; 0.5442069844337839
140.40000000000012; 0.5444416634684607
140.5000000000001; 0.5446758891287039
140.60000000000014; 0.5449096626512308
140.70000000000013; 0.5451429852690437
140.80000000000013; 0.545375858211442
140.90000000000012; 0.5456082827040277
141.0000000000001; 0.54584025996872
141.10000000000014; 0.5460717912237617
141.20000000000013; 0.5463028776837324
141.30000000000013; 0.5465335205595577
141.40000000000012; 0.5467637210585178
141.5000000000001; 0.5469934803842611
141.60000000000014; 0.5472227997368085
141.70000000000013; 0.5474516803125711
141.80000000000013; 0.5476801233043531
141.90000000000012; 0.5479081299013672
142.0000000000001; 0.5481357012892415
142.10000000000014; 0.5483628386500313
142.20000000000013; 0.5485895431622274
142.30000000000013; 0.5488158160007689
142.40000000000012; 0.549041658337049
142.5000000000001; 0.5492670713389306
142.60000000000014; 0.5494920561707499
142.70000000000013; 0.5497166139933322
142.80000000000013; 0.5499407459639988
142.90000000000012; 0.5501644532365768
143.0000000000001; 0.5503877369614101
143.10000000000014; 0.5506105982853692
143.20000000000013; 0.5508330383518611
143.30000000000013; 0.5510550583008382
143.40000000000012; 0.5512766592688099
143.5000000000001; 0.5514978423888514
143.60000000000014; 0.5517186087906127
143.70000000000013; 0.5519389596003307
143.80000000000013; 0.5521588959408373
143.90000000000012; 0.5523784189315697
144.0000000000001; 0.5525975296885799
144.10000000000014; 0.552816229324546
144.20000000000013; 0.5530345189487795
144.30000000000013; 0.5532523996672366
144.40000000000012; 0.5534698725825278
144.5000000000001; 0.5536869387939279
144.60000000000014; 0.5539035993973841
144.70000000000013; 0.5541198554855279
144.80000000000013; 0.5543357081476831
144.90000000000012; 0.5545511584698773
145.0000000000001; 0.5547662075348487
145.10000000000014; 0.5549808564220583
145.20000000000013; 0.555195106207698
145.30000000000013; 0.5554089579647018
145.40000000000012; 0.5556224127627529
145.50000000000014; 0.5558354716682963
145.60000000000014; 0.5560481357445445
145.70000000000013; 0.5562604060514916
145.80000000000013; 0.5564722836459192
145.90000000000012; 0.5566837695814073
146.00000000000014; 0.5568948649083433
146.10000000000014; 0.5571055706739322
146.20000000000013; 0.5573158879222051
146.30000000000013; 0.5575258176940298
146.40000000000012; 0.5577353610271193
146.50000000000014; 0.5579445189560401
146.60000000000014; 0.5581532925122248
146.70000000000013; 0.5583616827239782
146.80000000000013; 0.5585696906164883
146.90000000000012; 0.558777317211835
147.00000000000014; 0.5589845635289998
147.10000000000014; 0.5591914305838739
147.20000000000013; 0.55939791938927
147.30000000000013; 0.5596040309549286
147.40000000000012; 0.5598097662875295
147.50000000000014; 0.5600151263906991
147.60000000000014; 0.5602201122650207
147.70000000000013; 0.5604247249080444
147.80000000000013; 0.5606289653142933
147.90000000000012; 0.5608328344752771
148.00000000000014; 0.5610363333794967
148.10000000000014; 0.5612394630124555
148.20000000000013; 0.5614422243566698
148.30000000000013; 0.561644618391674
148.40000000000012; 0.561846646094034
148.50000000000014; 0.562048308437352
148.60000000000014; 0.5622496063922787
148.70000000000013; 0.5624505409265216
148.80000000000013; 0.5626511130048526
148.90000000000012; 0.562851323589117
149.00000000000014; 0.5630511736382454
149.10000000000014; 0.5632506641082583
149.20000000000013; 0.5634497959522773
149.30000000000013; 0.5636485701205353
149.40000000000012; 0.563846987560381
149.50000000000014; 0.564045049216292
149.60000000000014; 0.564242756029882
149.70000000000013; 0.5644401089399084
149.80000000000013; 0.5646371088822835
149.90000000000012; 0.5648337567900803
150.00000000000014; 0.5650300535935437
150.10000000000014; 0.5652259994036093
150.20000000000013; 0.5654215959187369
150.30000000000013; 0.5656168440582657
150.40000000000012; 0.5658117447272485
150.50000000000014; 0.5660062988280128
150.60000000000014; 0.5662005072601743
150.70000000000013; 0.5663943709206418
150.80000000000013; 0.5665878907036258
150.90000000000012; 0.5667810675006489
151.00000000000014; 0.5669739022005512
151.10000000000014; 0.5671663956895006
151.20000000000013; 0.5673585488509987
151.30000000000013; 0.5675503625658925
151.40000000000015; 0.5677418377123784
151.50000000000014; 0.5679329751660144
151.60000000000014; 0.5681237757997246
151.70000000000013; 0.5683142404838086
151.80000000000013; 0.5685043700859511
151.90000000000015; 0.5686941654712288
152.00000000000014; 0.5688836275021164
152.10000000000014; 0.5690727570384975
152.20000000000013; 0.5692615549376727
152.30000000000013; 0.569450022054365
152.40000000000015; 0.5696381592407287
152.50000000000014; 0.569825967346359
152.60000000000014; 0.5700134472182982
152.70000000000013; 0.5702005997010445
152.80000000000013; 0.5703874256365581
152.90000000000015; 0.570573925864272
153.00000000000014; 0.5707601012210973
153.10000000000014; 0.5709459525414314
153.20000000000013; 0.5711314806571676
153.30000000000013; 0.5713166863977003
153.40000000000015; 0.5715015705899343
153.50000000000014; 0.5716861340582928
153.60000000000014; 0.5718703776247235
153.70000000000013; 0.5720543021087089
153.80000000000013; 0.5722379083272694
153.90000000000015; 0.5724211970949777
154.00000000000014; 0.5726041692239591
154.10000000000014; 0.5727868255239051
154.20000000000013; 0.572969166802077
154.30000000000013; 0.5731511938633157
154.40000000000015; 0.573332907510048
154.50000000000014; 0.5735143085422955
154.60000000000014; 0.57369539775768
154.70000000000013; 0.5738761759514325
154.80000000000013; 0.5740566439164017
154.90000000000015; 0.5742368024430583
155.00000000000014; 0.5744166523195058
155.10000000000014; 0.5745961943314845
155.20000000000013; 0.5747754292623827
155.30000000000013; 0.5749543578932408
155.40000000000015; 0.5751329810027604
155.50000000000014; 0.5753112993673105
155.60000000000014; 0.5754893137609371
155.70000000000013; 0.5756670249553668
155.80000000000013; 0.5758444337200177
155.90000000000015; 0.5760215408220035
156.00000000000014; 0.5761983470261443
156.10000000000014; 0.5763748530949695
156.20000000000013; 0.5765510597887293
156.30000000000013; 0.5767269678653983
156.40000000000015; 0.5769025780806852
156.50000000000014; 0.5770778911880379
156.60000000000014; 0.5772529079386529
156.70000000000013; 0.5774276290814799
156.80000000000013; 0.5776020553632304
156.90000000000015; 0.5777761875283847
157.00000000000014; 0.5779500263191982
157.10000000000014; 0.5781235724757091
157.20000000000013; 0.5782968267357453
157.30000000000013; 0.5784697898349304
157.40000000000015; 0.5786424625066923
157.50000000000014; 0.5788148454822688
157.60000000000014; 0.5789869394907149
157.70000000000013; 0.5791587452589098
157.80000000000013; 0.579330263511564
157.90000000000015; 0.5795014949712253
158.00000000000014; 0.5796724403582872
158.10000000000014; 0.5798431003909938
158.20000000000013; 0.5800134757854473
158.30000000000015; 0.5801835672556156
158.40000000000015; 0.5803533755133387
158.50000000000014; 0.580522901268334
158.60000000000014; 0.5806921452282051
158.70000000000013; 0.5808611080984472
158.80000000000015; 0.581029790582454
158.90000000000015; 0.5811981933815255
159.00000000000014; 0.5813663171948715
159.10000000000014; 0.5815341627196224
159.20000000000013; 0.5817017306508325
159.30000000000015; 0.5818690216814892
159.40000000000015; 0.5820360365025159
159.50000000000014; 0.5822027758027828
159.60000000000014; 0.5823692402691111
159.70000000000013; 0.5825354305862781
159.80000000000015; 0.5827013474370276
159.90000000000015; 0.5828669915020737
160.00000000000014; 0.5830323634601066
