energy (keV); transmission
1.0; 0.0
1.1; 0.0
1.2000000000000002; 0.0
1.3000000000000003; 0.0
1.4000000000000004; 0.0
1.5000000000000004; 0.0
1.6000000000000005; 0.0
1.7000000000000006; 0.0
1.8000000000000007; 0.0
1.9000000000000008; 0.0
2.000000000000001; 0.0
2.100000000000001; 0.0
2.200000000000001; 0.0
2.300000000000001; 0.0
2.4000000000000012; 0.0
2.5000000000000013; 0.0
2.6000000000000014; 0.0
2.7000000000000015; 0.0
2.8000000000000016; 0.0
2.9000000000000017; 0.0
3.0000000000000018; 0.0
3.100000000000002; 0.0
3.200000000000002; 0.0
3.300000000000002; 0.0
3.400000000000002; 0.0
3.500000000000002; 0.0
3.6000000000000023; 0.0
3.7000000000000024; 0.0
3.8000000000000025; 0.0
3.9000000000000026; 1.1887080626102624e-303
4.000000000000003; 1.7796717451501104e-283
4.100000000000003; 6.705753613939608e-265
4.200000000000003; 5.99418998725895e-248
4.3000000000000025; 1.9030447852104442e-232
4.400000000000003; 3.051821052913866e-218
4.5000000000000036; 3.364830537468587e-205
4.600000000000003; 3.3437339264987938e-193
4.700000000000003; 3.80090942833228e-182
4.800000000000003; 6.100029458606541e-172
4.900000000000004; 1.665228330909566e-162
5.0000000000000036; 0.0
5.100000000000003; 0.0
5.200000000000004; 0.0
5.300000000000004; 0.0
5.400000000000004; 0.0
5.5000000000000036; 0.0
5.600000000000004; 0.0
5.700000000000005; 0.0
5.800000000000004; 0.0
5.900000000000004; 0.0
6.000000000000004; 0.0
6.100000000000005; 0.0
6.200000000000005; 0.0
6.300000000000004; 0.0
6.400000000000005; 0.0
6.500000000000005; 0.0
6.600000000000005; 0.0
6.700000000000005; 0.0
6.800000000000005; 0.0
6.900000000000006; 0.0
7.000000000000005; 0.0
7.100000000000005; 0.0
7.2000000000000055; 0.0
7.300000000000006; 0.0
7.400000000000006; 0.0
7.500000000000005; 0.0
7.600000000000006; 0.0
7.700000000000006; 0.0
7.800000000000006; 0.0
7.900000000000006; 0.0
8.000000000000007; 0.0
8.100000000000007; 9.876e-321
8.200000000000006; 1.16526380400693e-310
8.300000000000006; 5.9706923740276525e-301
8.400000000000006; 1.3604609633135407e-291
8.500000000000007; 1.4118748571814348e-282
8.600000000000007; 6.836905185107289e-274
8.700000000000006; 1.5827968994364655e-265
8.800000000000008; 1.7948370041971256e-257
8.900000000000007; 1.0212249683666822e-249
9.000000000000007; 2.9858168297340162e-242
9.100000000000007; 4.5924923283057674e-235
9.200000000000006; 3.80272098295103e-228
9.300000000000008; 1.7338540836863216e-221
9.400000000000007; 4.4502884537923507e-215
9.500000000000007; 6.569997998945484e-209
9.600000000000009; 5.696842234443211e-203
9.700000000000008; 2.960896243126337e-197
9.800000000000008; 9.407888500403829e-192
9.900000000000007; 1.862641338051487e-186
10.000000000000007; 2.340718504706307e-181
10.100000000000009; 1.9011901056413424e-176
10.200000000000008; 1.0186011337922008e-171
10.300000000000008; 3.6707882377891554e-167
10.40000000000001; 9.063217011020166e-163
10.500000000000009; 1.5599616097622291e-158
10.600000000000009; 1.9027147689382797e-154
10.700000000000008; 1.6702758708888357e-150
10.800000000000008; 1.0708193194397396e-146
10.90000000000001; 5.083610303158363e-143
11.000000000000009; 1.810709134348655e-139
11.100000000000009; 4.899320705583159e-136
11.20000000000001; 1.0189220787618432e-132
11.30000000000001; 1.6470452107321237e-129
11.40000000000001; 2.091325313724812e-126
11.500000000000009; 2.1069146732420483e-123
11.600000000000009; 1.7002745797468946e-120
11.70000000000001; 1.1090936907461982e-117
11.80000000000001; 5.898339677981677e-115
11.90000000000001; 2.5784303146061964e-112
12.00000000000001; 9.337353438201218e-110
12.10000000000001; 2.8219583348808665e-107
12.20000000000001; 7.167993250220784e-105
12.30000000000001; 1.540569831917387e-102
12.40000000000001; 2.8195613358058876e-100
12.50000000000001; 4.421280915182408e-98
12.60000000000001; 5.974598565940848e-96
12.70000000000001; 6.996411017161048e-94
12.800000000000011; 7.137568035837427e-92
12.900000000000011; 6.375765094960932e-90
13.00000000000001; 5.0109726129785186e-88
13.10000000000001; 3.481184101266661e-86
13.20000000000001; 2.147170839235418e-84
13.300000000000011; 1.180800853167239e-82
13.400000000000011; 5.813178388278426e-81
13.50000000000001; 2.5719278349685237e-79
13.600000000000012; 1.026412095151851e-77
13.700000000000012; 3.708039988802527e-76
13.800000000000011; 1.2167574123944721e-74
13.900000000000011; 3.638450410993331e-73
14.00000000000001; 9.94579169742886e-72
14.100000000000012; 2.4927271687993716e-70
14.200000000000012; 5.744759153428404e-69
14.300000000000011; 1.220757706227399e-67
14.400000000000013; 2.3982731080563684e-66
14.500000000000012; 4.36701397340961e-65
14.600000000000012; 7.388376679880916e-64
14.700000000000012; 1.1641586762129977e-62
14.800000000000011; 1.7122005071073418e-61
14.900000000000013; 2.3556954571175433e-60
15.000000000000012; 3.03817267845611e-59
15.100000000000012; 3.680535305427205e-58
15.200000000000014; 4.195918409519329e-57
15.300000000000013; 4.509706466921118e-56
15.400000000000013; 4.577566532596929e-55
15.500000000000012; 4.3956140522341605e-54
15.600000000000012; 3.9995464695447197e-53
15.700000000000014; 3.453755097439978e-52
15.800000000000013; 2.8347951355880587e-51
15.900000000000013; 2.2148193433649825e-50
16.000000000000014; 1.649517196615504e-49
16.100000000000016; 1.1726592979843442e-48
16.200000000000014; 7.96815581100926e-48
16.30000000000001; 5.181672580491029e-47
16.400000000000013; 3.2288285640707263e-46
16.500000000000014; 1.9301974575592098e-45
16.600000000000016; 1.1082607340293414e-44
16.700000000000014; 6.118582743987913e-44
16.800000000000015; 3.2516049369918173e-43
16.900000000000013; 1.6650866790154136e-42
17.000000000000014; 8.22446096147743e-42
17.100000000000016; 3.9222457604588327e-41
17.200000000000014; 1.8077173676189652e-40
17.300000000000015; 8.059221828750642e-40
17.400000000000013; 3.478631110867282e-39
17.500000000000014; 1.454956417303799e-38
17.600000000000016; 5.901736905349189e-38
17.700000000000014; 2.323531447073135e-37
17.800000000000015; 8.885784971730541e-37
17.900000000000016; 3.303320762567802e-36
18.000000000000014; 1.1946272606462044e-35
18.100000000000016; 4.205813976585232e-35
18.200000000000017; 1.442458954956564e-34
18.300000000000015; 4.82262314569995e-34
18.400000000000016; 1.5727929332679384e-33
18.500000000000014; 5.006584531364204e-33
18.600000000000016; 1.5565338469876952e-32
18.700000000000017; 4.729115485861254e-32
18.800000000000015; 1.404931963713313e-31
18.900000000000016; 4.083447745072239e-31
19.000000000000014; 1.1617969596067423e-30
19.100000000000016; 3.237377160296952e-30
19.200000000000017; 8.839706494619199e-30
19.300000000000015; 2.3663506671644298e-29
19.400000000000016; 6.213353797412357e-29
19.500000000000018; 1.600964841104024e-28
19.600000000000016; 4.049891920301624e-28
19.700000000000017; 1.0062423274872738e-27
19.80000000000002; 2.456661894475614e-27
19.900000000000016; 5.895935859752712e-27
20.000000000000018; 1.391555315273242e-26
20.100000000000016; 3.230887717971457e-26
20.200000000000017; 7.382839305981439e-26
20.30000000000002; 1.6609938737463176e-25
20.400000000000016; 3.6805609161551317e-25
20.500000000000018; 8.035542782765745e-25
20.600000000000016; 1.729104439882516e-24
20.700000000000017; 3.6684065050400315e-24
20.80000000000002; 7.675829273280698e-24
20.900000000000016; 1.5845366689642726e-23
21.000000000000018; 3.22806421776132e-23
21.10000000000002; 6.491947903381995e-23
21.200000000000017; 1.289221233235291e-22
21.30000000000002; 2.5288472296848143e-22
21.40000000000002; 4.900950385337745e-22
21.500000000000018; 9.386792678700671e-22
21.60000000000002; 1.7772433060951647e-21
21.700000000000017; 3.327206932763063e-21
21.80000000000002; 6.160608435693616e-21
21.90000000000002; 1.1284518831837905e-20
22.000000000000018; 2.0453148223484092e-20
22.10000000000002; 3.6690560243875644e-20
22.200000000000017; 6.515719466635616e-20
22.30000000000002; 1.1457201945784606e-19
22.40000000000002; 1.9952383768704103e-19
22.500000000000018; 3.44191835622335e-19
22.60000000000002; 5.882787125511764e-19
22.70000000000002; 9.9638578274478e-19
22.80000000000002; 1.672694418207529e-18
22.90000000000002; 2.7837560975643196e-18
23.00000000000002; 4.593566515634826e-18
23.10000000000002; 7.517092469151495e-18
23.20000000000002; 1.2201289253351774e-17
23.30000000000002; 1.9646741865600886e-17
23.40000000000002; 3.1388862634557815e-17
23.50000000000002; 4.976572486278965e-17
23.60000000000002; 7.83109684358376e-17
23.70000000000002; 1.2232592329167384e-16
23.80000000000002; 1.8970666750576368e-16
23.90000000000002; 2.921311391070038e-16
24.00000000000002; 4.467512113886204e-16
24.10000000000002; 6.785881132632455e-16
24.20000000000002; 1.0239009390838179e-15
24.300000000000022; 1.5348925902344997e-15
24.40000000000002; 2.2862420592500014e-15
24.50000000000002; 3.384114936866212e-15
24.600000000000023; 4.978515873397187e-15
24.70000000000002; 7.280120398229792e-15
24.800000000000022; 1.0583074866195443e-14
24.90000000000002; 1.5295701695646857e-14
25.00000000000002; 2.1981615900877217e-14
25.100000000000023; 3.141447636010208e-14
25.20000000000002; 4.465049495569448e-14
25.300000000000022; 6.312394864996739e-14
25.40000000000002; 8.877233090231205e-14
25.50000000000002; 1.241994949441001e-13
25.600000000000023; 1.728872468465267e-13
25.70000000000002; 2.394684158366451e-13
25.800000000000022; 3.3007754909694585e-13
25.900000000000023; 4.527991469734047e-13
26.00000000000002; 6.182378843995635e-13
26.100000000000023; 8.402406824498376e-13
26.200000000000024; 1.1368069431301765e-12
26.300000000000022; 1.5312309004964746e-12
26.400000000000023; 2.0535290494168917e-12
26.50000000000002; 2.7422161857611188e-12
26.600000000000023; 3.646505943606378e-12
26.700000000000024; 4.829026080917457e-12
26.800000000000022; 6.369155399434951e-12
26.900000000000023; 8.367108361220801e-12
27.00000000000002; 1.094891547659342e-11
27.100000000000023; 1.4272472697614392e-11
27.200000000000024; 1.853486168660928e-11
27.300000000000022; 2.3981175284776562e-11
27.400000000000023; 3.0915119139899747e-11
27.500000000000025; 3.971170163338251e-11
27.600000000000023; 5.083237035292504e-11
27.700000000000024; 6.484300476977449e-11
27.800000000000026; 8.243523188164222e-11
27.900000000000023; 1.0445159475347005e-10
28.000000000000025; 1.3191517349821039e-10
28.100000000000023; 1.660643346471055e-10
28.200000000000024; 2.0839336839981762e-10
28.300000000000026; 2.606998642326842e-10
28.400000000000023; 3.2513977405860984e-10
28.500000000000025; 4.042912188169831e-10
28.600000000000023; 5.012282092257733e-10
28.700000000000024; 6.196055745944756e-10
28.800000000000026; 7.637565251671137e-10
28.900000000000023; 9.388044134616302e-10
29.000000000000025; 1.1507904084453834e-09
29.100000000000026; 1.4068189530177244e-09
29.200000000000024; 1.715223039945727e-09
29.300000000000026; 2.0857515138321455e-09
29.400000000000027; 2.5297807864800404e-09
29.500000000000025; 3.0605535397075513e-09
29.600000000000026; 3.6934471826250582e-09
29.700000000000024; 4.446275028994376e-09
29.800000000000026; 5.3396233636937005e-09
29.900000000000027; 6.397227774686533e-09
30.000000000000025; 7.646392337200513e-09
30.100000000000026; 9.119066677009817e-09
30.200000000000024; 1.0850753268842733e-08
30.300000000000026; 1.2882505875609938e-08
30.400000000000027; 1.5261147156184422e-08
30.500000000000025; 1.8039956903721627e-08
30.600000000000026; 2.12794366271831e-08
30.700000000000028; 2.5048148036947827e-08
30.800000000000026; 2.9423630652197043e-08
30.900000000000027; 3.449340392263247e-08
31.00000000000003; 4.03560594201398e-08
31.100000000000026; 4.712244880534766e-08
31.200000000000028; 5.491697340822618e-08
31.300000000000026; 6.387898137873453e-08
31.400000000000027; 7.416427846178844e-08
31.50000000000003; 8.594675852847191e-08
31.600000000000026; 9.942016005096675e-08
31.700000000000028; 1.147999547406042e-07
31.800000000000026; 1.3232537457518733e-07
31.900000000000027; 1.5226158342164666e-07
32.00000000000003; 1.7490199941272706e-07
32.10000000000002; 2.0057077415943064e-07
32.20000000000003; 2.2962543477407864e-07
32.300000000000026; 2.6245969454136526e-07
32.40000000000003; 2.995064379049934e-07
32.50000000000003; 3.412408852360555e-07
32.60000000000003; 3.8818394261435827e-07
32.70000000000003; 4.4090574158708897e-07
32.800000000000026; 5.000293735684744e-07
32.90000000000003; 5.662348232106712e-07
33.00000000000003; 6.402631047107484e-07
33.10000000000003; 7.229206046202771e-07
33.20000000000003; 8.150836342953316e-07
33.300000000000026; 9.177031946642905e-07
33.40000000000003; 1.0318099555030607e-06
33.50000000000003; 1.158519450888109e-06
33.60000000000003; 1.2990374919568477e-06
33.70000000000003; 1.4546657975317558e-06
33.800000000000026; 1.6268078425770085e-06
33.90000000000003; 1.8169749238382008e-06
34.00000000000003; 2.026792441386924e-06
34.10000000000003; 2.2580063941363163e-06
34.20000000000003; 2.5124900867345863e-06
34.30000000000003; 2.792251044561182e-06
34.40000000000003; 3.0994381328638527e-06
34.50000000000003; 3.4363488753816468e-06
34.60000000000003; 3.805436967095496e-06
34.70000000000003; 4.209319975051562e-06
34.80000000000003; 4.650787220493111e-06
34.90000000000003; 5.132807834851184e-06
35.00000000000003; 5.65853898143814e-06
35.10000000000003; 6.231334234017966e-06
35.20000000000003; 6.854752102752597e-06
35.30000000000003; 7.532564697359379e-06
35.400000000000034; 8.268766516692725e-06
35.50000000000003; 9.067583353319805e-06
35.60000000000003; 9.933481301087452e-06
35.70000000000003; 1.087117585308111e-05
35.80000000000003; 1.1885641076845132e-05
35.900000000000034; 1.2982118853213689e-05
36.00000000000003; 1.4166128164602737e-05
36.10000000000003; 1.5443474418182403e-05
36.20000000000003; 1.682025878890323e-05
36.30000000000003; 1.830288756698963e-05
36.400000000000034; 1.989808149415411e-05
36.50000000000003; 2.16128850724895e-05
36.60000000000003; 2.345467582971975e-05
36.70000000000003; 2.543117352428164e-05
36.80000000000003; 2.755044927351257e-05
36.900000000000034; 2.982093458807584e-05
37.00000000000003; 3.2251430295698175e-05
37.10000000000003; 3.485111533717297e-05
37.20000000000003; 3.76295554176482e-05
37.30000000000003; 4.05967114961953e-05
37.400000000000034; 4.3762948096771595e-05
37.500000000000036; 4.713904142376801e-05
37.60000000000003; 5.073618726557943e-05
37.70000000000003; 5.456600866972099e-05
37.80000000000003; 5.864056337338696e-05
37.900000000000034; 6.297235097353316e-05
38.000000000000036; 6.757431982096934e-05
38.10000000000003; 7.245987362327002e-05
38.20000000000003; 7.764287774171285e-05
38.30000000000003; 8.313766516793947e-05
38.400000000000034; 8.89590421664112e-05
38.500000000000036; 9.512229356937912e-05
38.60000000000004; 0.00010164318771144283
38.70000000000003; 0.00010853798099154495
38.80000000000003; 0.00011582342205060138
38.900000000000034; 0.00012351675555382139
39.000000000000036; 0.0001316357255672295
39.10000000000004; 0.0001401985785186674
39.20000000000003; 0.0001492240657341575
39.30000000000003; 0.00015873144554131254
39.400000000000034; 0.0001687404849320452
39.500000000000036; 0.0001792714607776848
39.60000000000004; 0.00019034516059030743
39.70000000000003; 0.00020198288282471865
39.80000000000003; 0.00021420643671655305
39.900000000000034; 0.00022703814165235932
40.000000000000036; 0.00024050072366499868
40.10000000000004; 0.0002546099846891941
40.20000000000003; 0.0002693966579521017
40.30000000000003; 0.00028488506059831876
40.400000000000034; 0.00030110001096130695
40.500000000000036; 0.00031806682529612667
40.60000000000004; 0.0003358113140466304
40.70000000000004; 0.00035435977764884777
40.80000000000003; 0.00037373900187341635
40.900000000000034; 0.0003939762527099871
41.000000000000036; 0.0004150992707979148
41.10000000000004; 0.0004371362654076032
41.20000000000004; 0.0004601159079776992
41.30000000000003; 0.00048406732521422586
41.400000000000034; 0.0005090200917579443
41.500000000000036; 0.0005350042224269148
41.60000000000004; 0.0005620501640422582
41.70000000000004; 0.0005901887868447052
41.80000000000004; 0.0006194513755110805
41.900000000000034; 0.0006498696197798106
42.000000000000036; 0.0006814756046947906
42.10000000000004; 0.0007143018004781953
42.20000000000004; 0.0007483810520425134
42.30000000000004; 0.0007837465681525272
42.400000000000034; 0.0008204319102493258
42.500000000000036; 0.0008584709809468839
42.60000000000004; 0.0008978980122143957
42.70000000000004; 0.0009387475532559288
42.80000000000004; 0.000981054458100051
42.900000000000034; 0.0010248538729127892
43.000000000000036; 0.00107018122304631
43.10000000000004; 0.0011170721998372153
43.20000000000004; 0.001165562747167489
43.30000000000004; 0.0012156890478019892
43.400000000000034; 0.001267487509516185
43.500000000000036; 0.0013209947510277277
43.60000000000004; 0.001376247587746434
43.70000000000004; 0.0014332830173560901
43.80000000000004; 0.0014921382052423087
43.90000000000004; 0.0015528504697805382
44.000000000000036; 0.0016154572674987023
44.10000000000004; 0.0016799961781276064
44.20000000000004; 0.001746504889553759
44.30000000000004; 0.0018150211826887348
44.40000000000004; 0.0018855829162682507
44.500000000000036; 0.001958228011595023
44.60000000000004; 0.0020329944372393756
44.70000000000004; 0.0021099201937105606
44.80000000000004; 0.002189043298112252
44.90000000000004; 0.002270401768795688
45.00000000000004; 0.002354033610023044
45.10000000000004; 0.002439976796654163
45.20000000000004; 0.002528269258868822
45.30000000000004; 0.0026189488669373963
45.40000000000004; 0.0027120534160514883
45.50000000000004; 0.0028076206112265965
45.60000000000004; 0.002905688052288917
45.70000000000004; 0.0030062932189567964
45.80000000000004; 0.0031094734560279153
45.90000000000004; 0.003215265958684454
46.00000000000004; 0.003323707757924047
46.10000000000004; 0.0034348357061297382
46.20000000000004; 0.003548686462786274
46.30000000000004; 0.003665296480353941
46.40000000000004; 0.003784701990308048
46.50000000000004; 0.003906938989353853
46.60000000000004; 0.004032043225825246
46.70000000000004; 0.0041600501862752515
46.80000000000004; 0.004290995082266276
46.90000000000004; 0.004424912837367983
47.00000000000004; 0.004561838074369893
47.100000000000044; 0.004701805102715947
47.20000000000004; 0.00484484790616645
47.30000000000004; 0.004991000130696011
47.40000000000004; 0.005140295072630344
47.50000000000004; 0.005292765667030051
47.600000000000044; 0.005448444476325878
47.70000000000004; 0.005607363679209159
47.80000000000004; 0.005769555059784303
47.90000000000004; 0.005935049996985706
48.00000000000004; 0.0061038794542638665
48.100000000000044; 0.006276073969543613
48.200000000000045; 0.006451663645459643
48.30000000000004; 0.006630678139870114
48.40000000000004; 0.006813146656652032
48.50000000000004; 0.006999097936780705
48.600000000000044; 0.007188560249696038
48.700000000000045; 0.007381561384956284
48.80000000000004; 0.007578128644181833
48.90000000000004; 0.007778288833289209
49.00000000000004; 0.007982068255017188
49.100000000000044; 0.008189492701746315
49.200000000000045; 0.008400587448609512
49.30000000000004; 0.008615377246897869
49.40000000000004; 0.008833886317758685
49.50000000000004; 0.009056138346185226
49.600000000000044; 0.009282156475301874
49.700000000000045; 0.009511963300936774
49.80000000000004; 0.00974558086648868
49.90000000000004; 0.00998303065808159
50.00000000000004; 0.01022433360000621
50.100000000000044; 0.010469600857288899
50.200000000000045; 0.010718765268830456
50.30000000000005; 0.010971844893493113
50.40000000000004; 0.011228858181144573
50.50000000000004; 0.011489822988830469
50.600000000000044; 0.011754756577810506
50.700000000000045; 0.012023675610877011
50.80000000000005; 0.012296596149953912
50.90000000000004; 0.012573533653972487
51.00000000000004; 0.012854502977020727
51.100000000000044; 0.013139518366763001
51.200000000000045; 0.013428593463127072
51.30000000000005; 0.013721741297254226
51.40000000000005; 0.014018974290710999
51.50000000000004; 0.014320304254953642
51.600000000000044; 0.01462574239104897
51.700000000000045; 0.01493529928964078
51.80000000000005; 0.015248984931161107
51.90000000000005; 0.015566808686283233
52.00000000000004; 0.015888779316607232
52.100000000000044; 0.01621490497558122
52.200000000000045; 0.01654519320964683
52.30000000000005; 0.01687965095960867
52.40000000000005; 0.01721828456222193
52.50000000000004; 0.01756109975199458
52.600000000000044; 0.01790810166319678
52.700000000000045; 0.018259294832075765
52.80000000000005; 0.01861468319927277
52.90000000000005; 0.018974270112431253
53.00000000000004; 0.019338058328998042
53.100000000000044; 0.01970605001920983
53.200000000000045; 0.02007824676925995
53.30000000000005; 0.020454649584641875
53.40000000000005; 0.02083525889366361
53.50000000000005; 0.021220074551128527
53.600000000000044; 0.02160909584217985
53.700000000000045; 0.022002321486297736
53.80000000000005; 0.02239974964145342
53.90000000000005; 0.022801377908407975
54.00000000000005; 0.023207203335154615
54.100000000000044; 0.02361722242149752
54.200000000000045; 0.02403143112376677
54.30000000000005; 0.024449824859658922
54.40000000000005; 0.024872398513202134
54.50000000000005; 0.025299146439843063
54.60000000000005; 0.02573006247164319
54.700000000000045; 0.026165139922590883
54.80000000000005; 0.02660437159401577
54.90000000000005; 0.027047749780103873
55.00000000000005; 0.027495266273512904
55.10000000000005; 0.027946912371074176
55.200000000000045; 0.028402678879588143
55.30000000000005; 0.028862556121700907
55.40000000000005; 0.02932653394185837
55.50000000000005; 0.029794601712339802
55.60000000000005; 0.0302667483393604
55.700000000000045; 0.030742962269239164
55.80000000000005; 0.03122323149463238
55.90000000000005; 0.03170754356082636
56.00000000000005; 0.032195885572081764
56.10000000000005; 0.03268824419803551
56.200000000000045; 0.03318460568014263
56.30000000000005; 0.0336849558381698
56.40000000000005; 0.03418928007672234
56.50000000000005; 0.03469756339181312
56.60000000000005; 0.03520979037746035
56.70000000000005; 0.03572594523232016
56.80000000000005; 0.036246011766340624
56.90000000000005; 0.0367699734074396
57.00000000000005; 0.03729781320820701
57.10000000000005; 0.037829513852618596
57.20000000000005; 0.038365057662763664
57.30000000000005; 0.038904426605588106
57.40000000000005; 0.0394476022996393
57.50000000000005; 0.03999456602181642
57.60000000000005; 0.040545298714129006
57.70000000000005; 0.041099780990444645
57.800000000000054; 0.041657993143240944
57.90000000000005; 0.042219915150348584
58.00000000000005; 0.042785526681682465
58.10000000000005; 0.043354807105968875
58.20000000000005; 0.043927735497450535
58.300000000000054; 0.044504290642581074
58.40000000000005; 0.04508445104670059
58.50000000000005; 0.045668194940688994
58.60000000000005; 0.04625550028759477
58.70000000000005; 0.0468463447892471
58.800000000000054; 0.04744070589282874
58.90000000000005; 0.04803856079743185
59.00000000000005; 0.04863988646057442
59.10000000000005; 0.04924465960469021
59.20000000000005; 0.04985285672358015
59.300000000000054; 0.05046445408883023
59.40000000000005; 0.05107942775618911
59.50000000000005; 0.05169775357190976
59.60000000000005; 0.052319407179047456
59.70000000000005; 0.052944364023715634
59.800000000000054; 0.05357259936129994
59.900000000000055; 0.05420408826262681
60.00000000000005; 0.054838805620080186
60.10000000000005; 0.05547661154549465
60.20000000000005; 0.056117594198615804
60.300000000000054; 0.05676172831988977
60.400000000000055; 0.05740898849083323
60.50000000000005; 0.05805934915065213
60.60000000000005; 0.058712784601936095
60.70000000000005; 0.0593692690163036
60.800000000000054; 0.06002877643998621
60.900000000000055; 0.06069128079936092
61.00000000000006; 0.06135675590642049
61.10000000000005; 0.06202517546418869
61.20000000000005; 0.06269651307207569
61.300000000000054; 0.06337074223117485
61.400000000000055; 0.0640478363494957
61.50000000000006; 0.06472776874714514
61.60000000000005; 0.06541051266143733
61.70000000000005; 0.06609604125194807
61.800000000000054; 0.06678432760550697
61.900000000000055; 0.06747534474112982
62.00000000000006; 0.06816906561487833
62.10000000000005; 0.06886546312467196
62.20000000000005; 0.06956451011502528
62.300000000000054; 0.07026617938172518
62.400000000000055; 0.07097044367644961
62.50000000000006; 0.07167727571131297
62.60000000000005; 0.07238664816335891
62.70000000000005; 0.07309853367898038
62.800000000000054; 0.07381290487827918
62.900000000000055; 0.07452973435936583
63.00000000000006; 0.07524899470258493
63.10000000000006; 0.0759706584746886
63.20000000000005; 0.07669469823293758
63.300000000000054; 0.07742108652914095
63.400000000000055; 0.07814979591363569
63.50000000000006; 0.07888079893919747
63.60000000000006; 0.07961406816488716
63.70000000000005; 0.08034957615984294
63.800000000000054; 0.08108729550699881
63.900000000000055; 0.08182719880674341
64.00000000000006; 0.08256925868052226
64.10000000000005; 0.08331344777436767
64.20000000000006; 0.0840597387623713
64.30000000000005; 0.08480810435009814
64.40000000000006; 0.08555851727793175
64.50000000000006; 0.08631095032436152
64.60000000000005; 0.08706537630921156
64.70000000000006; 0.08782176809680256
64.80000000000005; 0.08858009859905824
64.90000000000006; 0.08934034077855434
65.00000000000006; 0.09010246765149414
65.10000000000005; 0.09086645229064624
65.20000000000006; 0.09163226782820282
65.30000000000005; 0.09239988745859129
65.40000000000006; 0.09316928444122875
65.50000000000006; 0.0939404321032076
65.60000000000005; 0.09471330384193796
65.70000000000006; 0.09548787312772618
65.80000000000005; 0.09626411350629334
65.90000000000006; 0.09704199860124717
66.00000000000006; 0.09782150211649471
66.10000000000005; 0.0986025978385946
66.20000000000006; 0.09938525963906579
66.30000000000005; 0.10016946147663396
66.40000000000006; 0.10095517739942801
66.50000000000006; 0.10174238154712267
66.60000000000005; 0.10253104815303074
66.70000000000006; 0.10332115154614357
66.80000000000005; 0.10411266615311565
66.90000000000006; 0.10490556650020756
67.00000000000006; 0.10569982721516556
67.10000000000007; 0.1064954230290704
67.20000000000006; 0.10729232877811495
67.30000000000005; 0.1080905194053551
67.40000000000006; 0.10888996996239307
67.50000000000006; 0.10969065561103143
67.60000000000007; 0.11049255162486507
67.70000000000006; 0.1112956333908361
67.80000000000005; 0.11209987641074118
67.90000000000006; 0.11290525630269402
68.00000000000006; 0.1137117488025383
68.10000000000007; 0.11451932976522507
68.20000000000006; 0.11532797516614116
68.30000000000005; 0.11613766110239448
68.40000000000006; 0.11694836379406201
68.50000000000006; 0.11776005958538988
68.60000000000007; 0.11857272494595682
68.70000000000006; 0.11938633647179406
68.80000000000005; 0.12020087088646705
68.90000000000006; 0.12101630504211959
69.00000000000006; 0.12183261592047247
69.10000000000007; 0.12264978063379067
69.20000000000006; 0.1234677764258101
69.30000000000005; 0.12428658067262789
69.40000000000006; 0.12510617088355153
69.50000000000006; 0.12592652470192
69.60000000000007; 0.12674761990588357
69.70000000000006; 0.12756943440914947
69.80000000000007; 0.12839194626169337
69.90000000000006; 0.12921513365043855
70.00000000000006; 0.13003897489989943
70.10000000000007; 0.13086344847279113
70.20000000000006; 0.13168853297061314
70.30000000000007; 0.13251420713419426
70.40000000000006; 0.13334044984420568
70.50000000000006; 0.1341672401216524
70.60000000000007; 0.13499455712832253
70.70000000000006; 0.13582238016721987
70.80000000000007; 0.1366506886829493
70.90000000000006; 0.13747946226209568
71.00000000000006; 0.13830868063355492
71.10000000000007; 0.1391383236688498
71.20000000000006; 0.13996837138241316
71.30000000000007; 0.1407988039318445
71.40000000000006; 0.14162960161814173
71.50000000000006; 0.1424607448859083
71.60000000000007; 0.14329221432353142
71.70000000000006; 0.14412399066333975
71.80000000000007; 0.144956054781733
71.90000000000006; 0.1457883876992885
72.00000000000006; 0.14662097058084644
72.10000000000007; 0.14745378473557236
72.20000000000006; 0.14828681161699162
72.30000000000007; 0.14912003282301065
72.40000000000006; 0.14995343009590448
72.50000000000006; 0.15078698532230075
72.60000000000007; 0.15162068053312114
72.70000000000006; 0.1524544979035236
72.80000000000007; 0.1532884197528084
72.90000000000006; 0.15412242854431443
73.00000000000006; 0.15495650688529283
73.10000000000007; 0.15579063752676037
73.20000000000006; 0.1566248033633405
73.30000000000007; 0.15745898743307868
73.40000000000006; 0.1582931729172478
73.50000000000007; 0.15912734314013027
73.60000000000007; 0.15996148156878523
73.70000000000006; 0.160795571812805
73.80000000000007; 0.16162959762404544
73.90000000000006; 0.16246354289635115
74.00000000000007; 0.16329739166525728
74.10000000000007; 0.16413112810767924
74.20000000000006; 0.16496473654159224
74.30000000000007; 0.1657982014256883
74.40000000000006; 0.16663150735902993
74.50000000000007; 0.167464639080677
74.60000000000007; 0.16829758146931498
74.70000000000006; 0.16913031954286137
74.80000000000007; 0.16996283845805749
74.90000000000006; 0.17079512351005874
75.00000000000007; 0.17162716013200535
75.10000000000007; 0.17245893389457956
75.20000000000006; 0.1732904305055593
75.30000000000007; 0.17412163580935386
75.40000000000006; 0.17495253578653447
75.50000000000007; 0.17578311655335108
75.60000000000007; 0.17661336436123976
75.70000000000006; 0.1774432655963205
75.80000000000007; 0.17827280677888974
75.90000000000006; 0.17910197456289184
76.00000000000007; 0.17993075573540182
76.10000000000007; 0.18075913721607395
76.20000000000007; 0.1815871060566085
76.30000000000007; 0.1824146494401863
76.40000000000006; 0.18324175468091708
76.50000000000007; 0.18406840922326176
76.60000000000007; 0.18489460064145868
76.70000000000007; 0.18572031663894129
76.80000000000007; 0.1865455450477447
76.90000000000006; 0.18737027382791074
77.00000000000007; 0.1881944910668843
77.10000000000007; 0.18901818497889816
77.20000000000007; 0.1898413439043668
77.30000000000007; 0.19066395630925867
77.40000000000006; 0.19148601078446853
77.50000000000007; 0.19230749604519246
77.60000000000007; 0.19312840093028158
77.70000000000007; 0.19394871440160932
77.80000000000007; 0.1947684255434172
77.90000000000006; 0.19558752356167006
78.00000000000007; 0.19640599778339637
78.10000000000007; 0.1972238376560342
78.20000000000007; 0.19804103274676196
78.30000000000007; 0.1988575727418369
78.40000000000006; 0.19967344744592402
78.50000000000007; 0.20048864678142106
78.60000000000007; 0.20130316078778354
78.70000000000007; 0.20211697962084377
78.80000000000007; 0.2029300935521329
78.90000000000006; 0.20374249296818844
79.00000000000007; 0.20455416836987547
79.10000000000007; 0.2053651103716912
79.20000000000007; 0.20617530970107595
79.30000000000007; 0.20698475719771728
79.40000000000006; 0.20779344381285805
79.50000000000007; 0.20860136060859635
79.60000000000007; 0.20940849875718553
79.70000000000007; 0.21021484954033945
79.80000000000007; 0.21102040434852556
79.90000000000008; 0.21182515468026208
80.00000000000007; 0.21262909214142195
80.10000000000007; 0.21343240532622038
80.20000000000007; 0.21423489150420413
80.30000000000007; 0.21503653938476566
80.40000000000008; 0.21583734067531377
80.50000000000007; 0.21663728718753883
80.60000000000007; 0.21743637083673448
80.70000000000007; 0.21823458364112575
80.80000000000007; 0.2190319177211866
80.90000000000008; 0.2198283652989646
81.00000000000007; 0.2206239186974008
81.10000000000007; 0.22141857033965046
81.20000000000007; 0.22221231274840683
81.30000000000007; 0.22300513854521872
81.40000000000008; 0.2237970404498122
81.50000000000007; 0.2245880112794164
81.60000000000007; 0.22537804394807626
81.70000000000007; 0.22616713146597986
81.80000000000007; 0.22695526693877802
81.90000000000008; 0.22774244356691156
82.00000000000007; 0.22852865464492556
82.10000000000007; 0.22931389356079984
82.20000000000007; 0.23009815379527362
82.30000000000007; 0.23088142892116453
82.40000000000008; 0.2316637126027029
82.50000000000007; 0.2324449985948528
82.60000000000008; 0.23322528074264362
82.70000000000007; 0.23400455298049863
82.80000000000007; 0.23478280933156556
82.90000000000008; 0.23556004390704743
83.00000000000007; 0.23633625090553756
83.10000000000008; 0.23711142461235665
83.20000000000007; 0.23788555939888226
83.30000000000007; 0.2386586497218944
83.40000000000008; 0.23943069012290746
83.50000000000007; 0.24020167522751829
83.60000000000008; 0.2409715997447463
83.70000000000007; 0.24174045846637726
83.80000000000007; 0.2425082462663101
83.90000000000008; 0.2432749580999072
84.00000000000007; 0.24404058900334447
84.10000000000008; 0.2448051340929619
84.20000000000007; 0.24556858856461972
84.30000000000007; 0.24633094769305827
84.40000000000008; 0.24709220683124927
84.50000000000007; 0.2478523614097638
84.60000000000008; 0.24861140693613423
84.70000000000007; 0.2493693389942189
84.80000000000007; 0.2501261532435694
84.90000000000008; 0.250881845418803
85.00000000000007; 0.2516364113289735
85.10000000000008; 0.25238984685695315
85.20000000000007; 0.25314214795879786
85.30000000000007; 0.2538933106631413
85.40000000000008; 0.25464333107056847
85.50000000000007; 0.2553922053530053
85.60000000000008; 0.2561399297531098
85.70000000000007; 0.2568865005836544
85.80000000000007; 0.25763191422692816
85.90000000000008; 0.25837616713412864
86.00000000000007; 0.25911925582476386
86.10000000000008; 0.2598611768860514
86.20000000000007; 0.2606019269723251
86.30000000000008; 0.2613415028044416
86.40000000000008; 0.2620799011691932
86.50000000000007; 0.2628171189187171
86.60000000000008; 0.2635531529699148
86.70000000000007; 0.26428800030387145
86.80000000000008; 0.26502165796527816
86.90000000000008; 0.26575412306185103
87.00000000000007; 0.2664853927637696
87.10000000000008; 0.26721546430310006
87.20000000000007; 0.2679443349732336
87.30000000000008; 0.26867200212832154
87.40000000000008; 0.2693984631827139
87.50000000000007; 0.2701237156104079
87.60000000000008; 0.2708477569444908
87.70000000000007; 0.2715705847765862
87.80000000000008; 0.2722921967563141
87.90000000000008; 0.2730125905907421
88.00000000000007; 0.27373176404384236
88.10000000000008; 0.2744497149359594
88.20000000000007; 0.2751664411432687
88.30000000000008; 0.2758819405972476
88.40000000000008; 0.2765962112841508
88.50000000000007; 0.2773092512444757
88.60000000000008; 0.27802105857244946
88.70000000000007; 0.2787316314155034
88.80000000000008; 0.27944096797376144
88.90000000000008; 0.2801490664995218
89.00000000000009; 0.2808559252967553
89.10000000000008; 0.28156154272058953
89.20000000000007; 0.2822659171768163
89.30000000000008; 0.28296904712138143
89.40000000000008; 0.2836709310598939
89.50000000000009; 0.2843715675471313
89.60000000000008; 0.2850709551865474
89.70000000000007; 0.28576909262978784
89.80000000000008; 0.286465978576204
89.90000000000008; 0.28716161177237165
90.00000000000009; 0.2878559910116181
90.10000000000008; 0.28854911513353776
90.20000000000007; 0.28924098302353446
90.30000000000008; 0.28993159361233894
90.40000000000008; 0.2906209458755558
90.50000000000009; 0.2913090388331952
90.60000000000008; 0.2919958715492165
90.70000000000007; 0.2926814431310723
90.80000000000008; 0.29336575272925686
90.90000000000008; 0.294048799536854
91.00000000000009; 0.29473058278909875
91.10000000000008; 0.29541110176292423
91.20000000000007; 0.2960903557765312
91.30000000000008; 0.29676834418894715
91.40000000000008; 0.29744506639959145
91.50000000000009; 0.2981205218478488
91.60000000000008; 0.2987947100126417
91.70000000000007; 0.2994676304120037
91.80000000000008; 0.3001392826026614
91.90000000000008; 0.30080966617961336
92.00000000000009; 0.3014787807757201
92.10000000000008; 0.30214662606128695
92.20000000000007; 0.30281320174366144
92.30000000000008; 0.3034785075668218
92.40000000000008; 0.30414254331097906
92.50000000000009; 0.30480530879217543
92.60000000000008; 0.3054668038618885
92.70000000000009; 0.3061270284066364
92.80000000000008; 0.30678598234758936
92.90000000000008; 0.3074436656401816
93.00000000000009; 0.30810007827372643
93.10000000000008; 0.30875522027103686
93.20000000000009; 0.30940909168804354
93.30000000000008; 0.31006169261342104
93.40000000000008; 0.3107130231682165
93.50000000000009; 0.3113630835054784
93.60000000000008; 0.3120118738098901
93.70000000000009; 0.3126593942974049
93.80000000000008; 0.31330564521488896
93.90000000000008; 0.31395062683975633
94.00000000000009; 0.31459433947962206
94.10000000000008; 0.3152367834719425
94.20000000000009; 0.3158779591836714
94.30000000000008; 0.31651786701090706
94.40000000000008; 0.3171565073785543
94.50000000000009; 0.3177938807399826
94.60000000000008; 0.31842998757668106
94.70000000000009; 0.31906482839793415
94.80000000000008; 0.3196984037404775
94.90000000000008; 0.32033071416817627
95.00000000000009; 0.3209617602716922
95.10000000000008; 0.3215915426681649
95.20000000000009; 0.3222200620008818
95.30000000000008; 0.32284731893896895
95.40000000000009; 0.3234733141770645
95.50000000000009; 0.3240980484350113
95.60000000000008; 0.324721522457544
95.70000000000009; 0.32534373701398067
95.80000000000008; 0.32596469289791596
95.90000000000009; 0.32658439092691927
96.00000000000009; 0.32720283194223004
96.10000000000008; 0.3278200168084649
96.20000000000009; 0.32843594641332063
96.30000000000008; 0.3290506216672774
96.40000000000009; 0.3296640435033111
96.50000000000009; 0.33027621287660797
96.60000000000008; 0.33088713076427134
96.70000000000009; 0.3314967981650487
96.80000000000008; 0.3321052160990423
96.90000000000009; 0.3327123856074345
97.00000000000009; 0.33331830775221416
97.10000000000008; 0.33392298361589834
97.20000000000009; 0.3345264143012677
97.30000000000008; 0.33512860093109204
97.40000000000009; 0.3357295446478697
97.50000000000009; 0.33632924661355923
97.60000000000008; 0.336927708009319
97.70000000000009; 0.3375249300352529
97.80000000000008; 0.33812091391014687
97.90000000000009; 0.338715660871218
98.00000000000009; 0.3393091721738636
98.10000000000008; 0.33990144909140985
98.20000000000009; 0.3404924929148626
98.30000000000008; 0.34108230495266434
98.40000000000009; 0.3416708865304536
98.50000000000009; 0.34225823899081714
98.60000000000008; 0.3428443636930584
98.70000000000009; 0.3434292620129576
98.80000000000008; 0.34401293534253774
98.90000000000009; 0.3445953850898323
99.00000000000009; 0.34517661267865596
99.1000000000001; 0.3457566195483795
99.20000000000009; 0.3463354071536975
99.30000000000008; 0.34691297696441253
99.40000000000009; 0.3474893304652059
99.50000000000009; 0.3480644691554243
99.6000000000001; 0.3486383945488601
99.70000000000009; 0.34921110817353745
99.80000000000008; 0.3497826115714966
99.90000000000009; 0.35035290629858307
100.00000000000009; 0.35092199005329816
100.1000000000001; 0.3514897204541382
100.20000000000009; 0.35205624759334947
100.30000000000008; 0.35262157317425186
100.40000000000009; 0.3531856989126373
100.50000000000009; 0.35374862653656963
100.6000000000001; 0.3543103577861798
100.70000000000009; 0.35487089441347486
100.80000000000008; 0.35543023818214114
100.90000000000009; 0.3559883908673468
101.00000000000009; 0.3565453542555593
101.1000000000001; 0.35710113014434525
101.20000000000009; 0.35765572034218945
101.30000000000008; 0.35820912666830945
101.40000000000009; 0.35876135095246686
101.50000000000009; 0.35931239503478957
101.6000000000001; 0.3598622607655909
101.70000000000009; 0.36041095000518836
101.8000000000001; 0.36095846462372855
101.90000000000009; 0.3615048065010154
102.00000000000009; 0.36204997752632945
102.1000000000001; 0.3625939795982657
102.20000000000009; 0.36313681462455666
102.3000000000001; 0.3636784845219072
102.40000000000009; 0.36421899121582885
102.50000000000009; 0.36475833664047325
102.6000000000001; 0.36529652273847146
102.70000000000009; 0.3658335514607728
102.8000000000001; 0.3663694247664827
102.90000000000009; 0.36690414462270526
103.00000000000009; 0.3674377130043925
103.1000000000001; 0.36797013189417976
103.20000000000009; 0.368501403282242
103.3000000000001; 0.36903152916613663
103.40000000000009; 0.36956051155065633
103.50000000000009; 0.37008835244767857
103.6000000000001; 0.3706150538760218
103.70000000000009; 0.3711406178612969
103.8000000000001; 0.3716650464357657
103.90000000000009; 0.3721883416381964
104.00000000000009; 0.3727105055137261
104.1000000000001; 0.37323154011371923
104.20000000000009; 0.37375144749563055
104.3000000000001; 0.37427022972286844
104.40000000000009; 0.37478788886465886
104.50000000000009; 0.37530442699591765
104.6000000000001; 0.3758198461971079
104.70000000000009; 0.3763341485541222
104.8000000000001; 0.37684733615814037
104.90000000000009; 0.3773594111055143
105.00000000000009; 0.3778703754976305
105.1000000000001; 0.3783802314407936
105.20000000000009; 0.3788889810460959
105.3000000000001; 0.37939662642929994
105.40000000000009; 0.379903169710715
105.5000000000001; 0.38040861301507933
105.6000000000001; 0.38091295847143797
105.70000000000009; 0.38141620821303074
105.8000000000001; 0.38191836437717025
105.90000000000009; 0.38241942910513543
106.0000000000001; 0.38291940454204904
106.1000000000001; 0.3834182928367738
106.20000000000009; 0.38391609614179695
106.3000000000001; 0.38441281661312043
106.40000000000009; 0.3849084564101562
106.5000000000001; 0.3854030176956153
106.6000000000001; 0.385896502635403
106.70000000000009; 0.3863889133985156
106.8000000000001; 0.38688025215693683
106.90000000000009; 0.3873705210855305
107.0000000000001; 0.3878597223619473
107.1000000000001; 0.3883478581665188
107.20000000000009; 0.38883493068215985
107.3000000000001; 0.3893209420942703
107.40000000000009; 0.3898058945906426
107.5000000000001; 0.39028979036135686
107.6000000000001; 0.39077263159869907
107.70000000000009; 0.39125442049705383
107.8000000000001; 0.3917351592528246
107.90000000000009; 0.39221485006433277
108.0000000000001; 0.3926934951317345
108.1000000000001; 0.3931710966569244
108.2000000000001; 0.3936476568434548
108.3000000000001; 0.39412317789644424
108.40000000000009; 0.3945976620224912
108.5000000000001; 0.3950711114295918
108.6000000000001; 0.39554352832705314
108.7000000000001; 0.39601491492541
108.8000000000001; 0.396485273436346
108.90000000000009; 0.39695460607260963
109.0000000000001; 0.39742291504793276
109.1000000000001; 0.3978902025769552
109.2000000000001; 0.39835647087514536
109.3000000000001; 0.3988217221587197
109.40000000000009; 0.39928595864456995
109.5000000000001; 0.39974918255018643
109.6000000000001; 0.4002113960935839
109.7000000000001; 0.400672601493227
109.8000000000001; 0.4011328009679576
109.90000000000009; 0.40159199673692336
110.0000000000001; 0.4020501910195068
110.1000000000001; 0.4025073860352542
110.2000000000001; 0.4029635840038076
110.3000000000001; 0.4034187871448363
110.40000000000009; 0.4038729976779667
110.5000000000001; 0.40432621782272055
110.6000000000001; 0.4047784497984448
110.7000000000001; 0.40522969582424595
110.8000000000001; 0.40567995811893015
110.90000000000009; 0.4061292389009362
111.0000000000001; 0.4065775403882732
111.1000000000001; 0.40702486479846084
111.2000000000001; 0.4074712143484663
111.3000000000001; 0.40791659125464325
111.40000000000009; 0.4083609977326745
111.5000000000001; 0.4088044359975117
111.6000000000001; 0.4092469082633171
111.7000000000001; 0.40968841674340933
111.8000000000001; 0.4101289636502019
111.9000000000001; 0.4105685511951501
112.0000000000001; 0.4110071815886965
112.1000000000001; 0.41144485704021694
112.2000000000001; 0.4118815797579619
112.3000000000001; 0.41231735194901104
112.4000000000001; 0.4127521758192152
112.5000000000001; 0.41318605357314775
112.6000000000001; 0.41361898741405223
112.7000000000001; 0.41405097954379216
112.8000000000001; 0.4144820321628032
112.9000000000001; 0.414912147470042
113.0000000000001; 0.4153413276629395
113.1000000000001; 0.4157695749373517
113.2000000000001; 0.41619689148751693
113.3000000000001; 0.4166232795060031
113.4000000000001; 0.4170487411836669
113.5000000000001; 0.4174732787096083
113.6000000000001; 0.4178968942711226
113.7000000000001; 0.41831959005366237
113.8000000000001; 0.4187413682407883
113.9000000000001; 0.41916223101413
114.0000000000001; 0.41958218055334573
114.1000000000001; 0.42000121903607535
114.2000000000001; 0.4204193486379042
114.3000000000001; 0.420836571532321
114.4000000000001; 0.4212528898906797
114.5000000000001; 0.4216683058821589
114.60000000000011; 0.4220828216737225
114.7000000000001; 0.422496439430083
114.8000000000001; 0.4229091613136652
114.9000000000001; 0.4233209894845676
115.0000000000001; 0.42373192610052585
115.10000000000011; 0.4241419733168776
115.2000000000001; 0.42455113328652694
115.3000000000001; 0.42495940815991
115.4000000000001; 0.4253668000849608
115.5000000000001; 0.4257733112070763
115.60000000000011; 0.4261789436690844
115.7000000000001; 0.42658369961121123
115.8000000000001; 0.4269875811710466
115.9000000000001; 0.42739059048351746
116.0000000000001; 0.4277927296808487
116.10000000000011; 0.42819400089254034
116.2000000000001; 0.42859440624533296
116.3000000000001; 0.42899394786317696
116.4000000000001; 0.4293926278672057
116.5000000000001; 0.4297904483757072
116.60000000000011; 0.4301874115040925
116.7000000000001; 0.430583519364868
116.8000000000001; 0.43097877406761237
116.9000000000001; 0.43137317771894335
117.0000000000001; 0.4317667324224964
117.10000000000011; 0.43215944027889225
117.2000000000001; 0.432551303385718
117.3000000000001; 0.4329423238374981
117.4000000000001; 0.4333325037256678
117.5000000000001; 0.4337218451385521
117.60000000000011; 0.4341103501613384
117.7000000000001; 0.43449802087605705
117.8000000000001; 0.43488485936155163
117.9000000000001; 0.43527086769346174
118.0000000000001; 0.43565604794419827
118.10000000000011; 0.4360404021829199
118.2000000000001; 0.4364239324755139
118.30000000000011; 0.43680664088457316
118.4000000000001; 0.4371885294693735
118.5000000000001; 0.43756960028585773
118.60000000000011; 0.4379498553866115
118.7000000000001; 0.4383292968208436
118.80000000000011; 0.43870792663436703
118.9000000000001; 0.4390857468695812
119.0000000000001; 0.4394627595654513
119.10000000000011; 0.43983896675748924
119.2000000000001; 0.4402143704777386
119.30000000000011; 0.44058897275475195
119.4000000000001; 0.4409627756135785
119.5000000000001; 0.4413357810757427
119.60000000000011; 0.4417079911592316
119.7000000000001; 0.44207940787847444
119.80000000000011; 0.4424500332443275
119.9000000000001; 0.44281986926405964
120.0000000000001; 0.44318891794133664
120.10000000000011; 0.44355718127620464
120.2000000000001; 0.4439246612650744
120.30000000000011; 0.4442913599007116
120.4000000000001; 0.4446572791722149
120.5000000000001; 0.44502242106501017
120.60000000000011; 0.4453867875608298
120.7000000000001; 0.4457503806377027
120.80000000000011; 0.446113202269943
120.9000000000001; 0.4464752544281311
121.00000000000011; 0.4468365390791096
121.10000000000011; 0.4471970581859606
121.2000000000001; 0.4475568137080055
121.30000000000011; 0.4479158076007825
121.4000000000001; 0.44827404181604213
121.50000000000011; 0.4486315183017331
121.60000000000011; 0.44898823900199314
121.7000000000001; 0.44934420585713536
121.80000000000011; 0.4496994208036421
121.9000000000001; 0.4500538857741506
122.00000000000011; 0.45040760269744495
122.10000000000011; 0.45076057349844795
122.2000000000001; 0.4511128000982087
122.30000000000011; 0.45146428441389613
122.4000000000001; 0.4518150283587877
122.50000000000011; 0.45216503384226325
122.60000000000011; 0.4525143027697946
122.7000000000001; 0.45286283704293756
122.80000000000011; 0.45321063855932464
122.9000000000001; 0.45355770921265837
123.00000000000011; 0.45390405089270086
123.10000000000011; 0.4542496654852697
123.2000000000001; 0.4545945548722263
123.30000000000011; 0.4549387209314751
123.4000000000001; 0.4552821655369543
123.50000000000011; 0.45562489055862476
123.60000000000011; 0.4559668978624726
123.7000000000001; 0.4563081893104967
123.80000000000011; 0.4566487667607055
123.9000000000001; 0.45698863206710877
124.00000000000011; 0.45732778707971605
124.10000000000011; 0.4576662336445295
124.2000000000001; 0.4580039736035376
124.30000000000011; 0.4583410087947132
124.4000000000001; 0.4586773410520065
124.50000000000011; 0.4590129722053409
124.60000000000011; 0.4593479040806102
124.70000000000012; 0.45968213849967404
124.80000000000011; 0.46001567728035286
124.9000000000001; 0.46034852223642353
125.00000000000011; 0.46068067517762074
125.10000000000011; 0.46101213790962703
125.20000000000012; 0.46134291223407425
125.30000000000011; 0.4616729999485379
125.4000000000001; 0.4620024028465374
125.50000000000011; 0.4623311227175288
125.60000000000011; 0.4626591613469069
125.70000000000012; 0.46298652051600037
125.80000000000011; 0.4633132020020703
125.9000000000001; 0.46363920757830723
126.00000000000011; 0.4639645390138301
126.10000000000011; 0.46428919807368524
126.20000000000012; 0.46461318651884465
126.30000000000011; 0.464936506106202
126.4000000000001; 0.4652591585885745
126.50000000000011; 0.4655811457147004
126.60000000000011; 0.46590246922923845
126.70000000000012; 0.4662231308727678
126.80000000000011; 0.4665431323817835
126.9000000000001; 0.4668624754887036
127.00000000000011; 0.4671811619218594
127.10000000000011; 0.4674991934055016
127.20000000000012; 0.4678165716597999
127.30000000000011; 0.46813329840083945
127.40000000000012; 0.46844937534062353
127.50000000000011; 0.4687648041870741
127.60000000000011; 0.46907958664403043
127.70000000000012; 0.46939372441125105
127.80000000000011; 0.4697072191844133
127.90000000000012; 0.47002007265511686
128.0000000000001; 0.47033228651087977
128.1000000000001; 0.47064386243514456
128.2000000000001; 0.4709548021072752
128.30000000000013; 0.4712651072025604
128.40000000000012; 0.4715747793922164
128.5000000000001; 0.4718838203433852
128.6000000000001; 0.4721922317191379
128.7000000000001; 0.47250001517847673
128.80000000000013; 0.47280717237633624
128.90000000000012; 0.4731137049635848
129.0000000000001; 0.4734196145870279
129.1000000000001; 0.4737249028894093
129.2000000000001; 0.4740295715094129
129.30000000000013; 0.47433362208166585
129.40000000000012; 0.4746370562367425
129.5000000000001; 0.4749398756011622
129.6000000000001; 0.4752420817973973
129.7000000000001; 0.47554367644387335
129.80000000000013; 0.47584466115497076
129.90000000000012; 0.4761450375410298
130.0000000000001; 0.4764448072083528
130.1000000000001; 0.4767439717592088
130.2000000000001; 0.47704253279183256
130.30000000000013; 0.4773404919004325
130.40000000000012; 0.4776378506751915
130.5000000000001; 0.47793461070227056
130.6000000000001; 0.47823077356381366
130.7000000000001; 0.4785263408379496
130.80000000000013; 0.47882131409879813
130.90000000000012; 0.47911569491646944
131.0000000000001; 0.479409484857073
131.1000000000001; 0.47970268548271916
131.2000000000001; 0.4799952983515215
131.30000000000013; 0.48028732501760546
131.40000000000012; 0.48057876703110763
131.5000000000001; 0.48086962593818255
131.6000000000001; 0.4811599032810079
131.7000000000001; 0.48144960059778513
131.80000000000013; 0.4817387194227497
131.90000000000012; 0.4820272612861701
132.0000000000001; 0.4823152277143547
132.1000000000001; 0.4826026202296576
132.2000000000001; 0.4828894403504811
132.30000000000013; 0.48317568959128265
132.40000000000012; 0.48346136946257834
132.5000000000001; 0.4837464814709481
132.6000000000001; 0.4840310271190402
132.70000000000013; 0.48431500790557863
132.80000000000013; 0.48459842532536485
132.90000000000012; 0.4848812808692854
133.0000000000001; 0.48516357602431587
133.1000000000001; 0.48544531227352733
133.20000000000013; 0.4857264910960915
133.30000000000013; 0.4860071139672847
133.40000000000012; 0.48628718235849505
133.5000000000001; 0.4865666977372268
133.6000000000001; 0.4868456615671072
133.70000000000013; 0.48712407530789126
133.80000000000013; 0.4874019404154667
133.90000000000012; 0.4876792583418616
134.0000000000001; 0.48795603053524883
134.1000000000001; 0.4882322584399516
134.20000000000013; 0.4885079434964515
134.30000000000013; 0.48878308714139
134.40000000000012; 0.48905769080758077
134.5000000000001; 0.4893317559240102
134.6000000000001; 0.4896052839158463
134.70000000000013; 0.4898782762044429
134.80000000000013; 0.4901507342073482
134.90000000000012; 0.49042265933830986
135.0000000000001; 0.4906940530072801
135.1000000000001; 0.49096491662042335
135.20000000000013; 0.49123525158012316
135.30000000000013; 0.4915050592849857
135.40000000000012; 0.4917743411298506
135.5000000000001; 0.4920430985057928
135.6000000000001; 0.49231133280013184
135.70000000000013; 0.4925790453964392
135.80000000000013; 0.49284623767454017
135.90000000000012; 0.4931129110105269
136.0000000000001; 0.4933790667767601
136.1000000000001; 0.4936447063418773
136.20000000000013; 0.4939098310707998
136.30000000000013; 0.4941744423247401
136.40000000000012; 0.49443854146120586
136.5000000000001; 0.4947021298340102
136.6000000000001; 0.49496520879327754
136.70000000000013; 0.4952277796854469
136.80000000000013; 0.49548984385328604
136.90000000000012; 0.4957514026358896
137.0000000000001; 0.4960124573686937
137.1000000000001; 0.4962730093834785
137.20000000000013; 0.4965330600083772
137.30000000000013; 0.49679261056788065
137.40000000000012; 0.4970516623828478
137.5000000000001; 0.49731021677050996
137.6000000000001; 0.49756827504448004
137.70000000000013; 0.4978258385147577
137.80000000000013; 0.49808290848773756
137.90000000000012; 0.4983394862662169
138.0000000000001; 0.4985955731494009
138.1000000000001; 0.4988511704329122
138.20000000000013; 0.4991062794087973
138.30000000000013; 0.49936090136553285
138.40000000000012; 0.4996150375880339
138.5000000000001; 0.49986868935766193
138.60000000000014; 0.5001218579522302
138.70000000000013; 0.5003745446460114
138.80000000000013; 0.5006267507097486
138.90000000000012; 0.5008784774106567
139.0000000000001; 0.5011297260124348
139.10000000000014; 0.501380497775271
139.20000000000013; 0.5016307939558514
139.30000000000013; 0.5018806158073658
139.40000000000012; 0.5021299645795164
139.5000000000001; 0.5023788415185255
139.60000000000014; 0.5026272478671412
139.70000000000013; 0.5028751848646479
139.80000000000013; 0.5031226537468707
139.90000000000012; 0.5033696557461854
140.0000000000001; 0.5036161920915239
140.10000000000014; 0.5038622640083841
140.20000000000013; 0.5041078727188348
140.30000000000013; 0.5043530194415268
140.40000000000012; 0.5045977053916955
140.5000000000001; 0.5048419317811751
140.60000000000014; 0.5050856998183998
140.70000000000013; 0.5053290107084142
140.80000000000013; 0.5055718656528833
140.90000000000012; 0.505814265850095
141.0000000000001; 0.5060562124949731
141.10000000000014; 0.5062977067790804
141.20000000000013; 0.506538749890629
141.30000000000013; 0.5067793430144885
141.40000000000012; 0.5070194873321907
141.5000000000001; 0.5072591840219421
141.60000000000014; 0.5074984342586245
141.70000000000013; 0.507737239213811
141.80000000000013; 0.5079756000557669
141.90000000000012; 0.5082135179494617
142.0000000000001; 0.5084509940565746
142.10000000000014; 0.5086880295355035
142.20000000000013; 0.5089246255413714
142.30000000000013; 0.5091607832260363
142.40000000000012; 0.5093965037380955
142.5000000000001; 0.5096317882228981
142.60000000000014; 0.5098666378225473
142.70000000000013; 0.5101010536759129
142.80000000000013; 0.5103350369186371
142.90000000000012; 0.5105685886831415
143.0000000000001; 0.5108017100986357
143.10000000000014; 0.5110344022911258
143.20000000000013; 0.5112666663834214
143.30000000000013; 0.5114985034951424
143.40000000000012; 0.5117299147427289
143.5000000000001; 0.511960901239448
143.60000000000014; 0.5121914640954002
143.70000000000013; 0.5124216044175293
143.80000000000013; 0.5126513233096296
143.90000000000012; 0.5128806218723528
144.0000000000001; 0.5131095012032164
144.10000000000014; 0.5133379623966128
144.20000000000013; 0.5135660065438139
144.30000000000013; 0.5137936347329819
144.40000000000012; 0.5140208480491755
144.5000000000001; 0.5142476475743586
144.60000000000014; 0.5144740343874062
144.70000000000013; 0.5147000095641155
144.80000000000013; 0.5149255741772101
144.90000000000012; 0.515150729296351
145.0000000000001; 0.5153754759881409
145.10000000000014; 0.5155998153161351
145.20000000000013; 0.5158237483408473
145.30000000000013; 0.5160472761197594
145.40000000000012; 0.5162703997073257
145.50000000000014; 0.5164931201549849
145.60000000000014; 0.5167154385111639
145.70000000000013; 0.5169373558212894
145.80000000000013; 0.5171588731277924
145.90000000000012; 0.5173799914701176
146.00000000000014; 0.5176007118847304
146.10000000000014; 0.5178210354051254
146.20000000000013; 0.5180409630618329
146.30000000000013; 0.5182604958824284
146.40000000000012; 0.5184796348915394
146.50000000000014; 0.5186983811108512
146.60000000000014; 0.5189167355591184
146.70000000000013; 0.5191346992521698
146.80000000000013; 0.5193522732029165
146.90000000000012; 0.5195694584213606
147.00000000000014; 0.5197862559146018
147.10000000000014; 0.5200026666868449
147.20000000000013; 0.5202186917394093
147.30000000000013; 0.5204343320707344
147.40000000000012; 0.5206495886763889
147.50000000000014; 0.520864462549077
147.60000000000014; 0.5210789546786467
147.70000000000013; 0.5212930660520991
147.80000000000013; 0.5215067976535916
147.90000000000012; 0.5217201504644515
148.00000000000014; 0.5219331254631777
148.10000000000014; 0.5221457236254521
148.20000000000013; 0.5223579459241467
148.30000000000013; 0.522569793329329
148.40000000000012; 0.5227812668082729
148.50000000000014; 0.5229923673254623
148.60000000000014; 0.5232030958426022
148.70000000000013; 0.5234134533186251
148.80000000000013; 0.5236234407096975
148.90000000000012; 0.5238330589692273
149.00000000000014; 0.5240423090478743
149.10000000000014; 0.5242511918935537
149.20000000000013; 0.524459708451446
149.30000000000013; 0.5246678596640049
149.40000000000012; 0.5248756464709614
149.50000000000014; 0.5250830698093357
149.60000000000014; 0.5252901306134423
149.70000000000013; 0.5254968298148962
149.80000000000013; 0.525703168342624
149.90000000000012; 0.5259091471228672
150.00000000000014; 0.5261147670791927
150.10000000000014; 0.5263200282771745
150.20000000000013; 0.5265249324456286
150.30000000000013; 0.5267294804975446
150.40000000000012; 0.526933673331226
150.50000000000014; 0.5271375118423982
150.60000000000014; 0.5273409969242211
150.70000000000013; 0.5275441294672929
150.80000000000013; 0.5277469103596574
150.90000000000012; 0.5279493404868131
151.00000000000014; 0.5281514207317176
151.10000000000014; 0.5283531519747964
151.20000000000013; 0.528554535093948
151.30000000000013; 0.5287555709645542
151.40000000000015; 0.5289562604594832
151.50000000000014; 0.5291566044491002
151.60000000000014; 0.5293566038012716
151.70000000000013; 0.529556259381372
151.80000000000013; 0.5297555720522935
151.90000000000015; 0.529954542674452
152.00000000000014; 0.530153172105791
152.10000000000014; 0.5303514612017919
152.20000000000013; 0.5305494108154812
152.30000000000013; 0.5307470217974345
152.40000000000015; 0.5309442949957842
152.50000000000014; 0.5311412312562288
152.60000000000014; 0.531337831422037
152.70000000000013; 0.5315340963340568
152.80000000000013; 0.5317300268307187
152.90000000000015; 0.5319256237480472
153.00000000000014; 0.5321208879196639
153.10000000000014; 0.5323158201767959
153.20000000000013; 0.532510421348283
153.30000000000013; 0.5327046922605826
153.40000000000015; 0.5328986337377787
153.50000000000014; 0.5330922466015869
153.60000000000014; 0.533285531671362
153.70000000000013; 0.5334784897641054
153.80000000000013; 0.5336711216944684
153.90000000000015; 0.5338634282747649
154.00000000000014; 0.5340554103149708
154.10000000000014; 0.5342470686227379
154.20000000000013; 0.5344384040033943
154.30000000000013; 0.5346294172599553
154.40000000000015; 0.534820109193128
154.50000000000014; 0.535010480601319
154.60000000000014; 0.5352005322806394
154.70000000000013; 0.5353902650249125
154.80000000000013; 0.5355796796256818
154.90000000000015; 0.535768776872214
155.00000000000014; 0.5359575575515092
155.10000000000014; 0.5361460224483039
155.20000000000013; 0.5363341723450815
155.30000000000013; 0.5365220080220753
155.40000000000015; 0.5367095302572766
155.50000000000014; 0.5368967398264409
155.60000000000014; 0.5370836375030953
155.70000000000013; 0.5372702240585424
155.80000000000013; 0.5374565002618703
155.90000000000015; 0.537642466879955
156.00000000000014; 0.5378281246774709
156.10000000000014; 0.5380134744168937
156.20000000000013; 0.5381985168585094
156.30000000000013; 0.5383832527604184
156.40000000000015; 0.5385676828785441
156.50000000000014; 0.5387518079666368
156.60000000000014; 0.5389356287762832
156.70000000000013; 0.5391191460569089
156.80000000000013; 0.5393023605557878
156.90000000000015; 0.5394852730180468
157.00000000000014; 0.5396678841866727
157.10000000000014; 0.5398501948025177
157.20000000000013; 0.5400322056043075
157.30000000000013; 0.5402139173286441
157.40000000000015; 0.5403953307100161
157.50000000000014; 0.5405764464808018
157.60000000000014; 0.5407572653712766
157.70000000000013; 0.540937788109619
157.80000000000013; 0.5411180154219175
157.90000000000015; 0.5412979480321745
158.00000000000014; 0.5414775866623163
158.10000000000014; 0.5416569320321947
158.20000000000013; 0.5418359848595956
158.30000000000015; 0.5420147458602458
158.40000000000015; 0.5421932157478175
158.50000000000014; 0.5423713952339342
158.60000000000014; 0.5425492850281782
158.70000000000013; 0.5427268858380954
158.80000000000015; 0.5429041983692018
158.90000000000015; 0.5430812233249901
159.00000000000014; 0.5432579614069332
159.10000000000014; 0.5434344133144939
159.20000000000013; 0.5436105797451278
159.30000000000015; 0.5437864613942915
159.40000000000015; 0.5439620589554452
159.50000000000014; 0.5441373731200632
159.60000000000014; 0.5443124045776363
159.70000000000013; 0.5444871540156778
159.80000000000015; 0.5446616221197319
159.90000000000015; 0.5448358095733778
160.00000000000014; 0.5450097170582349
